################################################################################
# Neural network connection values (weights and biases).
################################################################################
# Col  Name       Description
################################################################################
# 1    connection Neural network connection value.
# 2    t          Connection type (a = weight, b = bias).
# 3    index      Index enumerating weights.
# 4    l_s        Starting point layer (end point layer for biases).
# 5    n_s        Starting point neuron in starting layer (end point neuron for biases).
# 6    l_e        End point layer.
# 7    n_e        End point neuron in end layer.
################################################################################
#                      1 2         3     4     5     6     7
#             connection t     index   l_s   n_s   l_e   n_e
############################################################
  1.3922077463057045E-01 a         1     0     1     1     1
 -6.0422067047128192E-01 a         2     0     1     1     2
  3.7930149332087137E-01 a         3     0     1     1     3
 -4.7638334556082016E-03 a         4     0     1     1     4
 -2.9801121104420231E-01 a         5     0     1     1     5
 -3.1641120325895122E-01 a         6     0     1     1     6
  6.6115106807739077E-01 a         7     0     1     1     7
 -6.7362239963394563E-02 a         8     0     1     1     8
  1.4141226539773591E-01 a         9     0     1     1     9
 -2.3666351370405764E-01 a        10     0     1     1    10
 -1.9526009863663146E-01 a        11     0     1     1    11
 -3.4132354564731474E-02 a        12     0     1     1    12
  9.2420544291402382E-02 a        13     0     1     1    13
 -9.7011093860035646E-02 a        14     0     1     1    14
 -1.8699650997571975E-02 a        15     0     1     1    15
 -8.5827462890619433E-03 a        16     0     1     1    16
  2.0443934538513114E-01 a        17     0     1     1    17
 -1.8338601954385531E-01 a        18     0     1     1    18
 -7.2364372308697564E-02 a        19     0     1     1    19
 -1.7359635192343303E-01 a        20     0     1     1    20
 -1.5081994992265568E-01 a        21     0     2     1     1
  3.0463048559750554E-02 a        22     0     2     1     2
  1.1313059652403952E-01 a        23     0     2     1     3
 -9.3333780455286078E-02 a        24     0     2     1     4
 -1.1131220883324165E-01 a        25     0     2     1     5
  1.1365007405735637E-01 a        26     0     2     1     6
  1.5642821365391149E-01 a        27     0     2     1     7
 -4.3435072491475449E-02 a        28     0     2     1     8
  2.7965444356574432E-01 a        29     0     2     1     9
 -2.9320950307054039E-01 a        30     0     2     1    10
  3.6715942118502112E-02 a        31     0     2     1    11
 -6.0198746334588276E-03 a        32     0     2     1    12
 -6.8499323800781123E-02 a        33     0     2     1    13
  2.0217380157202321E-02 a        34     0     2     1    14
  6.3727873117078018E-02 a        35     0     2     1    15
  2.5388724910661492E-02 a        36     0     2     1    16
  7.3437043666617657E-02 a        37     0     2     1    17
  1.1743138721549318E-03 a        38     0     2     1    18
 -9.1377758623729130E-04 a        39     0     2     1    19
 -5.4637906318517407E-02 a        40     0     2     1    20
 -1.2431460576848024E+00 a        41     0     3     1     1
  2.0141396107198159E-01 a        42     0     3     1     2
  5.7595798364628581E-02 a        43     0     3     1     3
 -7.8444663291036471E-02 a        44     0     3     1     4
 -2.6481862594359756E-01 a        45     0     3     1     5
  7.9507226396606928E-02 a        46     0     3     1     6
  4.0460987982041718E-01 a        47     0     3     1     7
 -6.1514769791689139E-01 a        48     0     3     1     8
  8.3513477919704604E-01 a        49     0     3     1     9
  3.6369998585278313E-01 a        50     0     3     1    10
  1.1320104261745380E-01 a        51     0     3     1    11
 -4.8622496145982180E-01 a        52     0     3     1    12
  3.3541545986667926E-01 a        53     0     3     1    13
 -1.2461580475369672E-02 a        54     0     3     1    14
 -5.3003920701501384E-01 a        55     0     3     1    15
  3.7588985182565027E-01 a        56     0     3     1    16
 -2.3125073040692595E-01 a        57     0     3     1    17
  2.8526883967643846E-01 a        58     0     3     1    18
 -1.4911939825459797E-01 a        59     0     3     1    19
  2.8118886795780611E-02 a        60     0     3     1    20
  1.0811849612152639E-01 a        61     0     4     1     1
  1.6006010240494319E+00 a        62     0     4     1     2
 -5.2246490525214229E-01 a        63     0     4     1     3
  2.0947676845606311E-01 a        64     0     4     1     4
 -1.8015686943411027E-01 a        65     0     4     1     5
  4.1540695670352679E-01 a        66     0     4     1     6
  1.6120392135453973E-01 a        67     0     4     1     7
 -1.8229449162355837E-01 a        68     0     4     1     8
 -3.4787866598635070E-01 a        69     0     4     1     9
 -1.0182897310537760E+00 a        70     0     4     1    10
  1.2133397426613765E-01 a        71     0     4     1    11
 -1.2838934953991110E+00 a        72     0     4     1    12
 -6.2927020669289208E-02 a        73     0     4     1    13
  3.5131565161772232E-01 a        74     0     4     1    14
 -3.5087047392361459E-01 a        75     0     4     1    15
 -7.4698997332017858E-01 a        76     0     4     1    16
 -1.1355564100462874E-02 a        77     0     4     1    17
  3.0582830733448652E-01 a        78     0     4     1    18
 -8.9429143096008509E-02 a        79     0     4     1    19
  3.8714173064279034E-01 a        80     0     4     1    20
  2.2840706897915669E-01 a        81     0     5     1     1
 -1.0816948033366075E-01 a        82     0     5     1     2
 -1.9519190995435728E-01 a        83     0     5     1     3
  5.9468630210186731E-02 a        84     0     5     1     4
 -1.3572587765175856E-01 a        85     0     5     1     5
 -1.7816082853439552E-02 a        86     0     5     1     6
 -4.8664714943852821E-01 a        87     0     5     1     7
 -1.2422559013179720E-01 a        88     0     5     1     8
 -3.1451352491972051E-01 a        89     0     5     1     9
  2.2833562697182389E-01 a        90     0     5     1    10
 -5.9372612173721230E-02 a        91     0     5     1    11
 -1.6250601859454963E-01 a        92     0     5     1    12
  1.7451523004407987E-01 a        93     0     5     1    13
 -1.5264530222976334E-02 a        94     0     5     1    14
  2.9215864502726718E-01 a        95     0     5     1    15
 -1.3853993252558791E-01 a        96     0     5     1    16
  2.2428853655693318E-02 a        97     0     5     1    17
  4.0054789010760171E-02 a        98     0     5     1    18
  1.3098210457086690E-01 a        99     0     5     1    19
 -1.4442353681578926E-01 a       100     0     5     1    20
  1.1823046907142492E+00 a       101     0     6     1     1
  1.4096641266147923E-02 a       102     0     6     1     2
  1.0146519686285846E-01 a       103     0     6     1     3
  4.2988488407463339E-02 a       104     0     6     1     4
 -2.9330869273646482E-01 a       105     0     6     1     5
 -2.4753854241781817E-01 a       106     0     6     1     6
 -3.0337119782450755E-01 a       107     0     6     1     7
  6.5818752571504402E-01 a       108     0     6     1     8
 -1.2018852533591484E+00 a       109     0     6     1     9
 -1.9055169877018663E-01 a       110     0     6     1    10
  1.7679629233676705E-01 a       111     0     6     1    11
 -3.8789477536390511E-02 a       112     0     6     1    12
  3.2820888315999379E-02 a       113     0     6     1    13
  2.8595372727786106E-01 a       114     0     6     1    14
  4.4214641871958499E-01 a       115     0     6     1    15
 -1.3229003604344661E-01 a       116     0     6     1    16
  2.2248436043614933E-01 a       117     0     6     1    17
 -3.6342610848271539E-01 a       118     0     6     1    18
  2.7415757835226894E-02 a       119     0     6     1    19
  3.5753715239053657E-01 a       120     0     6     1    20
 -3.8213963118016986E-01 a       121     0     7     1     1
 -6.0529051066399897E-01 a       122     0     7     1     2
 -2.3303659122924278E-01 a       123     0     7     1     3
  8.7109681437172889E-02 a       124     0     7     1     4
  2.0315197917582120E-01 a       125     0     7     1     5
 -4.1150149723505297E-01 a       126     0     7     1     6
 -3.8822555785603169E-01 a       127     0     7     1     7
 -4.3479535397729752E-02 a       128     0     7     1     8
 -5.3916455411814286E-02 a       129     0     7     1     9
  8.6955561016902749E-01 a       130     0     7     1    10
 -3.1773867817783324E-01 a       131     0     7     1    11
  1.0733524336657023E+00 a       132     0     7     1    12
 -3.6272255408081966E-01 a       133     0     7     1    13
 -3.3375877808627735E-01 a       134     0     7     1    14
  5.6897276342589453E-01 a       135     0     7     1    15
  6.6149331290994429E-01 a       136     0     7     1    16
 -1.1980124163145439E-01 a       137     0     7     1    17
 -9.1603026345286373E-02 a       138     0     7     1    18
 -1.7368554441452011E-01 a       139     0     7     1    19
 -5.0663848138958767E-01 a       140     0     7     1    20
  3.5342524161931031E-02 a       141     0     8     1     1
  1.4174863868299936E-01 a       142     0     8     1     2
 -2.9601533880400700E-02 a       143     0     8     1     3
  2.6834211768267063E-01 a       144     0     8     1     4
 -1.7085525036573382E-01 a       145     0     8     1     5
 -9.9713452660198640E-02 a       146     0     8     1     6
  2.3502351786551698E-01 a       147     0     8     1     7
  9.1911557238383151E-02 a       148     0     8     1     8
 -2.0378416694252333E-02 a       149     0     8     1     9
 -4.0231184064336900E-02 a       150     0     8     1    10
 -7.7327342142513175E-02 a       151     0     8     1    11
 -4.3090379244813432E-02 a       152     0     8     1    12
 -1.0643215131640964E-01 a       153     0     8     1    13
  1.4866385258996745E-01 a       154     0     8     1    14
 -1.2231265286908887E-02 a       155     0     8     1    15
  3.0145501399593242E-02 a       156     0     8     1    16
 -2.9019975996271714E-02 a       157     0     8     1    17
 -3.9930826193427305E-02 a       158     0     8     1    18
  1.0901727950800359E-01 a       159     0     8     1    19
  1.0176321890561174E-01 a       160     0     8     1    20
 -3.4532626388498033E-01 a       161     0     9     1     1
  3.2500962512050996E-01 a       162     0     9     1     2
  8.4785570032546317E-02 a       163     0     9     1     3
 -5.7827502555635929E-02 a       164     0     9     1     4
 -9.0851188099468197E-02 a       165     0     9     1     5
  2.6761538454504741E-01 a       166     0     9     1     6
 -2.8547281646179795E-01 a       167     0     9     1     7
 -4.9254850739722918E-02 a       168     0     9     1     8
  4.2331684112483073E-02 a       169     0     9     1     9
  4.7887630993666963E-01 a       170     0     9     1    10
  4.8694103225330514E-02 a       171     0     9     1    11
 -1.4717479704169134E-01 a       172     0     9     1    12
 -1.9430770521105920E-01 a       173     0     9     1    13
  3.6942752049529293E-01 a       174     0     9     1    14
 -3.2485728295254956E-01 a       175     0     9     1    15
 -7.5212597823629351E-02 a       176     0     9     1    16
 -3.7477330411157289E-01 a       177     0     9     1    17
  4.0157613099976996E-01 a       178     0     9     1    18
 -8.9250948681202716E-02 a       179     0     9     1    19
  1.2320019266975198E-01 a       180     0     9     1    20
  3.7672554027717065E-01 a       181     0    10     1     1
  4.6615586191396718E-01 a       182     0    10     1     2
 -2.2567370157969288E-01 a       183     0    10     1     3
 -3.1996297079123358E-03 a       184     0    10     1     4
 -1.9126197077382537E-01 a       185     0    10     1     5
  1.3560109191036165E-01 a       186     0    10     1     6
  1.0450856484676307E+00 a       187     0    10     1     7
 -4.2786766618267236E-01 a       188     0    10     1     8
  8.1854740721076388E-02 a       189     0    10     1     9
 -6.2467823029302882E-01 a       190     0    10     1    10
  1.7289013330315151E-01 a       191     0    10     1    11
 -1.0059720187790782E+00 a       192     0    10     1    12
  3.8642821061291571E-01 a       193     0    10     1    13
 -1.9406693961232380E-01 a       194     0    10     1    14
 -4.1284132397194390E-01 a       195     0    10     1    15
 -6.7880230092364613E-01 a       196     0    10     1    16
  2.4780496586796230E-01 a       197     0    10     1    17
  2.9910451981490166E-01 a       198     0    10     1    18
 -4.8107151940333999E-02 a       199     0    10     1    19
  2.9579561170251578E-01 a       200     0    10     1    20
 -3.5897809395009458E-02 a       201     0    11     1     1
  3.1258611749351857E-02 a       202     0    11     1     2
 -6.6430808342875902E-02 a       203     0    11     1     3
 -8.1340345029265501E-02 a       204     0    11     1     4
  4.6535102977444835E-02 a       205     0    11     1     5
  1.0812817142835003E-01 a       206     0    11     1     6
 -4.8191931194452337E-02 a       207     0    11     1     7
 -1.2587295658771980E-01 a       208     0    11     1     8
 -1.3647600258279541E-01 a       209     0    11     1     9
  4.7305414060135026E-02 a       210     0    11     1    10
 -5.5979404848700773E-02 a       211     0    11     1    11
  5.6639817213720266E-03 a       212     0    11     1    12
  1.6631330230529234E-02 a       213     0    11     1    13
 -4.0893180879152613E-02 a       214     0    11     1    14
  1.5943366087866798E-01 a       215     0    11     1    15
  8.8332735343143801E-03 a       216     0    11     1    16
 -1.6469443038660875E-01 a       217     0    11     1    17
 -1.0059216091415239E-01 a       218     0    11     1    18
 -6.5442412324708946E-02 a       219     0    11     1    19
 -2.7696441298218366E-01 a       220     0    11     1    20
  6.8223458390506986E-01 a       221     0    12     1     1
  5.9733380191427439E-02 a       222     0    12     1     2
  2.6653506985966280E-01 a       223     0    12     1     3
 -3.2623777393084902E-01 a       224     0    12     1     4
 -1.6788184121481789E-01 a       225     0    12     1     5
 -3.5909596663118026E-01 a       226     0    12     1     6
  1.1206401851693953E-01 a       227     0    12     1     7
  2.1384125400994836E-01 a       228     0    12     1     8
  4.5320959601104199E-01 a       229     0    12     1     9
 -7.7633664627737228E-02 a       230     0    12     1    10
  3.4462754697899245E-01 a       231     0    12     1    11
  6.4783455455627276E-02 a       232     0    12     1    12
  2.6472996359100232E-01 a       233     0    12     1    13
 -4.0541703418451487E-02 a       234     0    12     1    14
 -6.9671222719630485E-02 a       235     0    12     1    15
  2.6229954685063150E-01 a       236     0    12     1    16
  1.6778205602344684E-01 a       237     0    12     1    17
 -7.1253262251819138E-01 a       238     0    12     1    18
 -2.1898952933015803E-01 a       239     0    12     1    19
 -2.0641369892283984E-01 a       240     0    12     1    20
 -2.9506736893881796E-01 a       241     0    13     1     1
  6.0872272278893622E-02 a       242     0    13     1     2
 -1.8540867489159776E-01 a       243     0    13     1     3
  2.8207341337157910E-01 a       244     0    13     1     4
  7.8051020196527168E-02 a       245     0    13     1     5
 -2.5445637167331614E-01 a       246     0    13     1     6
 -5.6449123093435971E-01 a       247     0    13     1     7
  2.4186047833824639E-01 a       248     0    13     1     8
 -4.8377139858062224E-01 a       249     0    13     1     9
 -7.1111840232171430E-02 a       250     0    13     1    10
 -3.8176052576075731E-01 a       251     0    13     1    11
  1.9741913873060279E-01 a       252     0    13     1    12
 -4.0819967303237692E-01 a       253     0    13     1    13
  1.7336541915153139E-01 a       254     0    13     1    14
  1.2215890277055622E-01 a       255     0    13     1    15
  2.5372083993924066E-01 a       256     0    13     1    16
  1.6451181836968493E-02 a       257     0    13     1    17
 -1.8942092823773143E-01 a       258     0    13     1    18
 -1.0090526990088418E-01 a       259     0    13     1    19
 -2.8399778830009364E-02 a       260     0    13     1    20
  2.1283362190479948E-02 a       261     0    14     1     1
  3.5037300656996027E-02 a       262     0    14     1     2
  5.2923957072519442E-02 a       263     0    14     1     3
  8.8765166384445912E-02 a       264     0    14     1     4
 -1.3975132956404011E-02 a       265     0    14     1     5
 -1.1561237880528680E-01 a       266     0    14     1     6
 -3.0106486578540190E-03 a       267     0    14     1     7
  2.0851404174135574E-02 a       268     0    14     1     8
  9.5916495973884477E-02 a       269     0    14     1     9
 -1.5416742089665434E-02 a       270     0    14     1    10
  9.6242108972279153E-02 a       271     0    14     1    11
  4.4216261837256313E-02 a       272     0    14     1    12
  1.0575561985793125E-01 a       273     0    14     1    13
 -1.7128981886437916E-01 a       274     0    14     1    14
  1.2380426164439984E-01 a       275     0    14     1    15
  8.2654717500897784E-02 a       276     0    14     1    16
  1.2542782467294425E-01 a       277     0    14     1    17
 -6.0571267540806681E-03 a       278     0    14     1    18
 -1.5004011288882044E-01 a       279     0    14     1    19
 -1.4427229164375558E-02 a       280     0    14     1    20
 -2.4900883347587541E-01 a       281     0    15     1     1
  1.3420218403339576E-01 a       282     0    15     1     2
  3.8861465518155580E-01 a       283     0    15     1     3
  1.5324420790640669E-01 a       284     0    15     1     4
  8.5110648677925935E-02 a       285     0    15     1     5
  2.3694733910708993E-01 a       286     0    15     1     6
  2.2940054461322464E-02 a       287     0    15     1     7
  1.3285738742882564E-01 a       288     0    15     1     8
 -5.8427388716382589E-01 a       289     0    15     1     9
  3.0140599442346439E-01 a       290     0    15     1    10
  8.7320515128226195E-02 a       291     0    15     1    11
 -1.5471913665155743E-02 a       292     0    15     1    12
 -2.4469825362677866E-01 a       293     0    15     1    13
  7.5529229524861338E-02 a       294     0    15     1    14
 -2.7315079341900650E-01 a       295     0    15     1    15
 -7.0866851525547572E-02 a       296     0    15     1    16
 -2.8273057882914959E-01 a       297     0    15     1    17
  5.3678574035169113E-01 a       298     0    15     1    18
 -8.8420303921735874E-02 a       299     0    15     1    19
  3.0414720285392283E-01 a       300     0    15     1    20
  1.6849637396885217E-01 a       301     0    16     1     1
 -2.0941903240017182E-01 a       302     0    16     1     2
 -2.2317947758470769E-01 a       303     0    16     1     3
 -9.0425275966774521E-03 a       304     0    16     1     4
 -2.2789767589465426E-01 a       305     0    16     1     5
 -7.3432607274243653E-02 a       306     0    16     1     6
 -3.2641594728605302E-03 a       307     0    16     1     7
 -3.8061118737605792E-01 a       308     0    16     1     8
  4.6264178115039245E-01 a       309     0    16     1     9
  3.2519336681768790E-01 a       310     0    16     1    10
  1.0177771170958085E-01 a       311     0    16     1    11
 -1.4361958954276144E-01 a       312     0    16     1    12
  4.4458808216958823E-01 a       313     0    16     1    13
 -6.2198355804316874E-02 a       314     0    16     1    14
 -9.6339012562451105E-03 a       315     0    16     1    15
 -2.9516146222214829E-01 a       316     0    16     1    16
  1.5278866640936253E-01 a       317     0    16     1    17
  1.8467582393012250E-01 a       318     0    16     1    18
  1.9066164993819482E-01 a       319     0    16     1    19
 -1.5280313231032921E-01 a       320     0    16     1    20
 -3.2656589449879668E-02 a       321     0    17     1     1
  1.4210860056112484E-01 a       322     0    17     1     2
  5.4137082905142277E-02 a       323     0    17     1     3
  1.3860146592575529E-02 a       324     0    17     1     4
  8.5854133590627227E-02 a       325     0    17     1     5
  1.2643985980517006E-01 a       326     0    17     1     6
  5.6930989817798379E-02 a       327     0    17     1     7
 -3.0592472167542160E-02 a       328     0    17     1     8
 -1.0834466292720504E-01 a       329     0    17     1     9
 -3.7334562136820126E-02 a       330     0    17     1    10
 -7.3707356070560420E-02 a       331     0    17     1    11
 -2.0824533558326513E-02 a       332     0    17     1    12
 -1.2875257496364470E-01 a       333     0    17     1    13
  9.6468947888055975E-02 a       334     0    17     1    14
 -4.8078266334367639E-02 a       335     0    17     1    15
  3.2423303225312020E-02 a       336     0    17     1    16
 -6.8715035012843519E-03 a       337     0    17     1    17
  7.3465840560324888E-02 a       338     0    17     1    18
  9.3589148959544191E-02 a       339     0    17     1    19
  7.9771027225397098E-02 a       340     0    17     1    20
  2.6424223771050881E-01 a       341     0    18     1     1
  1.0675811815884600E-01 a       342     0    18     1     2
  3.2843605983328986E-02 a       343     0    18     1     3
 -5.4477320486784309E-01 a       344     0    18     1     4
 -1.0985004562818844E-01 a       345     0    18     1     5
  9.7496337832344224E-02 a       346     0    18     1     6
  2.2217761817200871E-01 a       347     0    18     1     7
  1.8277253732344972E-01 a       348     0    18     1     8
  3.3211118586746086E-01 a       349     0    18     1     9
 -2.5223688513269066E-01 a       350     0    18     1    10
  6.2584444380299240E-02 a       351     0    18     1    11
  4.1411765611981968E-02 a       352     0    18     1    12
 -2.6629361422666198E-03 a       353     0    18     1    13
  5.6084993737660127E-02 a       354     0    18     1    14
  9.7460641889269992E-02 a       355     0    18     1    15
  2.1314748906020287E-01 a       356     0    18     1    16
 -9.7326702784229099E-02 a       357     0    18     1    17
 -2.5871220284471613E-01 a       358     0    18     1    18
 -2.5246892680365174E-01 a       359     0    18     1    19
 -1.3150089279590968E-01 a       360     0    18     1    20
 -1.1994797057089202E-01 a       361     0    19     1     1
  1.6633716173811136E-01 a       362     0    19     1     2
 -4.4889485644190104E-02 a       363     0    19     1     3
  2.0549969529421172E-01 a       364     0    19     1     4
  1.8361092290948616E-01 a       365     0    19     1     5
  2.3875564547940136E-02 a       366     0    19     1     6
 -1.1518827339620137E-01 a       367     0    19     1     7
  7.6259678230344782E-02 a       368     0    19     1     8
 -2.5720007248891436E-01 a       369     0    19     1     9
 -3.3698151422140615E-01 a       370     0    19     1    10
 -1.3165173993956777E-01 a       371     0    19     1    11
 -7.0486969773124852E-02 a       372     0    19     1    12
 -3.4577729942440888E-01 a       373     0    19     1    13
  8.8751651967832454E-02 a       374     0    19     1    14
  7.2185065208071261E-03 a       375     0    19     1    15
  2.5532606770267880E-02 a       376     0    19     1    16
  1.7433202304104421E-02 a       377     0    19     1    17
 -1.7568123161626875E-01 a       378     0    19     1    18
  5.9984527969542838E-02 a       379     0    19     1    19
  1.2366827676545075E-01 a       380     0    19     1    20
  3.2245670660540752E-03 a       381     0    20     1     1
 -3.8515203893806853E-02 a       382     0    20     1     2
 -4.7303648384887473E-02 a       383     0    20     1     3
 -9.1189690783491893E-03 a       384     0    20     1     4
 -7.1467274133285880E-02 a       385     0    20     1     5
 -1.3057268622651180E-01 a       386     0    20     1     6
 -7.5844761963426405E-02 a       387     0    20     1     7
  2.3876746218756212E-02 a       388     0    20     1     8
  7.4256608969732782E-02 a       389     0    20     1     9
  1.1397794267439781E-01 a       390     0    20     1    10
  3.8230765102370869E-02 a       391     0    20     1    11
  6.2052648939069652E-04 a       392     0    20     1    12
  1.4055472569471555E-01 a       393     0    20     1    13
 -8.9298874928667532E-02 a       394     0    20     1    14
  8.2571967152685527E-02 a       395     0    20     1    15
 -3.4063892755755457E-02 a       396     0    20     1    16
  4.6764058206274581E-03 a       397     0    20     1    17
 -9.2319372174204703E-02 a       398     0    20     1    18
 -1.5662419813248316E-01 a       399     0    20     1    19
 -1.0192691177227946E-01 a       400     0    20     1    20
 -5.8785726055862152E-02 a       401     0    21     1     1
 -1.2424784659129362E-02 a       402     0    21     1     2
  1.8288175314629959E-01 a       403     0    21     1     3
  1.6436458431982970E-01 a       404     0    21     1     4
  9.3157685429305581E-02 a       405     0    21     1     5
 -7.3635029885194506E-02 a       406     0    21     1     6
  6.1840365732092999E-03 a       407     0    21     1     7
  3.0842001829724380E-02 a       408     0    21     1     8
 -2.4582334764463529E-01 a       409     0    21     1     9
  1.7980132811666993E-01 a       410     0    21     1    10
  4.0151041899785404E-02 a       411     0    21     1    11
  4.2997732597854525E-03 a       412     0    21     1    12
  6.8120177484104566E-02 a       413     0    21     1    13
 -4.9187894086855685E-02 a       414     0    21     1    14
 -1.3829389145182014E-01 a       415     0    21     1    15
  3.2248594504253859E-02 a       416     0    21     1    16
  2.4874635136018130E-02 a       417     0    21     1    17
  1.0738158892057641E-01 a       418     0    21     1    18
  1.4354118758937032E-02 a       419     0    21     1    19
  1.4219134388473889E-01 a       420     0    21     1    20
 -5.7602709073881292E-02 a       421     0    22     1     1
 -1.5173590889026864E-01 a       422     0    22     1     2
 -9.8687950144908027E-02 a       423     0    22     1     3
  2.0299180193883948E-01 a       424     0    22     1     4
  4.6284263402238783E-03 a       425     0    22     1     5
 -6.1660078861006579E-02 a       426     0    22     1     6
 -1.2256545530670794E-01 a       427     0    22     1     7
 -2.9923261500994319E-01 a       428     0    22     1     8
  3.0406192458766196E-01 a       429     0    22     1     9
  3.9730345073413481E-01 a       430     0    22     1    10
  8.5269165287666135E-02 a       431     0    22     1    11
  1.5055820954181479E-01 a       432     0    22     1    12
  2.3114976291496334E-01 a       433     0    22     1    13
 -1.6859704374048873E-01 a       434     0    22     1    14
  1.4991120980833006E-01 a       435     0    22     1    15
 -1.5526842746729269E-01 a       436     0    22     1    16
  1.6943056569507420E-01 a       437     0    22     1    17
  1.5064366786643432E-01 a       438     0    22     1    18
  1.0378001706067569E-01 a       439     0    22     1    19
 -1.0205675583297906E-01 a       440     0    22     1    20
  6.4888098695274890E-03 a       441     0    23     1     1
 -2.6492630101072865E-02 a       442     0    23     1     2
 -1.4537022887089093E-02 a       443     0    23     1     3
 -2.5986170194180914E-02 a       444     0    23     1     4
  9.9025836003489090E-02 a       445     0    23     1     5
  1.4736093038309811E-01 a       446     0    23     1     6
  1.4661640393027382E-02 a       447     0    23     1     7
 -2.3011695721968234E-02 a       448     0    23     1     8
 -2.9790451324542257E-02 a       449     0    23     1     9
 -1.1402415486907362E-01 a       450     0    23     1    10
 -3.3989335091661646E-02 a       451     0    23     1    11
 -8.2337142335333832E-03 a       452     0    23     1    12
 -1.1471707599742721E-01 a       453     0    23     1    13
  8.5760969194071529E-02 a       454     0    23     1    14
 -7.5514168578814586E-03 a       455     0    23     1    15
  1.7578413757102346E-03 a       456     0    23     1    16
 -3.0602746377480065E-02 a       457     0    23     1    17
  1.0858040308359045E-01 a       458     0    23     1    18
  1.6249439098963456E-01 a       459     0    23     1    19
  1.4100663353186030E-01 a       460     0    23     1    20
  1.2190961585745565E-01 a       461     0    24     1     1
  9.8084347501771058E-02 a       462     0    24     1     2
  5.9244003206634671E-02 a       463     0    24     1     3
 -4.7860690210009460E-01 a       464     0    24     1     4
 -2.3968016831739450E-01 a       465     0    24     1     5
  1.0416102521629955E-01 a       466     0    24     1     6
  2.2996760533555183E-01 a       467     0    24     1     7
  2.5620019675403038E-01 a       468     0    24     1     8
 -2.8236135867280313E-02 a       469     0    24     1     9
 -1.6483584751613034E-01 a       470     0    24     1    10
 -4.2412877364876797E-02 a       471     0    24     1    11
 -3.3970916937076517E-02 a       472     0    24     1    12
 -7.0283088691571682E-02 a       473     0    24     1    13
  1.0769011936364593E-01 a       474     0    24     1    14
 -1.1074630399699784E-01 a       475     0    24     1    15
  1.3189955392046485E-01 a       476     0    24     1    16
 -2.0702747563978199E-01 a       477     0    24     1    17
 -1.0484145689021211E-01 a       478     0    24     1    18
 -3.0032741437706284E-01 a       479     0    24     1    19
 -1.0159608819813745E-01 a       480     0    24     1    20
  3.3438848627022890E-03 a       481     0    25     1     1
  2.3816223358606642E-02 a       482     0    25     1     2
 -3.9842214551165690E-03 a       483     0    25     1     3
  2.1583845647202445E-02 a       484     0    25     1     4
  5.7884323927323136E-02 a       485     0    25     1     5
  9.6320026839682889E-03 a       486     0    25     1     6
  1.2132560950551336E-02 a       487     0    25     1     7
  5.4814097908745682E-02 a       488     0    25     1     8
 -9.0964278403688342E-02 a       489     0    25     1     9
 -1.9364978979358929E-01 a       490     0    25     1    10
 -1.5489085301879668E-02 a       491     0    25     1    11
 -3.5571072391476527E-02 a       492     0    25     1    12
 -9.4502141658835873E-02 a       493     0    25     1    13
  4.3284947618754406E-02 a       494     0    25     1    14
  1.0394699871952108E-02 a       495     0    25     1    15
  3.2032739800528953E-02 a       496     0    25     1    16
 -9.3867393907093259E-03 a       497     0    25     1    17
 -1.2133173907240401E-01 a       498     0    25     1    18
  6.0439493589756012E-02 a       499     0    25     1    19
  4.6572186965421605E-02 a       500     0    25     1    20
  8.2069412258267525E-05 a       501     0    26     1     1
  2.5223548654257924E-02 a       502     0    26     1     2
  2.0016661376319737E-02 a       503     0    26     1     3
  4.7081715447656065E-03 a       504     0    26     1     4
 -1.2654620772613145E-01 a       505     0    26     1     5
 -1.0050311542885020E-01 a       506     0    26     1     6
  9.0345878082545659E-03 a       507     0    26     1     7
  5.6420528694814892E-03 a       508     0    26     1     8
  9.7129745656348732E-03 a       509     0    26     1     9
  7.9066108444267383E-02 a       510     0    26     1    10
  1.5364790966407305E-02 a       511     0    26     1    11
  1.2295965439291342E-02 a       512     0    26     1    12
  6.0817236430956115E-02 a       513     0    26     1    13
 -5.3207375560118106E-02 a       514     0    26     1    14
 -3.2741486756740330E-02 a       515     0    26     1    15
  5.8537708034644012E-03 a       516     0    26     1    16
  2.9997493188093589E-02 a       517     0    26     1    17
 -9.9992713049570470E-02 a       518     0    26     1    18
 -1.0943805562788159E-01 a       519     0    26     1    19
 -1.4644976689345005E-01 a       520     0    26     1    20
 -4.0159980182783286E-02 a       521     0    27     1     1
 -7.0452566605839276E-02 a       522     0    27     1     2
 -9.3141840519792452E-03 a       523     0    27     1     3
  1.6548169293546780E-01 a       524     0    27     1     4
  1.0818017780879524E-01 a       525     0    27     1     5
 -4.1567653530247078E-02 a       526     0    27     1     6
 -1.3255742952405536E-01 a       527     0    27     1     7
 -7.0474535340022709E-02 a       528     0    27     1     8
  8.0841188826175966E-03 a       529     0    27     1     9
  4.2663895927307370E-02 a       530     0    27     1    10
  1.3803097562446095E-02 a       531     0    27     1    11
  1.3310598453826785E-02 a       532     0    27     1    12
  5.3652592752892733E-02 a       533     0    27     1    13
 -3.2502588076920108E-02 a       534     0    27     1    14
  6.4853320884055793E-02 a       535     0    27     1    15
 -2.0124541352590307E-02 a       536     0    27     1    16
  8.9871223137298520E-02 a       537     0    27     1    17
  7.5211532705931783E-02 a       538     0    27     1    18
  1.2552036344319706E-01 a       539     0    27     1    19
  7.0143146465241654E-02 a       540     0    27     1    20
 -5.7862335931992713E-02 a       541     0    28     1     1
  3.6314933243747176E-02 a       542     0    28     1     2
 -2.5026132318569108E-02 a       543     0    28     1     3
  1.2318985565354422E-01 a       544     0    28     1     4
  8.7395937048739422E-02 a       545     0    28     1     5
  1.4185084188938965E-03 a       546     0    28     1     6
 -6.7607626777115792E-02 a       547     0    28     1     7
 -9.3015630278808936E-02 a       548     0    28     1     8
  4.9212714147670672E-02 a       549     0    28     1     9
  1.0728521565237850E-01 a       550     0    28     1    10
  2.3581071912297757E-02 a       551     0    28     1    11
  3.9181582672655486E-02 a       552     0    28     1    12
  6.1596941429715359E-03 a       553     0    28     1    13
 -5.1236357846284691E-02 a       554     0    28     1    14
  8.1888219771676471E-02 a       555     0    28     1    15
 -6.2513694674468975E-02 a       556     0    28     1    16
  1.1816662229651744E-02 a       557     0    28     1    17
  9.6170473618095997E-02 a       558     0    28     1    18
 -5.1612483206921519E-03 a       559     0    28     1    19
  2.1315678579292816E-02 a       560     0    28     1    20
 -1.2028706686048466E-02 a       561     0    29     1     1
 -1.5175101973517985E-02 a       562     0    29     1     2
 -2.0663780557275756E-03 a       563     0    29     1     3
  1.2272577694720451E-02 a       564     0    29     1     4
  8.3813177896459728E-02 a       565     0    29     1     5
  4.1540914161187464E-02 a       566     0    29     1     6
 -7.7559859569610694E-03 a       567     0    29     1     7
 -5.6426832673643007E-03 a       568     0    29     1     8
 -1.8442142616497384E-03 a       569     0    29     1     9
 -2.7774287087316954E-02 a       570     0    29     1    10
  4.5299157917455708E-03 a       571     0    29     1    11
  7.0669230095961938E-03 a       572     0    29     1    12
 -1.8780888493840495E-02 a       573     0    29     1    13
 -8.8829348786839627E-03 a       574     0    29     1    14
  4.0825950045674304E-02 a       575     0    29     1    15
  2.4377578302362968E-03 a       576     0    29     1    16
 -7.9074122669335976E-03 a       577     0    29     1    17
  5.8881341114655171E-02 a       578     0    29     1    18
  3.0482722943927711E-02 a       579     0    29     1    19
  6.8634763465696094E-02 a       580     0    29     1    20
  7.6541807891456579E-02 a       581     0    30     1     1
  3.1728605884751356E-02 a       582     0    30     1     2
  4.5899457482704076E-02 a       583     0    30     1     3
 -2.4451545047434259E-01 a       584     0    30     1     4
 -1.3693907502387317E-01 a       585     0    30     1     5
  2.4820424840514006E-02 a       586     0    30     1     6
  1.0989578310922643E-01 a       587     0    30     1     7
  1.4439342848604375E-01 a       588     0    30     1     8
 -6.4616868046792494E-02 a       589     0    30     1     9
 -4.5025699298844729E-02 a       590     0    30     1    10
 -3.8004597553298623E-02 a       591     0    30     1    11
 -5.8305643700605626E-02 a       592     0    30     1    12
 -7.4664894753174726E-03 a       593     0    30     1    13
  6.9251740965407663E-02 a       594     0    30     1    14
 -1.2738599770018796E-01 a       595     0    30     1    15
  6.8516559722920742E-02 a       596     0    30     1    16
 -1.2984777699647254E-01 a       597     0    30     1    17
 -2.9783932509189901E-02 a       598     0    30     1    18
 -1.3562736122326177E-01 a       599     0    30     1    19
 -3.8913251721833367E-02 a       600     0    30     1    20
 -1.9433777867604540E-01 a       601     0    31     1     1
 -8.0636923205249156E-01 a       602     0    31     1     2
  2.4974456441160159E-01 a       603     0    31     1     3
 -1.1563620120504781E-01 a       604     0    31     1     4
 -2.4347564143591444E-01 a       605     0    31     1     5
  6.8837959261912873E-01 a       606     0    31     1     6
  7.8600758100036642E-03 a       607     0    31     1     7
  1.5457214817498571E-01 a       608     0    31     1     8
 -1.2598846502431135E-01 a       609     0    31     1     9
 -2.7965444428519609E-01 a       610     0    31     1    10
 -4.9638867957190969E-02 a       611     0    31     1    11
  1.0372238552209803E-01 a       612     0    31     1    12
  8.6043732199963779E-02 a       613     0    31     1    13
  1.2199247450055008E-01 a       614     0    31     1    14
 -3.2530433303170753E-01 a       615     0    31     1    15
  9.1906127032651413E-02 a       616     0    31     1    16
  1.2662857814029310E-01 a       617     0    31     1    17
  3.7968809280659371E-01 a       618     0    31     1    18
  3.4079743293410347E-01 a       619     0    31     1    19
 -4.1859812734416790E-01 a       620     0    31     1    20
  1.9337324238441547E-02 a       621     0    32     1     1
 -2.3799585845931703E-01 a       622     0    32     1     2
  3.4763311795631684E-02 a       623     0    32     1     3
  3.6604294509236586E-02 a       624     0    32     1     4
  3.8351576278206151E-02 a       625     0    32     1     5
 -1.2494820481839444E-02 a       626     0    32     1     6
 -1.5896970556160735E-02 a       627     0    32     1     7
 -2.9507172426680356E-02 a       628     0    32     1     8
 -5.4468941506034201E-02 a       629     0    32     1     9
 -2.2268079590384071E-02 a       630     0    32     1    10
  3.4692745807682536E-02 a       631     0    32     1    11
  1.3701710136770423E-01 a       632     0    32     1    12
  5.4626662326012265E-02 a       633     0    32     1    13
 -1.3825534470199635E-01 a       634     0    32     1    14
  1.2462556814809017E-01 a       635     0    32     1    15
  7.8692746177931160E-03 a       636     0    32     1    16
  8.4358100673505465E-02 a       637     0    32     1    17
 -2.4978769358614220E-02 a       638     0    32     1    18
  3.9480449672827968E-02 a       639     0    32     1    19
  1.0585325156409824E-01 a       640     0    32     1    20
  3.3679943706880111E-01 a       641     0    33     1     1
  6.5274802058879045E-01 a       642     0    33     1     2
  6.1694371114468638E-01 a       643     0    33     1     3
 -2.4259099967234035E-01 a       644     0    33     1     4
 -4.2751120036104251E-01 a       645     0    33     1     5
 -4.4927434458259080E-01 a       646     0    33     1     6
 -1.1272793187571519E+00 a       647     0    33     1     7
  7.7805213866258383E-01 a       648     0    33     1     8
  4.6865686595437278E-01 a       649     0    33     1     9
 -4.1700904118164095E-01 a       650     0    33     1    10
  1.1579174036943522E-01 a       651     0    33     1    11
 -3.3060374181282609E-01 a       652     0    33     1    12
 -2.6442611059545595E-01 a       653     0    33     1    13
  4.7875501303680651E-01 a       654     0    33     1    14
  5.4905203386091034E-02 a       655     0    33     1    15
 -1.3716605382400673E-01 a       656     0    33     1    16
  1.0817760581769537E-01 a       657     0    33     1    17
 -7.8205825869975737E-02 a       658     0    33     1    18
 -2.9413224906267146E-02 a       659     0    33     1    19
  9.6741716192099081E-01 a       660     0    33     1    20
 -1.6325049653611992E-01 a       661     0    34     1     1
 -1.1470667801287071E-01 a       662     0    34     1     2
  3.2296319857425004E-01 a       663     0    34     1     3
  2.1481089675065432E-02 a       664     0    34     1     4
 -1.0583809920216952E-01 a       665     0    34     1     5
 -6.5030242929218773E-02 a       666     0    34     1     6
 -1.4424197862261287E-01 a       667     0    34     1     7
  1.4515195812956536E-01 a       668     0    34     1     8
  5.5048001182474188E-02 a       669     0    34     1     9
 -3.1360936726061667E-01 a       670     0    34     1    10
 -9.3950767907649446E-02 a       671     0    34     1    11
  1.1137891797001352E-01 a       672     0    34     1    12
  1.6716742375559956E-01 a       673     0    34     1    13
 -2.3689306641126459E-01 a       674     0    34     1    14
  3.1484825527103105E-02 a       675     0    34     1    15
  1.4067634726429915E-01 a       676     0    34     1    16
  3.2215910740540121E-01 a       677     0    34     1    17
  5.1565623986505160E-02 a       678     0    34     1    18
 -2.4419565043102778E-01 a       679     0    34     1    19
 -8.0469783404750569E-02 a       680     0    34     1    20
 -1.3124121332982899E-01 a       681     0    35     1     1
  7.2926735035720126E-03 a       682     0    35     1     2
  9.2342347387109946E-02 a       683     0    35     1     3
 -3.0437761071485638E-02 a       684     0    35     1     4
 -5.4823743536137906E-02 a       685     0    35     1     5
 -6.1041592432624338E-02 a       686     0    35     1     6
  3.9182778926682149E-02 a       687     0    35     1     7
  1.1464654005979359E-01 a       688     0    35     1     8
  3.8739139840893166E-02 a       689     0    35     1     9
 -1.1262067204992961E-01 a       690     0    35     1    10
  1.5515329370420342E-02 a       691     0    35     1    11
  4.0205004181238191E-01 a       692     0    35     1    12
 -2.6548515102098439E-02 a       693     0    35     1    13
 -1.2711182981644803E-02 a       694     0    35     1    14
  4.2609416154296934E-02 a       695     0    35     1    15
 -6.0486968249774181E-03 a       696     0    35     1    16
  5.2364813919890292E-02 a       697     0    35     1    17
  8.9791139625528302E-02 a       698     0    35     1    18
  4.3958420062302599E-02 a       699     0    35     1    19
  1.9135014949326343E-01 a       700     0    35     1    20
 -4.8585541129600635E-01 a       701     0    36     1     1
 -7.4449290086308617E-01 a       702     0    36     1     2
 -3.4671093143214682E-01 a       703     0    36     1     3
  3.9894491234478369E-01 a       704     0    36     1     4
  6.3833962951985523E-01 a       705     0    36     1     5
  1.6181789275224101E-01 a       706     0    36     1     6
  1.0064636890716436E+00 a       707     0    36     1     7
 -5.1725190113706798E-01 a       708     0    36     1     8
 -3.4962433720938713E-01 a       709     0    36     1     9
 -3.0461909459869979E-01 a       710     0    36     1    10
 -4.6049743208350497E-01 a       711     0    36     1    11
  9.5713682225962632E-02 a       712     0    36     1    12
  1.2751503423510371E-01 a       713     0    36     1    13
 -4.0905706335046854E-01 a       714     0    36     1    14
  4.7493364550323755E-02 a       715     0    36     1    15
 -1.8926950060179176E-01 a       716     0    36     1    16
  1.2461094626459521E-01 a       717     0    36     1    17
  8.7007165927903751E-02 a       718     0    36     1    18
  2.3749541044194256E-01 a       719     0    36     1    19
 -3.2179889610847411E-02 a       720     0    36     1    20
  1.1689258868849710E-01 a       721     0    37     1     1
 -8.5275065985700546E-02 a       722     0    37     1     2
 -2.4173754821693749E-01 a       723     0    37     1     3
 -2.2178187060135091E-01 a       724     0    37     1     4
  7.7518918352660532E-02 a       725     0    37     1     5
 -2.0136237245173289E-01 a       726     0    37     1     6
  2.8427200563460830E-01 a       727     0    37     1     7
 -4.9423372680574579E-01 a       728     0    37     1     8
 -1.6081211663565340E-02 a       729     0    37     1     9
  2.4897975237212855E-01 a       730     0    37     1    10
  2.2242126413962687E-01 a       731     0    37     1    11
  3.9868115908771690E-01 a       732     0    37     1    12
 -2.1134815462481643E-01 a       733     0    37     1    13
 -2.8779629217282304E-01 a       734     0    37     1    14
  1.1363180899344700E+00 a       735     0    37     1    15
  1.3393588664896380E-01 a       736     0    37     1    16
 -1.6144601890714225E-01 a       737     0    37     1    17
 -2.3687027705143054E-01 a       738     0    37     1    18
 -3.2470648509247074E-01 a       739     0    37     1    19
 -3.1412886540601764E-01 a       740     0    37     1    20
 -7.6221787859348036E-03 a       741     0    38     1     1
  9.5645535039080423E-02 a       742     0    38     1     2
  1.3210488582572023E-02 a       743     0    38     1     3
 -3.1203374700848382E-03 a       744     0    38     1     4
  1.8270801206049530E-04 a       745     0    38     1     5
  8.1363855579919230E-03 a       746     0    38     1     6
  1.1273390552016645E-01 a       747     0    38     1     7
  4.5114877417008765E-02 a       748     0    38     1     8
 -3.4028882060854547E-02 a       749     0    38     1     9
  6.1827687247928934E-02 a       750     0    38     1    10
 -3.9854175645137713E-02 a       751     0    38     1    11
 -3.1967527780639868E-02 a       752     0    38     1    12
 -2.0085736843280796E-02 a       753     0    38     1    13
  1.2419890842991280E-02 a       754     0    38     1    14
 -1.2285040553092330E-01 a       755     0    38     1    15
  9.1272766466917316E-03 a       756     0    38     1    16
 -2.1540302802051731E-02 a       757     0    38     1    17
  2.9882152277146287E-02 a       758     0    38     1    18
 -8.6151667198835560E-03 a       759     0    38     1    19
  1.3081821505013365E-02 a       760     0    38     1    20
 -3.6892653512069801E-01 a       761     0    39     1     1
  5.9214876258649418E-01 a       762     0    39     1     2
 -7.4844463865417399E-01 a       763     0    39     1     3
  9.5911227205320149E-01 a       764     0    39     1     4
  6.2755706694787472E-01 a       765     0    39     1     5
  8.6864282356090727E-02 a       766     0    39     1     6
 -5.0770908649919544E-01 a       767     0    39     1     7
  9.1214122181774951E-02 a       768     0    39     1     8
  1.9966183949467198E-01 a       769     0    39     1     9
  1.9998062730764632E-03 a       770     0    39     1    10
 -8.6814291142642386E-02 a       771     0    39     1    11
  1.6283094991067890E-01 a       772     0    39     1    12
  8.2570971836402174E-01 a       773     0    39     1    13
 -6.3511627418980554E-01 a       774     0    39     1    14
 -6.0579094439395875E-01 a       775     0    39     1    15
  2.1757420451117301E-01 a       776     0    39     1    16
 -4.4302122063896449E-01 a       777     0    39     1    17
 -3.5517525302731223E-01 a       778     0    39     1    18
  5.1277002341446121E-01 a       779     0    39     1    19
 -5.7054486071626798E-01 a       780     0    39     1    20
  1.8812548022010145E-01 a       781     0    40     1     1
 -2.9557687324802850E-01 a       782     0    40     1     2
 -2.1080316012008432E-01 a       783     0    40     1     3
 -3.2972346272795849E-01 a       784     0    40     1     4
 -2.2039117289439342E-01 a       785     0    40     1     5
  6.1060414626214324E-02 a       786     0    40     1     6
  1.2333043690163721E-01 a       787     0    40     1     7
 -1.5564194360080330E-01 a       788     0    40     1     8
  2.5449267708806000E-01 a       789     0    40     1     9
  4.5061245354693219E-02 a       790     0    40     1    10
  1.4337305869305753E-01 a       791     0    40     1    11
  1.9989452398689622E-01 a       792     0    40     1    12
 -2.6414035602507674E-01 a       793     0    40     1    13
  4.4516399526134655E-02 a       794     0    40     1    14
 -1.9479135083583388E-01 a       795     0    40     1    15
 -1.2643362667474795E-01 a       796     0    40     1    16
 -8.9892563254508936E-02 a       797     0    40     1    17
 -8.8224465575511377E-02 a       798     0    40     1    18
  2.6530203306270361E-01 a       799     0    40     1    19
  5.7908671064312821E-02 a       800     0    40     1    20
  5.9759137235092741E-02 a       801     0    41     1     1
  3.3027143151978432E-02 a       802     0    41     1     2
 -1.3757155540237304E-01 a       803     0    41     1     3
 -7.4879347800696106E-02 a       804     0    41     1     4
  1.0762403175848829E-01 a       805     0    41     1     5
  4.5789608447757126E-02 a       806     0    41     1     6
 -1.3168913099448942E-01 a       807     0    41     1     7
 -1.2903793640170302E-01 a       808     0    41     1     8
  1.5947225013415989E-01 a       809     0    41     1     9
  7.2086102364610785E-02 a       810     0    41     1    10
  4.1451810458823367E-02 a       811     0    41     1    11
 -1.6605632859297548E-01 a       812     0    41     1    12
 -7.3982924012994701E-03 a       813     0    41     1    13
  2.6251654524678199E-02 a       814     0    41     1    14
 -1.9807746333633199E-03 a       815     0    41     1    15
 -3.0188529367348942E-02 a       816     0    41     1    16
  1.8367441710901836E-02 a       817     0    41     1    17
 -2.9621967439144796E-02 a       818     0    41     1    18
  6.7743165768999206E-02 a       819     0    41     1    19
 -7.7966965390734999E-02 a       820     0    41     1    20
  1.6996879151278213E-01 a       821     0    42     1     1
  2.1419130544618653E-01 a       822     0    42     1     2
  1.3397128444195111E-01 a       823     0    42     1     3
 -3.3790162675492913E-01 a       824     0    42     1     4
 -5.0952413130086394E-01 a       825     0    42     1     5
 -1.3919001141665857E-01 a       826     0    42     1     6
 -2.9051940505975671E-01 a       827     0    42     1     7
 -1.6691666046480844E-01 a       828     0    42     1     8
  9.5489218238375348E-03 a       829     0    42     1     9
  4.2849741717643497E-01 a       830     0    42     1    10
  8.7045795967425288E-02 a       831     0    42     1    11
 -1.1936077759238684E-01 a       832     0    42     1    12
 -2.2693498519660604E-01 a       833     0    42     1    13
  3.1373491697055911E-01 a       834     0    42     1    14
  1.5413692817302352E-01 a       835     0    42     1    15
 -1.1714356319150980E-01 a       836     0    42     1    16
  3.3072177509287087E-01 a       837     0    42     1    17
  3.3285117737318121E-01 a       838     0    42     1    18
 -3.2272041224887948E-01 a       839     0    42     1    19
  5.6026031988099911E-02 a       840     0    42     1    20
  8.2759026389589138E-02 a       841     0    43     1     1
 -5.5892774462956131E-02 a       842     0    43     1     2
 -3.4156055789382384E-02 a       843     0    43     1     3
 -7.6784937918884296E-03 a       844     0    43     1     4
 -2.2887637589585272E-03 a       845     0    43     1     5
 -6.4266775911377527E-02 a       846     0    43     1     6
 -5.9668243538132187E-02 a       847     0    43     1     7
 -1.5311175921830917E-03 a       848     0    43     1     8
 -2.7944230678240183E-02 a       849     0    43     1     9
  1.7376214347652321E-02 a       850     0    43     1    10
 -2.6670749646650293E-02 a       851     0    43     1    11
 -4.0566102693575155E-02 a       852     0    43     1    12
  3.2415546506293337E-02 a       853     0    43     1    13
  7.7654513274209129E-03 a       854     0    43     1    14
 -2.3607172991757037E-02 a       855     0    43     1    15
  5.9709395067195775E-03 a       856     0    43     1    16
 -2.3882884772053067E-02 a       857     0    43     1    17
 -3.1841145089646902E-02 a       858     0    43     1    18
  1.5595052697482480E-02 a       859     0    43     1    19
  4.3107946649158123E-03 a       860     0    43     1    20
  7.5284487069092795E-03 a       861     0    44     1     1
  7.2246066725481478E-02 a       862     0    44     1     2
  1.1519554465050350E-01 a       863     0    44     1     3
 -4.6496108830399840E-02 a       864     0    44     1     4
 -1.0981999074422953E-01 a       865     0    44     1     5
  6.5354909967656596E-02 a       866     0    44     1     6
 -1.6075580351546156E-02 a       867     0    44     1     7
  7.2654330485811255E-02 a       868     0    44     1     8
 -7.3172157210345508E-03 a       869     0    44     1     9
 -2.9753388493328991E-02 a       870     0    44     1    10
 -2.7903759457873219E-02 a       871     0    44     1    11
 -1.8287409301384841E-01 a       872     0    44     1    12
 -1.7582672502602210E-02 a       873     0    44     1    13
  5.8694582654458476E-02 a       874     0    44     1    14
 -1.1149647076536932E-01 a       875     0    44     1    15
  4.1680204083517712E-02 a       876     0    44     1    16
 -1.3717147426811512E-02 a       877     0    44     1    17
  5.9548713333541121E-02 a       878     0    44     1    18
 -1.9849954627464098E-02 a       879     0    44     1    19
 -1.0054091295932555E-01 a       880     0    44     1    20
 -1.1474132226109025E-01 a       881     0    45     1     1
  6.3557100046019377E-01 a       882     0    45     1     2
 -6.5536832244067159E-02 a       883     0    45     1     3
  3.1390082602046993E-01 a       884     0    45     1     4
 -1.2359537742683303E-01 a       885     0    45     1     5
 -1.3859574642139214E-01 a       886     0    45     1     6
 -1.9862967949829776E-02 a       887     0    45     1     7
 -4.2153629089430329E-02 a       888     0    45     1     8
  5.2938301750453290E-02 a       889     0    45     1     9
 -2.2721969058207078E-01 a       890     0    45     1    10
  9.4894309345492811E-02 a       891     0    45     1    11
  1.9647566746761586E-01 a       892     0    45     1    12
  9.8443062778610715E-02 a       893     0    45     1    13
  4.9101191852826437E-02 a       894     0    45     1    14
  1.6496289466773606E-01 a       895     0    45     1    15
  1.3451283487835453E-01 a       896     0    45     1    16
 -1.2047039125142414E-01 a       897     0    45     1    17
 -1.0217889904567025E-01 a       898     0    45     1    18
 -1.7667108607466295E-01 a       899     0    45     1    19
 -2.4774833552969286E-01 a       900     0    45     1    20
  4.8372943289780264E-02 a       901     0    46     1     1
 -2.4969354750484993E-03 a       902     0    46     1     2
  1.9955551821938349E-02 a       903     0    46     1     3
 -3.4208389773390552E-02 a       904     0    46     1     4
  1.3424428772960178E-03 a       905     0    46     1     5
  7.2049194852163267E-02 a       906     0    46     1     6
 -9.7561733394056476E-03 a       907     0    46     1     7
  6.3358639238069489E-02 a       908     0    46     1     8
 -1.5204586850202265E-01 a       909     0    46     1     9
  1.2886129754210490E-01 a       910     0    46     1    10
  1.3635591920016650E-02 a       911     0    46     1    11
 -2.5679887417432162E-01 a       912     0    46     1    12
 -7.2742940344047893E-02 a       913     0    46     1    13
  1.5847253688924440E-01 a       914     0    46     1    14
 -8.7413626240378670E-02 a       915     0    46     1    15
 -9.0198916474317353E-02 a       916     0    46     1    16
 -3.0402764734208199E-01 a       917     0    46     1    17
  1.2045717001939846E-01 a       918     0    46     1    18
 -3.0253352893969573E-02 a       919     0    46     1    19
 -1.9509213259084151E-02 a       920     0    46     1    20
  1.3705749440073023E-01 a       921     0    47     1     1
 -9.7095528748866552E-02 a       922     0    47     1     2
 -9.9920686904855005E-02 a       923     0    47     1     3
 -1.3410322693370236E-01 a       924     0    47     1     4
  9.0194496213786723E-02 a       925     0    47     1     5
  3.3043183994427586E-02 a       926     0    47     1     6
 -7.8632656794405884E-02 a       927     0    47     1     7
 -6.4308014392738810E-02 a       928     0    47     1     8
  1.5379084759879613E-01 a       929     0    47     1     9
 -3.4003430698056725E-02 a       930     0    47     1    10
  5.4475971911172733E-02 a       931     0    47     1    11
 -3.1945359273026064E-01 a       932     0    47     1    12
  6.8473369523112795E-02 a       933     0    47     1    13
 -6.7969452906696828E-02 a       934     0    47     1    14
 -1.3300381329292876E-01 a       935     0    47     1    15
  5.2800434308783298E-02 a       936     0    47     1    16
 -1.4548439165156077E-01 a       937     0    47     1    17
  1.2557689485486859E-01 a       938     0    47     1    18
 -7.3990859428326256E-02 a       939     0    47     1    19
 -1.8571420103087863E-01 a       940     0    47     1    20
  1.1035089300894751E-01 a       941     0    48     1     1
 -1.4463347209313518E-01 a       942     0    48     1     2
 -2.3993557293292611E-02 a       943     0    48     1     3
 -3.4138014526129112E-01 a       944     0    48     1     4
  1.1679151412878437E-02 a       945     0    48     1     5
  1.2597634934986982E-02 a       946     0    48     1     6
 -2.4459951205967792E-01 a       947     0    48     1     7
 -1.3118343937690657E-01 a       948     0    48     1     8
  3.3611964727856924E-01 a       949     0    48     1     9
  3.7473337501189002E-01 a       950     0    48     1    10
 -1.2513440770952863E-01 a       951     0    48     1    11
 -1.0092595800158036E-02 a       952     0    48     1    12
 -3.3447538449138704E-02 a       953     0    48     1    13
  1.5890358474008986E-01 a       954     0    48     1    14
 -3.1423937080911724E-01 a       955     0    48     1    15
 -1.6361846863315194E-01 a       956     0    48     1    16
  9.8944456099026371E-02 a       957     0    48     1    17
  1.8782805226071198E-01 a       958     0    48     1    18
 -5.4289034974435164E-02 a       959     0    48     1    19
  4.9014822618805676E-01 a       960     0    48     1    20
 -1.1558870392036539E-02 a       961     0    49     1     1
  8.5863356116788192E-03 a       962     0    49     1     2
  2.7778630808649490E-01 a       963     0    49     1     3
  2.2186739871508163E-01 a       964     0    49     1     4
  4.7368860087447520E-02 a       965     0    49     1     5
 -1.0045053617688037E-03 a       966     0    49     1     6
  2.2126278752729719E-01 a       967     0    49     1     7
  2.3591163360049908E-01 a       968     0    49     1     8
 -7.8723576982891369E-02 a       969     0    49     1     9
 -1.6813177818288436E-01 a       970     0    49     1    10
  1.2335641274659456E-01 a       971     0    49     1    11
 -1.8517122812077791E-01 a       972     0    49     1    12
  5.0306595267770773E-02 a       973     0    49     1    13
 -6.4132587702588215E-02 a       974     0    49     1    14
 -6.9205590909034675E-01 a       975     0    49     1    15
 -1.8972112043695974E-01 a       976     0    49     1    16
  1.2739582868166324E-01 a       977     0    49     1    17
  1.9227760077722889E-01 a       978     0    49     1    18
  1.6459213224606203E-04 a       979     0    49     1    19
  3.1577854469026012E-01 a       980     0    49     1    20
 -1.9819871084447705E-02 a       981     0    50     1     1
 -4.7834166360830925E-02 a       982     0    50     1     2
  6.8249909232088540E-02 a       983     0    50     1     3
  7.0797318216885674E-02 a       984     0    50     1     4
  8.9195431945611997E-02 a       985     0    50     1     5
 -2.2123930640864615E-02 a       986     0    50     1     6
 -5.4423140070930923E-02 a       987     0    50     1     7
 -7.2343082292015359E-02 a       988     0    50     1     8
  1.8260387937815047E-02 a       989     0    50     1     9
 -3.7698883065487951E-02 a       990     0    50     1    10
  6.3829446079087471E-02 a       991     0    50     1    11
  4.7964473224775907E-02 a       992     0    50     1    12
  1.1338029760854245E-02 a       993     0    50     1    13
 -1.2624300577748893E-01 a       994     0    50     1    14
  1.0153098916013670E-01 a       995     0    50     1    15
  1.9862349037393891E-02 a       996     0    50     1    16
  1.3686569427496897E-01 a       997     0    50     1    17
 -1.8953554813005754E-02 a       998     0    50     1    18
 -7.7433210921182775E-03 a       999     0    50     1    19
  1.0680392409538331E-02 a      1000     0    50     1    20
 -7.3980516507403610E-03 a      1001     0    51     1     1
 -6.2941303983802077E-01 a      1002     0    51     1     2
 -3.5561886692307566E-02 a      1003     0    51     1     3
 -6.0283049769466213E-01 a      1004     0    51     1     4
  1.8169900235339945E-01 a      1005     0    51     1     5
  1.7883396257659379E-01 a      1006     0    51     1     6
  2.3009549346752367E-01 a      1007     0    51     1     7
 -7.4226329763847099E-01 a      1008     0    51     1     8
  4.4289840500871541E-01 a      1009     0    51     1     9
  5.4346134013356939E-01 a      1010     0    51     1    10
 -1.7846897059239492E-01 a      1011     0    51     1    11
  3.0756199490011443E-01 a      1012     0    51     1    12
 -2.7952284444765058E-01 a      1013     0    51     1    13
  2.0764110704098668E-01 a      1014     0    51     1    14
  9.2391874679461905E-01 a      1015     0    51     1    15
  1.3181093088213161E-01 a      1016     0    51     1    16
  3.0656369308155418E-01 a      1017     0    51     1    17
 -8.3384211715462342E-01 a      1018     0    51     1    18
  1.0758458513293963E-01 a      1019     0    51     1    19
 -1.0240305229209316E-01 a      1020     0    51     1    20
 -8.8183443119472751E-02 a      1021     0    52     1     1
  9.3992297007557568E-02 a      1022     0    52     1     2
 -1.4907678163931490E-01 a      1023     0    52     1     3
  2.4107411419766450E-01 a      1024     0    52     1     4
 -2.4131275426844564E-02 a      1025     0    52     1     5
 -1.0102154557065550E-01 a      1026     0    52     1     6
 -1.0929393580468560E-01 a      1027     0    52     1     7
  1.5908992609047681E-01 a      1028     0    52     1     8
 -3.6611095755544415E-01 a      1029     0    52     1     9
  1.4067993831384500E-02 a      1030     0    52     1    10
 -1.8910177153638147E-01 a      1031     0    52     1    11
 -2.0025115689350792E-01 a      1032     0    52     1    12
  8.9519703097146616E-02 a      1033     0    52     1    13
  2.7105455559359792E-01 a      1034     0    52     1    14
 -1.3947231589442158E-01 a      1035     0    52     1    15
 -7.6624494438127480E-02 a      1036     0    52     1    16
 -2.4304862512753966E-01 a      1037     0    52     1    17
  2.0676730549172313E-02 a      1038     0    52     1    18
 -1.5205666478055707E-01 a      1039     0    52     1    19
 -2.6986966069853045E-02 a      1040     0    52     1    20
  3.8866210561655898E-03 a      1041     0    53     1     1
 -3.7104791938567798E-02 a      1042     0    53     1     2
  9.7528683944412803E-02 a      1043     0    53     1     3
  4.7702121293827796E-02 a      1044     0    53     1     4
 -1.3395845702237572E-01 a      1045     0    53     1     5
 -2.4141232713713465E-02 a      1046     0    53     1     6
  1.3340399832897679E-01 a      1047     0    53     1     7
  6.2800073056961600E-02 a      1048     0    53     1     8
 -4.3591693440735713E-02 a      1049     0    53     1     9
 -5.8112945097343077E-02 a      1050     0    53     1    10
 -2.9153983085320394E-02 a      1051     0    53     1    11
  2.6745385320593694E-02 a      1052     0    53     1    12
 -5.8118158696157307E-03 a      1053     0    53     1    13
  6.7907710086984707E-02 a      1054     0    53     1    14
 -6.9717620976421299E-02 a      1055     0    53     1    15
 -1.6467533864465984E-02 a      1056     0    53     1    16
 -3.7678514929661629E-02 a      1057     0    53     1    17
 -1.4460586043575032E-02 a      1058     0    53     1    18
  2.4027009301871707E-02 a      1059     0    53     1    19
  1.2489804277135495E-02 a      1060     0    53     1    20
 -3.5445218890202912E-02 a      1061     0    54     1     1
 -8.1054512553177541E-02 a      1062     0    54     1     2
  5.5378471983885458E-02 a      1063     0    54     1     3
  1.3738939784206530E-01 a      1064     0    54     1     4
  3.7146879310056946E-02 a      1065     0    54     1     5
  6.6698822105100447E-02 a      1066     0    54     1     6
  3.5501320665635841E-02 a      1067     0    54     1     7
  4.6481223630701357E-01 a      1068     0    54     1     8
 -2.0756772963471523E-01 a      1069     0    54     1     9
 -4.5362173756505031E-01 a      1070     0    54     1    10
 -8.6685116339939333E-02 a      1071     0    54     1    11
 -1.0554184136163723E-01 a      1072     0    54     1    12
 -3.8608437002852626E-03 a      1073     0    54     1    13
  9.0446418267652193E-02 a      1074     0    54     1    14
 -2.0511945782669677E-01 a      1075     0    54     1    15
 -2.7367261726397307E-02 a      1076     0    54     1    16
 -4.3093967124535376E-01 a      1077     0    54     1    17
  2.9600869854847883E-01 a      1078     0    54     1    18
  1.6127191483304240E-01 a      1079     0    54     1    19
  1.4547006602289220E-01 a      1080     0    54     1    20
  1.2850527986455986E+00 b      1081     1     1
  6.5543137717148570E-01 b      1082     1     2
  6.9688540501568186E-01 b      1083     1     3
  9.0746874733764959E-01 b      1084     1     4
 -2.5296087983125892E-01 b      1085     1     5
 -4.0383910551446695E-01 b      1086     1     6
  9.9345691105737477E-01 b      1087     1     7
 -4.3823778088266324E-01 b      1088     1     8
  1.0082679260931287E+00 b      1089     1     9
 -1.1416106647757343E+00 b      1090     1    10
 -1.2898907002272271E+00 b      1091     1    11
  6.1383408644167403E-01 b      1092     1    12
 -8.7916212762583129E-02 b      1093     1    13
 -2.8352247035777800E-01 b      1094     1    14
 -8.1541412424390836E-01 b      1095     1    15
 -1.1172806396040603E-01 b      1096     1    16
  3.4513937462927513E-01 b      1097     1    17
 -4.8985950402433937E-01 b      1098     1    18
 -1.2999134340434884E+00 b      1099     1    19
  4.8145316661876741E-01 b      1100     1    20
 -2.5345487936962013E-01 a      1101     1     1     2     1
 -7.4307859280456157E-01 a      1102     1     1     2     2
 -1.4911096217321995E-01 a      1103     1     1     2     3
  5.8230891675010388E-01 a      1104     1     1     2     4
 -1.5704756082905541E-01 a      1105     1     1     2     5
 -5.1918095104634876E-01 a      1106     1     1     2     6
  1.2231507102888217E-01 a      1107     1     1     2     7
 -4.5260281613630843E-01 a      1108     1     1     2     8
  5.7090761584260095E-02 a      1109     1     1     2     9
 -5.8090924286071943E-01 a      1110     1     1     2    10
 -5.0652944485222251E-01 a      1111     1     1     2    11
  5.2714569154374036E-01 a      1112     1     1     2    12
  1.3935344121670973E-01 a      1113     1     1     2    13
  4.4242897255605207E-02 a      1114     1     1     2    14
  8.6145234317203390E-01 a      1115     1     1     2    15
 -3.2200490111108687E-01 a      1116     1     1     2    16
 -4.9897519067165214E-01 a      1117     1     1     2    17
 -5.2819334660726591E-01 a      1118     1     1     2    18
 -3.5592474612384656E-01 a      1119     1     1     2    19
 -4.2582381198266039E-01 a      1120     1     1     2    20
 -6.4928135766333578E-02 a      1121     1     2     2     1
  3.1140401670197826E-01 a      1122     1     2     2     2
  3.5301549953649397E-01 a      1123     1     2     2     3
  7.0684493217923039E-01 a      1124     1     2     2     4
  1.0540144387958963E-01 a      1125     1     2     2     5
 -1.3596173534598852E-01 a      1126     1     2     2     6
 -2.0352350362289204E-01 a      1127     1     2     2     7
 -8.8131516952592770E-01 a      1128     1     2     2     8
  1.8981472374841332E-01 a      1129     1     2     2     9
 -5.1252572437078636E-01 a      1130     1     2     2    10
 -1.9725471302248627E-02 a      1131     1     2     2    11
 -1.8771061726174992E-01 a      1132     1     2     2    12
  3.5079868376244211E-01 a      1133     1     2     2    13
  2.7949628487494479E-02 a      1134     1     2     2    14
  8.3091518805757686E-02 a      1135     1     2     2    15
  4.1194222724032314E-01 a      1136     1     2     2    16
 -5.7601542569660957E-01 a      1137     1     2     2    17
 -6.6559754142541130E-02 a      1138     1     2     2    18
 -5.4738153607932694E-01 a      1139     1     2     2    19
  3.8775347268434035E-01 a      1140     1     2     2    20
 -7.8443723490376996E-02 a      1141     1     3     2     1
 -1.5349615762629673E-01 a      1142     1     3     2     2
  5.5179218248827755E-01 a      1143     1     3     2     3
  1.1264492213435073E-02 a      1144     1     3     2     4
 -2.1739318611094288E-01 a      1145     1     3     2     5
 -3.4632102547243282E-01 a      1146     1     3     2     6
 -3.7272070662238888E-01 a      1147     1     3     2     7
  4.9742762730456963E-01 a      1148     1     3     2     8
  7.1019008417390270E-02 a      1149     1     3     2     9
  8.6526338947959625E-01 a      1150     1     3     2    10
  6.1504083586018021E-01 a      1151     1     3     2    11
 -6.0652749158810304E-01 a      1152     1     3     2    12
 -6.4391169729135644E-01 a      1153     1     3     2    13
  3.8609991968649937E-01 a      1154     1     3     2    14
 -8.3310350372685638E-02 a      1155     1     3     2    15
  2.8399866741950741E-01 a      1156     1     3     2    16
 -4.1923068877934572E-01 a      1157     1     3     2    17
 -1.5830283960562358E-01 a      1158     1     3     2    18
 -2.5119306178499318E-01 a      1159     1     3     2    19
 -6.1683007171446358E-01 a      1160     1     3     2    20
  2.3180912958062921E-01 a      1161     1     4     2     1
 -7.5436304185415870E-01 a      1162     1     4     2     2
  1.5259182183045389E-01 a      1163     1     4     2     3
  3.5224932480885879E-01 a      1164     1     4     2     4
  5.3335268627359478E-01 a      1165     1     4     2     5
 -5.2257280235623071E-01 a      1166     1     4     2     6
 -1.7233650280976978E-01 a      1167     1     4     2     7
  4.5034885945611802E-01 a      1168     1     4     2     8
  1.8087067223093545E-01 a      1169     1     4     2     9
  3.6509770347750820E-01 a      1170     1     4     2    10
 -6.5441163313996775E-01 a      1171     1     4     2    11
  1.1194868556040367E-01 a      1172     1     4     2    12
  3.3325641103749259E-01 a      1173     1     4     2    13
 -2.7318862942352251E-01 a      1174     1     4     2    14
  2.8057078503661304E-01 a      1175     1     4     2    15
 -4.4921092245588234E-01 a      1176     1     4     2    16
  4.5874643995251529E-01 a      1177     1     4     2    17
 -8.0555049975169712E-01 a      1178     1     4     2    18
  4.3272822964047469E-01 a      1179     1     4     2    19
  3.8506259195595022E-01 a      1180     1     4     2    20
  5.3668170420310557E-01 a      1181     1     5     2     1
  5.0571093672598355E-01 a      1182     1     5     2     2
  5.0224946347904609E-01 a      1183     1     5     2     3
 -3.3210159106799353E-01 a      1184     1     5     2     4
 -1.6564998425445474E-01 a      1185     1     5     2     5
  2.4206755724359733E-01 a      1186     1     5     2     6
  3.9490318279910425E-01 a      1187     1     5     2     7
  3.9411880976189462E-01 a      1188     1     5     2     8
  6.4628312489081796E-01 a      1189     1     5     2     9
 -1.4435629199592651E-01 a      1190     1     5     2    10
  5.9018743734713131E-01 a      1191     1     5     2    11
  2.5967072916380923E-01 a      1192     1     5     2    12
 -6.1899893162288211E-01 a      1193     1     5     2    13
  5.1278057219354511E-01 a      1194     1     5     2    14
  3.7139077443820223E-01 a      1195     1     5     2    15
  1.7521098355440945E-01 a      1196     1     5     2    16
 -3.8645733777044661E-01 a      1197     1     5     2    17
 -3.6192960087067261E-01 a      1198     1     5     2    18
 -1.3516518517322157E-01 a      1199     1     5     2    19
  3.0108872801000552E-01 a      1200     1     5     2    20
 -6.4365300851535656E-01 a      1201     1     6     2     1
  3.9234001437126775E-01 a      1202     1     6     2     2
 -3.3056539266065232E-01 a      1203     1     6     2     3
  9.1515101938765087E-01 a      1204     1     6     2     4
  3.6921181628972360E-01 a      1205     1     6     2     5
  1.7282806312840838E-02 a      1206     1     6     2     6
 -4.4836044063969066E-01 a      1207     1     6     2     7
 -6.4062114216925226E-01 a      1208     1     6     2     8
 -3.6241684193195796E-02 a      1209     1     6     2     9
  3.0429033263703298E-01 a      1210     1     6     2    10
  2.8416653845981421E-01 a      1211     1     6     2    11
  4.4032720866415598E-01 a      1212     1     6     2    12
 -2.5068529621300595E-01 a      1213     1     6     2    13
 -1.0385518370008899E+00 a      1214     1     6     2    14
  1.6878904678503531E-01 a      1215     1     6     2    15
  5.0108062970249689E-01 a      1216     1     6     2    16
  4.2852115465557367E-02 a      1217     1     6     2    17
 -6.2178108943575150E-01 a      1218     1     6     2    18
 -4.4517428510692320E-01 a      1219     1     6     2    19
 -2.1857186622240930E-02 a      1220     1     6     2    20
  2.7158225115575352E-01 a      1221     1     7     2     1
  8.7995864543122848E-01 a      1222     1     7     2     2
  6.4695360190675910E-01 a      1223     1     7     2     3
 -7.6940520222967423E-01 a      1224     1     7     2     4
  9.8520438302423477E-02 a      1225     1     7     2     5
  2.8386157944143364E-01 a      1226     1     7     2     6
  4.3291037720631437E-01 a      1227     1     7     2     7
  4.2043835783530986E-01 a      1228     1     7     2     8
 -4.0945384505338620E-02 a      1229     1     7     2     9
  3.2486390067025123E-01 a      1230     1     7     2    10
 -5.4871182387405459E-01 a      1231     1     7     2    11
  6.5832084514654843E-01 a      1232     1     7     2    12
  5.7640207651216691E-01 a      1233     1     7     2    13
 -9.8181160217545756E-03 a      1234     1     7     2    14
 -2.1135628575239859E-01 a      1235     1     7     2    15
  1.0668848535385922E+00 a      1236     1     7     2    16
 -2.8433635212042674E-01 a      1237     1     7     2    17
 -1.5692956515750633E-01 a      1238     1     7     2    18
 -3.1856723045940921E-01 a      1239     1     7     2    19
  4.2127554633459952E-01 a      1240     1     7     2    20
  1.2102988867768388E-01 a      1241     1     8     2     1
 -1.9860193697202583E-01 a      1242     1     8     2     2
  4.7949856454068640E-01 a      1243     1     8     2     3
 -1.8602986153126147E-01 a      1244     1     8     2     4
  2.6107963967692388E-01 a      1245     1     8     2     5
 -4.7652238894122227E-02 a      1246     1     8     2     6
 -6.3224154440335512E-01 a      1247     1     8     2     7
 -9.7490703754233277E-01 a      1248     1     8     2     8
 -6.4365609611481345E-01 a      1249     1     8     2     9
  1.6415122275215011E-01 a      1250     1     8     2    10
 -6.7260957960795498E-01 a      1251     1     8     2    11
 -7.8222103659300046E-03 a      1252     1     8     2    12
  2.0804207238158723E-01 a      1253     1     8     2    13
 -2.1516911773290379E-02 a      1254     1     8     2    14
  4.7953552599769967E-04 a      1255     1     8     2    15
 -2.7190885334237308E-01 a      1256     1     8     2    16
  4.7781807408222826E-01 a      1257     1     8     2    17
 -6.0872265678466075E-01 a      1258     1     8     2    18
 -1.1487945138834782E-01 a      1259     1     8     2    19
  4.0879385907819543E-01 a      1260     1     8     2    20
 -9.5344816144611044E-02 a      1261     1     9     2     1
  1.2682089998690418E-01 a      1262     1     9     2     2
  3.7467215960907974E-01 a      1263     1     9     2     3
 -9.6349398367584022E-02 a      1264     1     9     2     4
  2.0105046985277089E-01 a      1265     1     9     2     5
  4.5300415172641184E-01 a      1266     1     9     2     6
 -7.9218349501401272E-03 a      1267     1     9     2     7
  4.2227164751614019E-02 a      1268     1     9     2     8
 -6.7937142688134655E-01 a      1269     1     9     2     9
  1.9460915189307243E-01 a      1270     1     9     2    10
 -1.0485638149220584E+00 a      1271     1     9     2    11
 -7.6338404273035965E-01 a      1272     1     9     2    12
  5.9059741560229062E-01 a      1273     1     9     2    13
  4.6009628640757916E-01 a      1274     1     9     2    14
 -7.4013220265212343E-01 a      1275     1     9     2    15
  3.4048521129942111E-01 a      1276     1     9     2    16
 -2.1567849763060382E-01 a      1277     1     9     2    17
 -4.0554327882316832E-01 a      1278     1     9     2    18
  1.3947440680634340E-01 a      1279     1     9     2    19
 -2.8837938837478932E-01 a      1280     1     9     2    20
  3.3921344264408626E-01 a      1281     1    10     2     1
 -9.8725304512266465E-01 a      1282     1    10     2     2
  7.3896814678658607E-01 a      1283     1    10     2     3
 -7.2860062792929281E-01 a      1284     1    10     2     4
  1.0713312968353245E-01 a      1285     1    10     2     5
 -7.3256651136633300E-01 a      1286     1    10     2     6
 -5.1974254114957052E-01 a      1287     1    10     2     7
  5.0604816751591175E-01 a      1288     1    10     2     8
  9.4682907816164300E-02 a      1289     1    10     2     9
 -1.6675992946380550E-01 a      1290     1    10     2    10
 -7.8349823792872075E-01 a      1291     1    10     2    11
 -7.5879563166068453E-01 a      1292     1    10     2    12
 -1.6093136300376840E-01 a      1293     1    10     2    13
 -1.6235890970895256E-01 a      1294     1    10     2    14
 -1.4180434644439002E-01 a      1295     1    10     2    15
  1.8571519639572109E-02 a      1296     1    10     2    16
  6.1695089117670188E-01 a      1297     1    10     2    17
 -3.5272315350969274E-01 a      1298     1    10     2    18
 -2.5883257617999478E-02 a      1299     1    10     2    19
 -3.9714893505866172E-01 a      1300     1    10     2    20
  4.3617798528050700E-01 a      1301     1    11     2     1
 -7.0856476013187419E-01 a      1302     1    11     2     2
 -5.6442739773841322E-01 a      1303     1    11     2     3
  2.5883634579494824E-01 a      1304     1    11     2     4
  7.5971639121945467E-01 a      1305     1    11     2     5
 -5.7653839442987820E-01 a      1306     1    11     2     6
 -1.0114196932382413E+00 a      1307     1    11     2     7
 -1.3193647530358266E-01 a      1308     1    11     2     8
 -2.1381241291104605E-01 a      1309     1    11     2     9
  5.6027853861654675E-01 a      1310     1    11     2    10
 -3.6756243778225361E-01 a      1311     1    11     2    11
  3.1835763379002596E-01 a      1312     1    11     2    12
  1.0673637014422675E-01 a      1313     1    11     2    13
  1.7696930054398170E-02 a      1314     1    11     2    14
  5.4922979811236616E-01 a      1315     1    11     2    15
  3.2744649261067416E-01 a      1316     1    11     2    16
 -1.1883580259280871E-01 a      1317     1    11     2    17
  5.7892977501747955E-01 a      1318     1    11     2    18
 -8.1413971991718161E-03 a      1319     1    11     2    19
 -6.8025029648350510E-01 a      1320     1    11     2    20
 -6.5550218664291005E-01 a      1321     1    12     2     1
 -5.7145565030246226E-01 a      1322     1    12     2     2
 -1.3674951238833855E-01 a      1323     1    12     2     3
  4.9046092968787230E-01 a      1324     1    12     2     4
  2.2604764270192532E-01 a      1325     1    12     2     5
  6.0359311548789396E-01 a      1326     1    12     2     6
 -1.7101128557958933E-02 a      1327     1    12     2     7
 -2.9217852654661952E-01 a      1328     1    12     2     8
 -6.0508382068561260E-02 a      1329     1    12     2     9
  7.5311395233441081E-01 a      1330     1    12     2    10
  3.5248251292767008E-01 a      1331     1    12     2    11
  3.8749276627536267E-01 a      1332     1    12     2    12
  5.9908429432529564E-01 a      1333     1    12     2    13
  1.8994679060445446E-01 a      1334     1    12     2    14
  4.3876396444179573E-02 a      1335     1    12     2    15
 -1.9069559524918717E-01 a      1336     1    12     2    16
 -3.3429601652757984E-01 a      1337     1    12     2    17
 -2.6978205312480275E-01 a      1338     1    12     2    18
 -1.1646692923813659E-01 a      1339     1    12     2    19
 -5.8524414698316263E-01 a      1340     1    12     2    20
  2.5219566834476137E-01 a      1341     1    13     2     1
 -1.5735482433883288E-01 a      1342     1    13     2     2
  2.5342901757519382E-01 a      1343     1    13     2     3
  1.1308987948956732E+00 a      1344     1    13     2     4
  8.7505625465559078E-01 a      1345     1    13     2     5
  5.1176329640093288E-01 a      1346     1    13     2     6
 -2.8176537191266093E-01 a      1347     1    13     2     7
  2.2687730120796135E-01 a      1348     1    13     2     8
  3.6033017226582997E-01 a      1349     1    13     2     9
 -1.8358488597864903E-02 a      1350     1    13     2    10
  2.2112533971665416E-01 a      1351     1    13     2    11
  5.0319642233709327E-02 a      1352     1    13     2    12
  4.9776748195483583E-01 a      1353     1    13     2    13
 -4.6115441425041959E-01 a      1354     1    13     2    14
 -1.7491704366912014E-01 a      1355     1    13     2    15
 -1.0964173860989852E-01 a      1356     1    13     2    16
  1.5086681031670243E-01 a      1357     1    13     2    17
 -4.4238237093682120E-01 a      1358     1    13     2    18
 -8.1364779807435816E-01 a      1359     1    13     2    19
  1.6549620609934895E-01 a      1360     1    13     2    20
 -1.0566781899877306E-01 a      1361     1    14     2     1
  3.4957107055248759E-01 a      1362     1    14     2     2
  1.8086246598161659E-01 a      1363     1    14     2     3
 -5.5084715211058954E-01 a      1364     1    14     2     4
 -5.5172291741053547E-01 a      1365     1    14     2     5
 -3.3189858104086295E-01 a      1366     1    14     2     6
  9.7978023343811255E-02 a      1367     1    14     2     7
  8.6246932091543538E-01 a      1368     1    14     2     8
  6.0603900234226682E-02 a      1369     1    14     2     9
  8.3446479453293265E-01 a      1370     1    14     2    10
  2.9289913109312865E-01 a      1371     1    14     2    11
 -5.3663136597823541E-02 a      1372     1    14     2    12
 -4.7772677645017281E-01 a      1373     1    14     2    13
  5.7800990458144186E-02 a      1374     1    14     2    14
  2.6967233972268800E-01 a      1375     1    14     2    15
  2.2931840016197655E-01 a      1376     1    14     2    16
  1.7956617635331723E-01 a      1377     1    14     2    17
 -3.2840664552902320E-02 a      1378     1    14     2    18
 -4.0618255537113546E-01 a      1379     1    14     2    19
 -4.5711536584910983E-01 a      1380     1    14     2    20
  7.8105600718312618E-01 a      1381     1    15     2     1
 -5.0238268054048840E-01 a      1382     1    15     2     2
  2.2571974972036332E-01 a      1383     1    15     2     3
 -1.1240207182984678E+00 a      1384     1    15     2     4
 -5.1940948180648638E-01 a      1385     1    15     2     5
 -6.2932487536160031E-01 a      1386     1    15     2     6
 -2.5811612583451810E-01 a      1387     1    15     2     7
 -1.5321256771206611E-02 a      1388     1    15     2     8
  3.2591752733695278E-01 a      1389     1    15     2     9
  6.7262866893889539E-01 a      1390     1    15     2    10
 -4.3182400350113437E-01 a      1391     1    15     2    11
  6.8333514536740511E-02 a      1392     1    15     2    12
  2.7456598847731092E-02 a      1393     1    15     2    13
 -5.6507077891320145E-02 a      1394     1    15     2    14
  4.2157789195057649E-01 a      1395     1    15     2    15
  6.7004593492993381E-01 a      1396     1    15     2    16
  3.9837427484298210E-01 a      1397     1    15     2    17
  2.1680423678823868E-01 a      1398     1    15     2    18
 -2.9720538837422050E-01 a      1399     1    15     2    19
 -5.0440960430656179E-01 a      1400     1    15     2    20
 -2.0028744885802932E-01 a      1401     1    16     2     1
 -1.0940730294950847E+00 a      1402     1    16     2     2
 -5.2428291964348706E-01 a      1403     1    16     2     3
 -1.6824297331834351E-01 a      1404     1    16     2     4
 -5.1711530090846192E-01 a      1405     1    16     2     5
  6.1206607943788391E-02 a      1406     1    16     2     6
  1.3747467873304822E-01 a      1407     1    16     2     7
 -5.2567425745976160E-01 a      1408     1    16     2     8
 -1.2391650673239613E-01 a      1409     1    16     2     9
  3.4509383970769480E-01 a      1410     1    16     2    10
 -5.5647003241766768E-01 a      1411     1    16     2    11
 -4.9530104281990030E-03 a      1412     1    16     2    12
  3.5442055443601073E-01 a      1413     1    16     2    13
 -9.5318224031200294E-01 a      1414     1    16     2    14
  4.0067892746334921E-01 a      1415     1    16     2    15
 -2.2017730720214518E-01 a      1416     1    16     2    16
 -2.3635744717175322E-01 a      1417     1    16     2    17
  4.0461141690229885E-01 a      1418     1    16     2    18
  5.9368277779261880E-01 a      1419     1    16     2    19
  1.3001011340941473E-01 a      1420     1    16     2    20
 -7.3795042035657377E-01 a      1421     1    17     2     1
  4.1764507979386689E-02 a      1422     1    17     2     2
 -7.1758044992764392E-01 a      1423     1    17     2     3
 -3.0613018328263636E-01 a      1424     1    17     2     4
 -3.1443250516960525E-01 a      1425     1    17     2     5
 -1.9434789936412133E-01 a      1426     1    17     2     6
  2.8437481817237170E-01 a      1427     1    17     2     7
 -1.2242704549809014E-01 a      1428     1    17     2     8
 -5.3829084406535643E-01 a      1429     1    17     2     9
  1.0157195724553965E-02 a      1430     1    17     2    10
  4.0205810800549739E-02 a      1431     1    17     2    11
  4.4191812781668205E-01 a      1432     1    17     2    12
 -1.9420550226315486E-01 a      1433     1    17     2    13
 -9.1450929185815776E-03 a      1434     1    17     2    14
  3.1844349044605792E-02 a      1435     1    17     2    15
  3.4103399380261096E-01 a      1436     1    17     2    16
  1.5112449394558916E-01 a      1437     1    17     2    17
  1.1665686512548619E-01 a      1438     1    17     2    18
 -2.5577454646514614E-01 a      1439     1    17     2    19
  2.4921984167778408E-01 a      1440     1    17     2    20
  1.5473603393589833E-01 a      1441     1    18     2     1
 -5.0429969113920148E-01 a      1442     1    18     2     2
  1.1707459847479275E-01 a      1443     1    18     2     3
  3.4384563202433427E-01 a      1444     1    18     2     4
  2.7511913318453601E-01 a      1445     1    18     2     5
 -7.7542046179681257E-01 a      1446     1    18     2     6
  6.0692653296293142E-01 a      1447     1    18     2     7
  1.7877385808581353E-01 a      1448     1    18     2     8
 -2.5106708805284428E-01 a      1449     1    18     2     9
 -6.0207364851094214E-01 a      1450     1    18     2    10
 -2.3962353738251863E-01 a      1451     1    18     2    11
  3.7259959664885607E-02 a      1452     1    18     2    12
  7.6627345538305014E-01 a      1453     1    18     2    13
  4.7575259252975999E-01 a      1454     1    18     2    14
 -2.4115077273303945E-01 a      1455     1    18     2    15
 -7.4319299534042471E-01 a      1456     1    18     2    16
  2.6315509308023749E-01 a      1457     1    18     2    17
 -3.7888600053059163E-02 a      1458     1    18     2    18
 -2.8381811759780318E-01 a      1459     1    18     2    19
  4.0435804222710209E-01 a      1460     1    18     2    20
  4.3332544133997880E-01 a      1461     1    19     2     1
  1.6843961311809977E-01 a      1462     1    19     2     2
  4.5857151831892229E-01 a      1463     1    19     2     3
  6.9649638912738654E-01 a      1464     1    19     2     4
 -1.2880384884179247E-01 a      1465     1    19     2     5
 -6.3645840122367514E-02 a      1466     1    19     2     6
 -1.4121290607773951E-01 a      1467     1    19     2     7
 -5.1317913926328873E-01 a      1468     1    19     2     8
 -5.8009524558562353E-01 a      1469     1    19     2     9
  3.1084253969443670E-01 a      1470     1    19     2    10
  3.0638675832154394E-01 a      1471     1    19     2    11
 -7.0061366517008150E-01 a      1472     1    19     2    12
 -6.3904893922091713E-02 a      1473     1    19     2    13
  2.3687284388246999E-01 a      1474     1    19     2    14
 -1.4547827274101446E-01 a      1475     1    19     2    15
  1.8048594654500913E-01 a      1476     1    19     2    16
  5.5415836498908499E-01 a      1477     1    19     2    17
  3.5355398040554653E-01 a      1478     1    19     2    18
  5.0614143922652266E-01 a      1479     1    19     2    19
  5.6023064458768668E-01 a      1480     1    19     2    20
  3.6900875566336688E-01 a      1481     1    20     2     1
 -2.7460695379541378E-01 a      1482     1    20     2     2
 -2.4030327465863174E-01 a      1483     1    20     2     3
  9.2741043986067206E-03 a      1484     1    20     2     4
 -2.5247448740021167E-01 a      1485     1    20     2     5
 -2.9030693523610734E-01 a      1486     1    20     2     6
 -5.8970122505628475E-01 a      1487     1    20     2     7
  2.6791404627976451E-01 a      1488     1    20     2     8
 -5.3905715535705634E-01 a      1489     1    20     2     9
  8.6474297696733793E-01 a      1490     1    20     2    10
 -1.6872436421507989E-01 a      1491     1    20     2    11
 -3.1011645971174862E-01 a      1492     1    20     2    12
 -3.5998849460552751E-01 a      1493     1    20     2    13
 -6.2771464922562670E-01 a      1494     1    20     2    14
  4.9674440341569703E-02 a      1495     1    20     2    15
 -8.0417165322224604E-01 a      1496     1    20     2    16
 -1.2609336886922004E-01 a      1497     1    20     2    17
  4.1062168255294511E-02 a      1498     1    20     2    18
  8.4585761735451337E-01 a      1499     1    20     2    19
  4.6591215893407195E-01 a      1500     1    20     2    20
  2.4112889950568780E-01 b      1501     2     1
  1.1826678614179131E+00 b      1502     2     2
  1.2091578156526166E+00 b      1503     2     3
  7.5672999169515576E-01 b      1504     2     4
 -5.3599899699944131E-01 b      1505     2     5
  1.0664493160000548E+00 b      1506     2     6
 -3.4697679119046043E-01 b      1507     2     7
  1.6669283490675115E+00 b      1508     2     8
  2.5004832411668948E-01 b      1509     2     9
 -5.5336722877056987E-01 b      1510     2    10
 -8.1185888756922209E-01 b      1511     2    11
  1.0224587693097384E+00 b      1512     2    12
 -1.9864970785079111E-01 b      1513     2    13
 -8.0052877344893547E-01 b      1514     2    14
  6.4180774051052547E-01 b      1515     2    15
  6.4628206502236030E-01 b      1516     2    16
 -1.3771203047925038E+00 b      1517     2    17
  7.2297399277034580E-01 b      1518     2    18
 -1.0547564994753238E+00 b      1519     2    19
  1.3159112666988109E+00 b      1520     2    20
  4.5196745591716742E-01 a      1521     2     1     3     1
 -5.3989529088178667E-01 a      1522     2     2     3     1
  4.5064596323190276E-01 a      1523     2     3     3     1
 -1.1876222073874911E+00 a      1524     2     4     3     1
  5.6333950852952241E-01 a      1525     2     5     3     1
 -1.1423210627018192E+00 a      1526     2     6     3     1
 -7.1888998258245596E-01 a      1527     2     7     3     1
 -5.7917844359814641E-01 a      1528     2     8     3     1
 -4.2053435495258218E-01 a      1529     2     9     3     1
 -2.2181363957570177E-01 a      1530     2    10     3     1
  1.6390842746645109E+00 a      1531     2    11     3     1
 -1.0544484758614943E+00 a      1532     2    12     3     1
  4.3782474019781070E-01 a      1533     2    13     3     1
  2.9979041295999143E-01 a      1534     2    14     3     1
  3.1688966637223509E-01 a      1535     2    15     3     1
  1.8595173324971961E-01 a      1536     2    16     3     1
 -1.1264992269007326E-01 a      1537     2    17     3     1
  9.9033646658094909E-01 a      1538     2    18     3     1
  6.4547501040729249E-01 a      1539     2    19     3     1
  1.1462864977960920E-01 a      1540     2    20     3     1
 -4.7095219078221073E-01 b      1541     3     1
