################################################################################
# Neural network connection values (weights and biases).
################################################################################
# Col  Name       Description
################################################################################
# 1    connection Neural network connection value.
# 2    t          Connection type (a = weight, b = bias).
# 3    index      Index enumerating weights.
# 4    l_s        Starting point layer (end point layer for biases).
# 5    n_s        Starting point neuron in starting layer (end point neuron for biases).
# 6    l_e        End point layer.
# 7    n_e        End point neuron in end layer.
################################################################################
#                      1 2         3     4     5     6     7
#             connection t     index   l_s   n_s   l_e   n_e
############################################################
  2.5656941511807897E-02 a         1     0     1     1     1
 -6.1275699078132032E-02 a         2     0     1     1     2
 -9.6364215003152797E-03 a         3     0     1     1     3
  5.4765641120379474E-02 a         4     0     1     1     4
 -5.8800484272392123E-02 a         5     0     1     1     5
 -1.4725048937806712E-01 a         6     0     1     1     6
  8.9021209402623161E-02 a         7     0     1     1     7
 -1.5025712951143050E-01 a         8     0     1     1     8
  1.1561293124431993E-01 a         9     0     1     1     9
  1.9076238819659457E-02 a        10     0     1     1    10
  1.0527923487254763E-01 a        11     0     1     1    11
  6.3218481807595182E-03 a        12     0     1     1    12
  1.3986120481016992E-01 a        13     0     1     1    13
 -3.2774137504086330E-02 a        14     0     1     1    14
  4.5834277695956958E-02 a        15     0     1     1    15
 -9.0747022898460053E-02 a        16     0     1     1    16
  1.7450426335567462E-01 a        17     0     1     1    17
  2.3301689069754722E-01 a        18     0     1     1    18
 -3.0638869769661802E-02 a        19     0     1     1    19
  7.5849210132388448E-02 a        20     0     1     1    20
  3.6649805420347759E-01 a        21     0     2     1     1
  1.4013472572107482E+00 a        22     0     2     1     2
 -6.9131839746737089E-01 a        23     0     2     1     3
 -2.1492174997036367E-01 a        24     0     2     1     4
  1.2752855741116917E+00 a        25     0     2     1     5
 -4.6573399073487187E-01 a        26     0     2     1     6
 -8.6551362084518035E-01 a        27     0     2     1     7
 -2.9491382102973118E-01 a        28     0     2     1     8
 -4.8103868093325702E-01 a        29     0     2     1     9
 -5.0382723827424010E-03 a        30     0     2     1    10
 -7.7935868174773559E-01 a        31     0     2     1    11
  3.5635404663696019E-01 a        32     0     2     1    12
  4.7528154089033153E-01 a        33     0     2     1    13
  4.8864708537176754E-01 a        34     0     2     1    14
 -1.4562425947197619E+00 a        35     0     2     1    15
  7.4442370673408767E-02 a        36     0     2     1    16
 -1.4233134317809242E+00 a        37     0     2     1    17
 -3.1093234042253259E-01 a        38     0     2     1    18
 -5.6826040529222277E-01 a        39     0     2     1    19
  1.9357930696555914E-01 a        40     0     2     1    20
  1.0153616639669470E-01 a        41     0     3     1     1
 -5.1267365937461021E-02 a        42     0     3     1     2
 -1.8051856951991349E-01 a        43     0     3     1     3
 -1.3863999958911838E-01 a        44     0     3     1     4
 -2.0723853426470262E-01 a        45     0     3     1     5
  1.9825439043690493E-01 a        46     0     3     1     6
  1.2774530736343714E-02 a        47     0     3     1     7
  1.4857553908958981E-01 a        48     0     3     1     8
  5.2931443825594046E-02 a        49     0     3     1     9
 -8.1332553122772017E-02 a        50     0     3     1    10
  2.8838204665195516E-01 a        51     0     3     1    11
 -9.3386065103127445E-03 a        52     0     3     1    12
 -2.6494739407058890E-02 a        53     0     3     1    13
  2.5964279802189227E-01 a        54     0     3     1    14
  2.7791241494616031E-01 a        55     0     3     1    15
 -2.7153228763736592E-01 a        56     0     3     1    16
 -1.6698739592893430E-01 a        57     0     3     1    17
 -1.6515923565803525E-01 a        58     0     3     1    18
 -2.8106068710222998E-01 a        59     0     3     1    19
  1.7376931353074668E-01 a        60     0     3     1    20
  3.0988682187649691E-01 a        61     0     4     1     1
  8.8550536459173962E-02 a        62     0     4     1     2
 -1.8440929737461767E-02 a        63     0     4     1     3
 -2.8198964005795857E-01 a        64     0     4     1     4
  2.2739629212326130E-02 a        65     0     4     1     5
 -5.3676102497332123E-02 a        66     0     4     1     6
 -7.6354027202846467E-02 a        67     0     4     1     7
  8.3599662736928315E-02 a        68     0     4     1     8
 -1.7614990650935811E-01 a        69     0     4     1     9
  2.5683746805468838E-02 a        70     0     4     1    10
 -4.8154766775073382E-01 a        71     0     4     1    11
  1.2198288602648129E-01 a        72     0     4     1    12
 -2.9447247830816042E-01 a        73     0     4     1    13
  4.3078194879543466E-02 a        74     0     4     1    14
 -1.2536315783683014E-01 a        75     0     4     1    15
  1.5037143466290905E-02 a        76     0     4     1    16
 -3.3212342013686530E-01 a        77     0     4     1    17
 -1.2779002747304563E-01 a        78     0     4     1    18
  9.0132227145629254E-02 a        79     0     4     1    19
 -4.6122542441719944E-01 a        80     0     4     1    20
  2.3832714391171461E-01 a        81     0     5     1     1
 -3.9619191213574595E-01 a        82     0     5     1     2
  4.2586609562620170E-01 a        83     0     5     1     3
  5.5735920901377090E-01 a        84     0     5     1     4
 -6.7237006927689924E-01 a        85     0     5     1     5
  6.4406762085321867E-01 a        86     0     5     1     6
 -4.4483885945949730E-01 a        87     0     5     1     7
  7.9715743875693829E-02 a        88     0     5     1     8
 -9.0883975886773061E-01 a        89     0     5     1     9
 -4.5128848346835260E-01 a        90     0     5     1    10
 -1.0469297280285770E+00 a        91     0     5     1    11
  2.9878733414910008E-01 a        92     0     5     1    12
 -9.6130009917242942E-01 a        93     0     5     1    13
  2.3424753632641374E-01 a        94     0     5     1    14
  2.2985827299734982E+00 a        95     0     5     1    15
 -2.7286039229206377E-01 a        96     0     5     1    16
 -4.3074737455220280E-01 a        97     0     5     1    17
  3.3406702947960459E-01 a        98     0     5     1    18
  1.4821571714167767E+00 a        99     0     5     1    19
 -7.7982572995364052E-01 a       100     0     5     1    20
 -1.9940072973781295E-01 a       101     0     6     1     1
  9.5224730276788391E-02 a       102     0     6     1     2
  1.9355375850570766E-01 a       103     0     6     1     3
 -3.5519505704872965E-02 a       104     0     6     1     4
  1.9172806234689344E-01 a       105     0     6     1     5
 -2.3153797222465003E-01 a       106     0     6     1     6
  1.1258281371484855E-01 a       107     0     6     1     7
 -3.0048557218559285E-01 a       108     0     6     1     8
 -2.1272938223207648E-02 a       109     0     6     1     9
  1.9754144748618566E-01 a       110     0     6     1    10
 -1.4378675032318197E-01 a       111     0     6     1    11
 -1.2520613897625515E-01 a       112     0     6     1    12
 -2.9639831905145436E-01 a       113     0     6     1    13
 -7.3814661586171379E-02 a       114     0     6     1    14
 -4.1585253843473824E-01 a       115     0     6     1    15
  2.9410535840887125E-01 a       116     0     6     1    16
  2.8500210986222640E-01 a       117     0     6     1    17
  1.4296323635467223E-01 a       118     0     6     1    18
  1.2257834033000591E-01 a       119     0     6     1    19
 -3.0703858533907274E-01 a       120     0     6     1    20
  1.6644576563442320E-01 a       121     0     7     1     1
  1.5159147513462388E-02 a       122     0     7     1     2
 -7.8439218330330712E-02 a       123     0     7     1     3
  1.8325825885112251E-02 a       124     0     7     1     4
  1.8230283351042731E-01 a       125     0     7     1     5
 -2.9311805174604753E-03 a       126     0     7     1     6
  1.5276806399349624E-01 a       127     0     7     1     7
 -1.5631358843995166E-01 a       128     0     7     1     8
  2.4803904611763187E-02 a       129     0     7     1     9
  1.6463806656918160E-02 a       130     0     7     1    10
 -3.2746157326002688E-02 a       131     0     7     1    11
  8.7531411237602328E-04 a       132     0     7     1    12
 -3.1967111920748983E-02 a       133     0     7     1    13
 -8.6590916281599303E-02 a       134     0     7     1    14
 -5.5172755799369137E-02 a       135     0     7     1    15
 -1.8568745708073198E-01 a       136     0     7     1    16
 -3.6591914901875466E-02 a       137     0     7     1    17
  4.2791693299506946E-02 a       138     0     7     1    18
  1.3275847665266689E-02 a       139     0     7     1    19
 -1.0940356729400967E-01 a       140     0     7     1    20
  6.1364896446556505E-01 a       141     0     8     1     1
  9.5187659614617581E-01 a       142     0     8     1     2
 -6.4298898886527145E-01 a       143     0     8     1     3
 -1.5804463130093111E-02 a       144     0     8     1     4
  9.4811869230409085E-01 a       145     0     8     1     5
  1.6301335167215317E-01 a       146     0     8     1     6
 -5.9802608609198127E-01 a       147     0     8     1     7
 -5.3431297100152308E-01 a       148     0     8     1     8
 -7.9084387186158553E-02 a       149     0     8     1     9
  1.1420607391764546E+00 a       150     0     8     1    10
  2.2563654162868182E-01 a       151     0     8     1    11
  1.0024270282822581E-01 a       152     0     8     1    12
  6.3272582089840002E-01 a       153     0     8     1    13
  2.9592870829623537E-02 a       154     0     8     1    14
 -2.0618096888764033E+00 a       155     0     8     1    15
 -7.2034840273657064E-01 a       156     0     8     1    16
 -4.6325143536565433E-01 a       157     0     8     1    17
 -6.3011649989889507E-01 a       158     0     8     1    18
  4.8549922346384555E-01 a       159     0     8     1    19
  5.6563553943193501E-01 a       160     0     8     1    20
  3.3521164889920246E-01 a       161     0     9     1     1
 -7.6917702209840866E-03 a       162     0     9     1     2
 -9.7716850053747500E-02 a       163     0     9     1     3
  2.6903000062682342E-01 a       164     0     9     1     4
  2.2640078406888026E-01 a       165     0     9     1     5
  1.2270458176576247E-01 a       166     0     9     1     6
 -2.9983665473720295E-01 a       167     0     9     1     7
  4.0658405326015022E-02 a       168     0     9     1     8
 -8.8553403946041248E-02 a       169     0     9     1     9
 -2.0512705985658361E-01 a       170     0     9     1    10
 -1.8427827896003626E-01 a       171     0     9     1    11
  4.6555870833901014E-01 a       172     0     9     1    12
  8.5145704000255798E-02 a       173     0     9     1    13
  3.6893336283898605E-02 a       174     0     9     1    14
  1.8215653366448856E-01 a       175     0     9     1    15
 -2.4658725836158818E-01 a       176     0     9     1    16
  1.3102616297298170E-01 a       177     0     9     1    17
  3.6571221627614878E-02 a       178     0     9     1    18
  1.9045434355631191E-01 a       179     0     9     1    19
 -6.5592364680969475E-02 a       180     0     9     1    20
  2.6858320288977494E-01 a       181     0    10     1     1
  1.1454393950972745E-02 a       182     0    10     1     2
 -2.8205284836972128E-02 a       183     0    10     1     3
 -2.8048294238348415E-01 a       184     0    10     1     4
  6.3938384677775836E-02 a       185     0    10     1     5
 -1.0126884504258911E-01 a       186     0    10     1     6
  3.8292180446476295E-02 a       187     0    10     1     7
 -1.0594166120090134E-01 a       188     0    10     1     8
 -8.0916782478839933E-02 a       189     0    10     1     9
  3.0070646834691763E-02 a       190     0    10     1    10
 -2.3799862520634338E-01 a       191     0    10     1    11
 -1.3477978301402732E-02 a       192     0    10     1    12
 -1.6691810119769651E-01 a       193     0    10     1    13
  1.1035610500439143E-01 a       194     0    10     1    14
 -1.1121643454162179E-01 a       195     0    10     1    15
 -8.5848779952824042E-02 a       196     0    10     1    16
 -8.6656383960667938E-02 a       197     0    10     1    17
  5.5443553811056125E-02 a       198     0    10     1    18
  2.1653886629700711E-01 a       199     0    10     1    19
 -4.6162967898421486E-01 a       200     0    10     1    20
 -1.3872750774455472E-01 a       201     0    11     1     1
 -3.8534302049895448E-02 a       202     0    11     1     2
  5.9789236790705935E-01 a       203     0    11     1     3
  2.9099390952927678E-01 a       204     0    11     1     4
  4.0271882127217512E-01 a       205     0    11     1     5
  1.2685167445461859E-01 a       206     0    11     1     6
 -4.1155925620950634E-01 a       207     0    11     1     7
  9.8151100986606621E-01 a       208     0    11     1     8
 -3.8421136304343045E-01 a       209     0    11     1     9
 -1.2981885037600747E+00 a       210     0    11     1    10
 -4.5751588744006311E-01 a       211     0    11     1    11
  1.3610989090019499E-01 a       212     0    11     1    12
  3.6978594671507792E-01 a       213     0    11     1    13
  1.2856328037146467E+00 a       214     0    11     1    14
  1.4364429518204498E+00 a       215     0    11     1    15
  7.7421574749891087E-02 a       216     0    11     1    16
 -9.8560337817158905E-01 a       217     0    11     1    17
  2.9239179212517086E-01 a       218     0    11     1    18
 -7.8683504408185712E-01 a       219     0    11     1    19
 -3.2384792337567053E-01 a       220     0    11     1    20
  2.0847861473634825E-02 a       221     0    12     1     1
 -1.8384896037779533E-01 a       222     0    12     1     2
 -5.6846460331065003E-02 a       223     0    12     1     3
 -1.8948823445204835E-01 a       224     0    12     1     4
  2.0762213830986959E-01 a       225     0    12     1     5
  3.8646405655264893E-02 a       226     0    12     1     6
  1.6952907612805440E-01 a       227     0    12     1     7
 -1.6530817800725847E-01 a       228     0    12     1     8
 -2.1457252835323876E-01 a       229     0    12     1     9
  3.2088931715321400E-02 a       230     0    12     1    10
  2.2215951000983775E-01 a       231     0    12     1    11
  1.1994572671986299E-01 a       232     0    12     1    12
 -1.6554724529295595E-01 a       233     0    12     1    13
  2.3348299302017245E-01 a       234     0    12     1    14
 -5.1266893762765532E-02 a       235     0    12     1    15
 -3.5344470640920167E-02 a       236     0    12     1    16
  3.0470408380148384E-01 a       237     0    12     1    17
 -2.2372926639570662E-02 a       238     0    12     1    18
  1.5516868125687666E-01 a       239     0    12     1    19
  4.1444123016253213E-02 a       240     0    12     1    20
  1.0633180403779147E-01 a       241     0    13     1     1
  4.3295733854620884E-02 a       242     0    13     1     2
 -1.8857421165536868E-02 a       243     0    13     1     3
 -6.5472238545982386E-02 a       244     0    13     1     4
  3.1926763010065438E-02 a       245     0    13     1     5
  2.9076553001300423E-02 a       246     0    13     1     6
  7.3367353448948847E-02 a       247     0    13     1     7
  2.0871090986358961E-03 a       248     0    13     1     8
 -2.6518077977856550E-02 a       249     0    13     1     9
 -1.0384788803114322E-02 a       250     0    13     1    10
 -5.2217719748783607E-02 a       251     0    13     1    11
  6.1500055790025383E-02 a       252     0    13     1    12
  5.2918597326778748E-02 a       253     0    13     1    13
  1.7255677547077273E-02 a       254     0    13     1    14
 -2.7445021185829137E-02 a       255     0    13     1    15
 -6.6805775341437612E-02 a       256     0    13     1    16
 -1.1024599534537352E-01 a       257     0    13     1    17
  4.8723033197206778E-02 a       258     0    13     1    18
  1.8386832295222012E-03 a       259     0    13     1    19
 -3.6779817589951878E-02 a       260     0    13     1    20
 -3.1075628356338942E-02 a       261     0    14     1     1
  2.5556333686646110E-01 a       262     0    14     1     2
 -3.9660311090843758E-01 a       263     0    14     1     3
 -2.1669115801345749E-02 a       264     0    14     1     4
  5.2481196128609309E-01 a       265     0    14     1     5
 -1.7433063154182107E-01 a       266     0    14     1     6
 -1.9441337761732496E-02 a       267     0    14     1     7
 -7.1312021834374495E-01 a       268     0    14     1     8
  3.3647550727189245E-02 a       269     0    14     1     9
  6.2378099617461180E-01 a       270     0    14     1    10
  9.1722272143719724E-02 a       271     0    14     1    11
 -3.0958008120881533E-02 a       272     0    14     1    12
 -1.9774872645130781E-02 a       273     0    14     1    13
 -3.4487603549386325E-01 a       274     0    14     1    14
 -5.1511126864725243E-01 a       275     0    14     1    15
  1.3887722273166092E-01 a       276     0    14     1    16
  2.6925048399238878E-02 a       277     0    14     1    17
 -1.8907893303477571E-01 a       278     0    14     1    18
  7.6688620187104495E-01 a       279     0    14     1    19
  3.6051356665646919E-02 a       280     0    14     1    20
  1.7253813792200523E-01 a       281     0    15     1     1
 -1.7912052512098504E-02 a       282     0    15     1     2
  1.1594869304406339E-02 a       283     0    15     1     3
 -1.4041325118761952E-01 a       284     0    15     1     4
  2.6459754808949293E-01 a       285     0    15     1     5
 -5.0515412833081280E-02 a       286     0    15     1     6
 -6.7945954525502131E-02 a       287     0    15     1     7
 -6.6241041504319129E-02 a       288     0    15     1     8
 -8.4895563273882271E-02 a       289     0    15     1     9
 -2.0251670283994671E-02 a       290     0    15     1    10
 -1.2198886217286113E-01 a       291     0    15     1    11
  1.8533764126644939E-01 a       292     0    15     1    12
 -1.1689648582857598E-01 a       293     0    15     1    13
 -1.0490542353416175E-02 a       294     0    15     1    14
  1.6166436475584443E-02 a       295     0    15     1    15
 -1.2753436796740833E-01 a       296     0    15     1    16
  5.7854222916647095E-02 a       297     0    15     1    17
  2.5973799706258020E-02 a       298     0    15     1    18
 -5.9646033694190389E-04 a       299     0    15     1    19
 -2.4212849247552057E-01 a       300     0    15     1    20
 -2.1728788280606461E-03 a       301     0    16     1     1
 -2.4483027273784885E-02 a       302     0    16     1     2
 -4.4000133803664264E-02 a       303     0    16     1     3
 -9.2063619107539324E-02 a       304     0    16     1     4
  1.1132389931253883E-01 a       305     0    16     1     5
 -1.5207992696107800E-01 a       306     0    16     1     6
  1.3263300548768370E-01 a       307     0    16     1     7
  9.5229246481005697E-02 a       308     0    16     1     8
 -6.5519525602024250E-03 a       309     0    16     1     9
  2.7311099873414860E-02 a       310     0    16     1    10
 -1.7954135268231797E-01 a       311     0    16     1    11
  1.1027542591120924E-01 a       312     0    16     1    12
 -1.3449584567414824E-01 a       313     0    16     1    13
 -1.3369158343911175E-01 a       314     0    16     1    14
 -2.6324620791161012E-02 a       315     0    16     1    15
 -1.0563061698798897E-01 a       316     0    16     1    16
 -1.9338441998197294E-02 a       317     0    16     1    17
  2.3537056298353204E-02 a       318     0    16     1    18
 -1.2542240738970348E-02 a       319     0    16     1    19
 -2.2232407231516080E-02 a       320     0    16     1    20
 -1.3754498301355228E-01 a       321     0    17     1     1
 -3.0915487661261182E-01 a       322     0    17     1     2
  2.5566873315249006E-01 a       323     0    17     1     3
  4.3494827891794019E-01 a       324     0    17     1     4
 -1.8812088093789328E-01 a       325     0    17     1     5
  8.6495219333619935E-02 a       326     0    17     1     6
 -1.0486888495061045E-01 a       327     0    17     1     7
  3.0815447262790296E-01 a       328     0    17     1     8
 -1.8484814879521139E-01 a       329     0    17     1     9
 -3.9783826547271883E-01 a       330     0    17     1    10
  2.7387495871951306E-01 a       331     0    17     1    11
 -5.4235702495684074E-02 a       332     0    17     1    12
  1.5817006917251705E-01 a       333     0    17     1    13
  4.2850803694122608E-01 a       334     0    17     1    14
  2.6116508573400932E-01 a       335     0    17     1    15
 -2.8717504644458031E-01 a       336     0    17     1    16
 -4.5046552856926136E-01 a       337     0    17     1    17
 -3.6446719250531046E-01 a       338     0    17     1    18
 -4.6813834055118686E-01 a       339     0    17     1    19
 -2.1621910183482482E-01 a       340     0    17     1    20
 -8.5980569304058729E-02 a       341     0    18     1     1
 -2.7054549457519405E-02 a       342     0    18     1     2
 -4.2259863711627550E-02 a       343     0    18     1     3
  1.0075940015681302E-01 a       344     0    18     1     4
  1.0310981276400311E-01 a       345     0    18     1     5
  2.5871777788163363E-02 a       346     0    18     1     6
  2.2588263327302231E-02 a       347     0    18     1     7
 -1.5078163030258265E-01 a       348     0    18     1     8
 -4.3183580364039111E-02 a       349     0    18     1     9
 -4.4082422241961634E-02 a       350     0    18     1    10
  9.2437303960281783E-02 a       351     0    18     1    11
  4.2975096548841990E-02 a       352     0    18     1    12
 -6.0734977738576015E-02 a       353     0    18     1    13
  9.3912702828537961E-02 a       354     0    18     1    14
 -2.0150098460694817E-02 a       355     0    18     1    15
  4.2793084395071346E-02 a       356     0    18     1    16
  1.8961052477876142E-01 a       357     0    18     1    17
  1.1408932283127043E-02 a       358     0    18     1    18
  1.5236505641296594E-01 a       359     0    18     1    19
  3.5212631126664728E-02 a       360     0    18     1    20
  1.2032088583033815E-02 a       361     0    19     1     1
  1.8839876850821079E-02 a       362     0    19     1     2
  3.8803307684535063E-02 a       363     0    19     1     3
 -1.1836224139529654E-01 a       364     0    19     1     4
 -5.0947166795020642E-02 a       365     0    19     1     5
  8.8361052957480923E-02 a       366     0    19     1     6
 -1.7603590800430603E-02 a       367     0    19     1     7
 -5.6819695462575530E-02 a       368     0    19     1     8
 -6.6898944294561209E-03 a       369     0    19     1     9
 -9.3196900002510651E-03 a       370     0    19     1    10
  4.7360614351262119E-02 a       371     0    19     1    11
 -3.8574097484659169E-02 a       372     0    19     1    12
  4.3942790442150596E-02 a       373     0    19     1    13
  1.4889017717158889E-01 a       374     0    19     1    14
 -9.3599366159111217E-03 a       375     0    19     1    15
  4.0763731402135871E-02 a       376     0    19     1    16
  2.3075888748504496E-03 a       377     0    19     1    17
  7.0537770580511236E-02 a       378     0    19     1    18
  7.0198990456190297E-02 a       379     0    19     1    19
 -5.1246582708149066E-02 a       380     0    19     1    20
  6.9432666876455906E-01 a       381     0    20     1     1
  3.4114980664591577E-01 a       382     0    20     1     2
 -1.1318524148921970E-01 a       383     0    20     1     3
 -5.5707934926084601E-01 a       384     0    20     1     4
  9.4285007070281063E-02 a       385     0    20     1     5
  2.1082020466033982E-01 a       386     0    20     1     6
 -1.3195959578586172E-01 a       387     0    20     1     7
  3.6744675056552167E-01 a       388     0    20     1     8
  2.6738100248109753E-01 a       389     0    20     1     9
  1.9017680928627556E-01 a       390     0    20     1    10
 -9.8146156712202504E-02 a       391     0    20     1    11
 -1.6964069949454819E-01 a       392     0    20     1    12
  3.7976372953887483E-01 a       393     0    20     1    13
  1.1777318878817711E-02 a       394     0    20     1    14
 -8.3182401394239783E-02 a       395     0    20     1    15
  9.1922631110563618E-02 a       396     0    20     1    16
 -1.5705996309526307E-02 a       397     0    20     1    17
  9.1757994350562408E-02 a       398     0    20     1    18
  1.4277139718931900E-01 a       399     0    20     1    19
 -3.1230083455551861E-03 a       400     0    20     1    20
  1.0064279796633357E-01 a       401     0    21     1     1
 -7.8388355156146000E-04 a       402     0    21     1     2
  3.3734370017925695E-02 a       403     0    21     1     3
 -7.1585248644737184E-02 a       404     0    21     1     4
 -4.6683268773835822E-02 a       405     0    21     1     5
  4.5655204717374581E-02 a       406     0    21     1     6
 -8.0893507324074951E-02 a       407     0    21     1     7
  6.9408716557301881E-02 a       408     0    21     1     8
 -2.9632078250241761E-02 a       409     0    21     1     9
  3.0635774829004311E-02 a       410     0    21     1    10
  1.1391687829943799E-02 a       411     0    21     1    11
  1.3454777268321914E-02 a       412     0    21     1    12
  9.6950659513932197E-02 a       413     0    21     1    13
  4.7537369443533310E-02 a       414     0    21     1    14
  1.8933209855701464E-02 a       415     0    21     1    15
 -4.2566803144497588E-02 a       416     0    21     1    16
 -3.5624071715609107E-02 a       417     0    21     1    17
  7.3276841986617261E-03 a       418     0    21     1    18
 -8.2005826665472542E-02 a       419     0    21     1    19
 -3.6581384761828512E-02 a       420     0    21     1    20
 -7.0958727736753760E-03 a       421     0    22     1     1
 -2.3916519187660440E-02 a       422     0    22     1     2
 -5.0711363722613964E-02 a       423     0    22     1     3
  2.6249125426195438E-02 a       424     0    22     1     4
  7.1665237184179734E-02 a       425     0    22     1     5
 -1.2743737762216500E-01 a       426     0    22     1     6
  1.2984002409354092E-01 a       427     0    22     1     7
  1.8295369870573089E-01 a       428     0    22     1     8
  1.8770672601493080E-03 a       429     0    22     1     9
  1.1149314367865946E-02 a       430     0    22     1    10
 -1.2055626893504343E-01 a       431     0    22     1    11
  1.4836545723568961E-01 a       432     0    22     1    12
 -1.1099634991281037E-02 a       433     0    22     1    13
 -1.6960947554902270E-01 a       434     0    22     1    14
  5.3503426671601961E-03 a       435     0    22     1    15
 -1.0049391181980652E-01 a       436     0    22     1    16
 -1.0101380863436846E-01 a       437     0    22     1    17
 -1.4352714740646907E-02 a       438     0    22     1    18
 -1.0567490004828914E-01 a       439     0    22     1    19
  1.2959156028842772E-01 a       440     0    22     1    20
 -8.3403393758747946E-01 a       441     0    23     1     1
 -5.1326533500884779E-02 a       442     0    23     1     2
  1.8161402566454848E-02 a       443     0    23     1     3
  8.3431470393537033E-01 a       444     0    23     1     4
  1.6925313831833999E-01 a       445     0    23     1     5
  2.9749152113828052E-02 a       446     0    23     1     6
 -7.0870435144927899E-02 a       447     0    23     1     7
 -4.9233224917650287E-01 a       448     0    23     1     8
 -1.8986207002543082E-02 a       449     0    23     1     9
 -1.2021288634328119E-01 a       450     0    23     1    10
  4.5627954469124110E-01 a       451     0    23     1    11
  3.1200554651955664E-01 a       452     0    23     1    12
 -5.8336674153830634E-02 a       453     0    23     1    13
 -7.0829971200872824E-02 a       454     0    23     1    14
 -1.3859509550332074E-02 a       455     0    23     1    15
 -5.0932880892926767E-02 a       456     0    23     1    16
  8.0257798061655505E-02 a       457     0    23     1    17
 -9.0183634852536457E-02 a       458     0    23     1    18
  3.2905044986679729E-03 a       459     0    23     1    19
  1.8346863173701158E-01 a       460     0    23     1    20
  1.3212717403754433E-02 a       461     0    24     1     1
  6.6798911689143763E-04 a       462     0    24     1     2
 -1.0868873404220830E-02 a       463     0    24     1     3
  6.6319717803978925E-02 a       464     0    24     1     4
  6.3332556690772535E-02 a       465     0    24     1     5
  3.0561955635000613E-02 a       466     0    24     1     6
  3.0489755396467751E-02 a       467     0    24     1     7
 -1.6132612201086080E-01 a       468     0    24     1     8
  4.4600870529261531E-02 a       469     0    24     1     9
 -5.4750166286899320E-02 a       470     0    24     1    10
  7.6264382677189685E-02 a       471     0    24     1    11
 -7.9556447268565034E-02 a       472     0    24     1    12
 -5.0031313264743547E-02 a       473     0    24     1    13
 -2.5931982974615794E-03 a       474     0    24     1    14
 -1.7803059581158385E-02 a       475     0    24     1    15
  3.6820560207200509E-02 a       476     0    24     1    16
  4.7955401417772547E-02 a       477     0    24     1    17
 -3.7847759016299450E-02 a       478     0    24     1    18
  9.8906759409803979E-02 a       479     0    24     1    19
 -1.1126561971429726E-01 a       480     0    24     1    20
 -8.2220549165184491E-03 a       481     0    25     1     1
  2.0193200312132310E-03 a       482     0    25     1     2
  4.0845182272099219E-02 a       483     0    25     1     3
 -5.3988071665961326E-02 a       484     0    25     1     4
 -4.4838531670026230E-02 a       485     0    25     1     5
  5.6357480560345181E-02 a       486     0    25     1     6
 -5.8499870333420377E-02 a       487     0    25     1     7
 -7.8787551491023677E-02 a       488     0    25     1     8
  9.6104991619076915E-04 a       489     0    25     1     9
  1.6323995846462030E-02 a       490     0    25     1    10
  2.8678960014324923E-02 a       491     0    25     1    11
 -7.7109259605374667E-02 a       492     0    25     1    12
 -1.7955690239480831E-02 a       493     0    25     1    13
  6.4277309129299312E-02 a       494     0    25     1    14
 -2.4052839963800911E-03 a       495     0    25     1    15
  3.9152931710304227E-02 a       496     0    25     1    16
  8.6999679803322919E-02 a       497     0    25     1    17
  1.2789314392610914E-02 a       498     0    25     1    18
  5.6865805131936654E-02 a       499     0    25     1    19
 -5.6140963392489127E-02 a       500     0    25     1    20
  3.0347597752046929E-01 a       501     0    26     1     1
  1.8380940987832593E-03 a       502     0    26     1     2
  1.8363698621061481E-02 a       503     0    26     1     3
 -2.0104967655224609E-01 a       504     0    26     1     4
  1.0908276764887228E-02 a       505     0    26     1     5
 -2.3958145510524543E-02 a       506     0    26     1     6
  9.5938099746046432E-02 a       507     0    26     1     7
  1.8158528967070542E-01 a       508     0    26     1     8
 -6.0027782787547751E-02 a       509     0    26     1     9
  2.7608405317369224E-02 a       510     0    26     1    10
 -4.2428890541896774E-01 a       511     0    26     1    11
 -1.2387190194840753E-01 a       512     0    26     1    12
  7.5468991760810469E-02 a       513     0    26     1    13
 -2.2495176536941261E-01 a       514     0    26     1    14
 -1.6730295486168039E-02 a       515     0    26     1    15
  4.1166139250296122E-02 a       516     0    26     1    16
  1.9595295810158994E-02 a       517     0    26     1    17
 -3.1827203253966541E-02 a       518     0    26     1    18
 -1.4442330209352212E-02 a       519     0    26     1    19
 -9.3533599596558020E-02 a       520     0    26     1    20
 -2.4591997444637855E-02 a       521     0    27     1     1
  2.1955466266631102E-02 a       522     0    27     1     2
  1.4319201047576500E-03 a       523     0    27     1     3
  6.8205861928436418E-02 a       524     0    27     1     4
 -5.0084420412052480E-02 a       525     0    27     1     5
  1.2504163642756345E-02 a       526     0    27     1     6
 -8.3903769108174375E-02 a       527     0    27     1     7
  4.8063877193282582E-02 a       528     0    27     1     8
 -3.3295760624856847E-02 a       529     0    27     1     9
  1.7307811337342726E-02 a       530     0    27     1    10
 -5.8342441760274441E-03 a       531     0    27     1    11
  8.4907946625590661E-03 a       532     0    27     1    12
  4.3415681949514666E-02 a       533     0    27     1    13
  5.2880009388428156E-02 a       534     0    27     1    14
 -1.3893736335582614E-03 a       535     0    27     1    15
  2.2146069882659793E-02 a       536     0    27     1    16
 -2.7212305934215166E-02 a       537     0    27     1    17
  1.9744874234672921E-03 a       538     0    27     1    18
 -3.9825102135515301E-02 a       539     0    27     1    19
  9.4348247290319237E-02 a       540     0    27     1    20
 -3.0887286988792152E-02 a       541     0    28     1     1
  1.0306828990937647E-03 a       542     0    28     1     2
 -1.5397149693829036E-02 a       543     0    28     1     3
 -4.5322146491922857E-02 a       544     0    28     1     4
  7.1586592802776391E-02 a       545     0    28     1     5
 -3.5198308488877214E-02 a       546     0    28     1     6
  7.9164281303777173E-02 a       547     0    28     1     7
  4.6989731470275700E-02 a       548     0    28     1     8
  8.2715301089238656E-03 a       549     0    28     1     9
 -9.7599138889487205E-03 a       550     0    28     1    10
 -3.7311281542920002E-02 a       551     0    28     1    11
  1.2425648410300744E-01 a       552     0    28     1    12
  1.7066002806208024E-02 a       553     0    28     1    13
 -2.5766803951679528E-02 a       554     0    28     1    14
 -2.9215132451058880E-03 a       555     0    28     1    15
 -5.3830235502738306E-02 a       556     0    28     1    16
 -2.1425284439665300E-02 a       557     0    28     1    17
  4.1984471606109304E-02 a       558     0    28     1    18
 -5.1981014621588434E-03 a       559     0    28     1    19
  2.1162180495901766E-03 a       560     0    28     1    20
 -7.1905400361754329E-02 a       561     0    29     1     1
 -1.6360501867333455E-02 a       562     0    29     1     2
 -2.0176816744927068E-02 a       563     0    29     1     3
  1.0150237972825039E-01 a       564     0    29     1     4
 -4.3527391125422567E-02 a       565     0    29     1     5
  1.3550447200973701E-02 a       566     0    29     1     6
  1.3803231709779434E-02 a       567     0    29     1     7
 -2.0596739548521611E-01 a       568     0    29     1     8
 -9.5505455095880494E-03 a       569     0    29     1     9
 -3.5500506878923303E-02 a       570     0    29     1    10
  1.8623847335722915E-01 a       571     0    29     1    11
 -7.1220836520208899E-02 a       572     0    29     1    12
 -1.3991554516106058E-01 a       573     0    29     1    13
  6.9773296342024865E-02 a       574     0    29     1    14
  1.9038914273810843E-02 a       575     0    29     1    15
 -5.5888358128361390E-02 a       576     0    29     1    16
 -1.6330060809858904E-01 a       577     0    29     1    17
 -1.8596784013731199E-01 a       578     0    29     1    18
 -2.7179188313382594E-02 a       579     0    29     1    19
  6.2127639602280578E-02 a       580     0    29     1    20
  6.2323780990208195E-02 a       581     0    30     1     1
 -1.7796323069725374E-02 a       582     0    30     1     2
  5.8842017490839532E-03 a       583     0    30     1     3
 -2.2091879536988584E-02 a       584     0    30     1     4
 -6.6454314984539572E-03 a       585     0    30     1     5
  1.4349742396579712E-02 a       586     0    30     1     6
  2.0019427632672008E-02 a       587     0    30     1     7
 -6.2223604769826614E-02 a       588     0    30     1     8
  1.3993898271093689E-02 a       589     0    30     1     9
 -1.0630437271926660E-02 a       590     0    30     1    10
  2.5661698166667673E-02 a       591     0    30     1    11
 -4.5832452224072083E-02 a       592     0    30     1    12
 -3.0915245486453292E-02 a       593     0    30     1    13
 -1.7795698760482183E-02 a       594     0    30     1    14
  9.9060606358139774E-04 a       595     0    30     1    15
 -5.5931996818371884E-03 a       596     0    30     1    16
  2.6541582366904955E-02 a       597     0    30     1    17
 -1.4828529720790020E-02 a       598     0    30     1    18
  3.0868466135647636E-02 a       599     0    30     1    19
 -8.7760791245791975E-02 a       600     0    30     1    20
  1.8157033597237288E-01 a       601     0    31     1     1
 -5.3355029378594396E-04 a       602     0    31     1     2
 -2.0209650788261688E-02 a       603     0    31     1     3
  2.3062192997885388E-02 a       604     0    31     1     4
 -1.6694626899037437E-01 a       605     0    31     1     5
  5.2923930745048940E-02 a       606     0    31     1     6
  6.7455922297642204E-02 a       607     0    31     1     7
 -7.1146603455077798E-02 a       608     0    31     1     8
 -3.3600945743632378E-02 a       609     0    31     1     9
 -1.1592021662213741E-03 a       610     0    31     1    10
  2.1190310272423112E-02 a       611     0    31     1    11
  1.0503797827975492E-01 a       612     0    31     1    12
 -8.4354083047176551E-02 a       613     0    31     1    13
 -1.0274217320350153E-02 a       614     0    31     1    14
  7.2312199699364529E-03 a       615     0    31     1    15
 -5.4908086754333764E-02 a       616     0    31     1    16
  1.2813446507377446E-01 a       617     0    31     1    17
  3.2285983182437167E-02 a       618     0    31     1    18
  1.3508889573804478E-01 a       619     0    31     1    19
 -1.7407308546190239E-01 a       620     0    31     1    20
 -2.6907956084210438E-01 a       621     0    32     1     1
 -2.4156648296321392E-01 a       622     0    32     1     2
  1.2773141954061307E-01 a       623     0    32     1     3
  2.4246813377442028E-01 a       624     0    32     1     4
 -2.1545117920453771E-01 a       625     0    32     1     5
  5.7195969277111392E-03 a       626     0    32     1     6
  8.4369783923484890E-02 a       627     0    32     1     7
  1.0156971260594756E-01 a       628     0    32     1     8
  2.0230753307863135E-02 a       629     0    32     1     9
 -6.1716786929290626E-02 a       630     0    32     1    10
  9.6525125798102143E-02 a       631     0    32     1    11
  3.7550061527528086E-02 a       632     0    32     1    12
 -2.1149471997231631E-01 a       633     0    32     1    13
 -3.5847597898879102E-01 a       634     0    32     1    14
  2.1596235869108649E-01 a       635     0    32     1    15
  1.8108619141145524E-01 a       636     0    32     1    16
  3.6403408352603256E-01 a       637     0    32     1    17
 -2.1074656352966467E-01 a       638     0    32     1    18
 -1.6457787909664195E-01 a       639     0    32     1    19
  3.9189117101112647E-01 a       640     0    32     1    20
  4.9438184760991558E-02 a       641     0    33     1     1
  2.5156390920904298E-02 a       642     0    33     1     2
  3.3310325499855693E-02 a       643     0    33     1     3
  4.9053500011600894E-02 a       644     0    33     1     4
  8.7034501116258406E-02 a       645     0    33     1     5
  6.4898665723345850E-02 a       646     0    33     1     6
 -4.3084221596179133E-02 a       647     0    33     1     7
 -7.3860432160307680E-03 a       648     0    33     1     8
  3.2598101358414247E-02 a       649     0    33     1     9
  1.9659176977757580E-02 a       650     0    33     1    10
  4.9058955692614294E-02 a       651     0    33     1    11
 -1.2621248623740111E-01 a       652     0    33     1    12
  6.9196763330201680E-02 a       653     0    33     1    13
  4.3732783350562132E-03 a       654     0    33     1    14
 -5.6310805328467800E-02 a       655     0    33     1    15
 -1.0390980554979551E-02 a       656     0    33     1    16
  5.6455809170500186E-02 a       657     0    33     1    17
  8.3247960883993902E-02 a       658     0    33     1    18
 -8.2915789646836893E-02 a       659     0    33     1    19
  6.7401888097740309E-02 a       660     0    33     1    20
 -6.6720969289688914E-01 a       661     0    34     1     1
 -3.9452192668501507E-01 a       662     0    34     1     2
  7.7232439880577375E-01 a       663     0    34     1     3
  1.4840401950571991E-01 a       664     0    34     1     4
 -1.8430988300548552E+00 a       665     0    34     1     5
 -3.9889854268543012E-01 a       666     0    34     1     6
  5.1361707015598723E-01 a       667     0    34     1     7
  8.2710109236830576E-01 a       668     0    34     1     8
  5.5779519542074940E-01 a       669     0    34     1     9
  4.2550007032737863E-01 a       670     0    34     1    10
  1.0629350474723518E+00 a       671     0    34     1    11
  1.1297589651578357E-02 a       672     0    34     1    12
 -4.9087197702609253E-01 a       673     0    34     1    13
  3.0706411147374163E-01 a       674     0    34     1    14
 -2.7951040804306160E-01 a       675     0    34     1    15
  1.1793287076051457E+00 a       676     0    34     1    16
  6.7348998335168719E-01 a       677     0    34     1    17
 -7.3153713150846589E-01 a       678     0    34     1    18
  1.9543073745724093E-01 a       679     0    34     1    19
 -5.1486754572800941E-02 a       680     0    34     1    20
  5.9489749346078218E-03 a       681     0    35     1     1
  2.6079927515706158E-01 a       682     0    35     1     2
 -1.3154477442050455E-01 a       683     0    35     1     3
  1.7495925211207273E-02 a       684     0    35     1     4
 -6.2423004362729595E-01 a       685     0    35     1     5
  2.2316995581949398E-01 a       686     0    35     1     6
 -9.1867119684242465E-02 a       687     0    35     1     7
  2.0225397068219178E-01 a       688     0    35     1     8
 -2.5519771924310614E-01 a       689     0    35     1     9
  4.2068335572354454E-03 a       690     0    35     1    10
 -1.9504263006559186E-04 a       691     0    35     1    11
 -2.6408046183899592E-01 a       692     0    35     1    12
  1.1023843047877371E-01 a       693     0    35     1    13
  6.5042299577239560E-02 a       694     0    35     1    14
  1.9735107939457730E-01 a       695     0    35     1    15
  7.7324813657339453E-02 a       696     0    35     1    16
  8.6315421878700907E-02 a       697     0    35     1    17
 -6.7497884837129096E-01 a       698     0    35     1    18
 -2.0845922726832733E-01 a       699     0    35     1    19
  5.4028882207496665E-01 a       700     0    35     1    20
  6.0839928469365596E-02 a       701     0    36     1     1
 -5.9922898782599737E-02 a       702     0    36     1     2
 -2.6584106546270629E-02 a       703     0    36     1     3
  8.1193095622501210E-02 a       704     0    36     1     4
 -1.3591540761025472E-01 a       705     0    36     1     5
 -1.0677656138817331E-01 a       706     0    36     1     6
  1.0744238937223187E-01 a       707     0    36     1     7
 -2.1459232665615027E-02 a       708     0    36     1     8
 -1.7752355759777799E-01 a       709     0    36     1     9
 -6.0644586094472611E-02 a       710     0    36     1    10
 -3.7314064498885115E-02 a       711     0    36     1    11
  1.5310193115234412E-02 a       712     0    36     1    12
 -9.1460377292259365E-02 a       713     0    36     1    13
  2.7482029356886914E-02 a       714     0    36     1    14
  4.6628003401012301E-02 a       715     0    36     1    15
  9.3424977080803408E-03 a       716     0    36     1    16
  3.1752147565575463E-02 a       717     0    36     1    17
 -2.0010131801281203E-01 a       718     0    36     1    18
  3.1074866100314021E-02 a       719     0    36     1    19
  6.5411293666659362E-02 a       720     0    36     1    20
 -1.9646010144365134E-01 a       721     0    37     1     1
  6.0003768376419948E-03 a       722     0    37     1     2
 -9.5021893460289254E-03 a       723     0    37     1     3
  2.6855180653449745E-02 a       724     0    37     1     4
  5.7588353230563528E-02 a       725     0    37     1     5
 -1.9042204589543666E-03 a       726     0    37     1     6
 -2.4242740216458861E-01 a       727     0    37     1     7
  1.1660006936717372E-01 a       728     0    37     1     8
  5.3737314525576351E-03 a       729     0    37     1     9
 -2.0059447286077944E-02 a       730     0    37     1    10
 -3.6981107874271238E-02 a       731     0    37     1    11
 -2.0820494171158038E-01 a       732     0    37     1    12
  1.8400603443947655E-01 a       733     0    37     1    13
  1.5671109063040331E-01 a       734     0    37     1    14
 -1.3899822649575195E-02 a       735     0    37     1    15
  1.7380647289170348E-01 a       736     0    37     1    16
 -2.5208111556673479E-01 a       737     0    37     1    17
 -1.2510682746876842E-01 a       738     0    37     1    18
 -1.9207454015620598E-01 a       739     0    37     1    19
  2.5699265810084643E-01 a       740     0    37     1    20
 -1.5800877648850742E-01 a       741     0    38     1     1
  1.5509065825787988E-01 a       742     0    38     1     2
 -9.5226531725831703E-02 a       743     0    38     1     3
  2.0349914567204516E-01 a       744     0    38     1     4
 -1.8682791738177532E-01 a       745     0    38     1     5
 -1.3062748226416313E-01 a       746     0    38     1     6
 -1.9893346932999745E-01 a       747     0    38     1     7
 -1.0875148265724179E-01 a       748     0    38     1     8
 -8.4293891861255354E-02 a       749     0    38     1     9
  3.3444482505243164E-02 a       750     0    38     1    10
  1.1766884097818151E-02 a       751     0    38     1    11
 -6.4234716949508303E-02 a       752     0    38     1    12
 -3.3969687397682763E-01 a       753     0    38     1    13
 -5.4193885331892663E-02 a       754     0    38     1    14
 -9.4514975617909641E-03 a       755     0    38     1    15
  1.9827633242411422E-01 a       756     0    38     1    16
 -2.0558077605207162E-01 a       757     0    38     1    17
 -5.1682184538175489E-02 a       758     0    38     1    18
 -3.0042187870984945E-02 a       759     0    38     1    19
  4.7140361114930956E-01 a       760     0    38     1    20
 -1.2192624441805494E-01 a       761     0    39     1     1
 -1.6034825085276710E-01 a       762     0    39     1     2
 -3.5275329077407197E-03 a       763     0    39     1     3
 -3.3231567020094005E-01 a       764     0    39     1     4
 -2.0529073134311979E-01 a       765     0    39     1     5
  5.2574127903202775E-02 a       766     0    39     1     6
  2.6474010271212550E-01 a       767     0    39     1     7
  4.2765213672567104E-01 a       768     0    39     1     8
  1.8256772954637984E-01 a       769     0    39     1     9
 -2.0024294470867390E-01 a       770     0    39     1    10
  1.8498661244598064E-01 a       771     0    39     1    11
  3.5319810188195293E-02 a       772     0    39     1    12
  1.9199702335779412E-01 a       773     0    39     1    13
  2.2243835362402176E-01 a       774     0    39     1    14
  2.5631065616623505E-01 a       775     0    39     1    15
 -2.0898301135757480E-01 a       776     0    39     1    16
 -7.0261607974505383E-02 a       777     0    39     1    17
 -3.6035240724953888E-01 a       778     0    39     1    18
 -1.7056622391221957E-01 a       779     0    39     1    19
  3.7258589361847824E-02 a       780     0    39     1    20
 -2.0068056689433186E-01 a       781     0    40     1     1
 -1.0213458478366186E+00 a       782     0    40     1     2
 -2.9335949996974003E-01 a       783     0    40     1     3
 -8.5401974237746781E-01 a       784     0    40     1     4
 -6.3274875248859952E-01 a       785     0    40     1     5
  2.0865350509427874E-01 a       786     0    40     1     6
  1.9768389647207635E-01 a       787     0    40     1     7
 -5.3892402771187897E-01 a       788     0    40     1     8
  7.3155343360781822E-01 a       789     0    40     1     9
 -5.3587797001623338E-01 a       790     0    40     1    10
 -6.5453326073138418E-01 a       791     0    40     1    11
  4.6479619040878002E-02 a       792     0    40     1    12
 -8.8323102696216182E-02 a       793     0    40     1    13
 -4.0723028415177509E-01 a       794     0    40     1    14
  9.0233273700644934E-01 a       795     0    40     1    15
 -2.5933460150746707E-01 a       796     0    40     1    16
  1.0134101476027801E+00 a       797     0    40     1    17
  9.9519000759081089E-01 a       798     0    40     1    18
 -1.0292224308525006E+00 a       799     0    40     1    19
  6.2819178160313338E-01 a       800     0    40     1    20
  8.5917229374895224E-02 a       801     0    41     1     1
 -1.7648283670049186E-01 a       802     0    41     1     2
  1.9905451940634125E-01 a       803     0    41     1     3
  2.1058638023588619E-01 a       804     0    41     1     4
 -2.8749390856610607E-01 a       805     0    41     1     5
 -3.2091233733343211E-01 a       806     0    41     1     6
  1.2068057098184590E-01 a       807     0    41     1     7
  2.3537981061615249E-01 a       808     0    41     1     8
  3.4776649640765955E-01 a       809     0    41     1     9
  9.2699712896475356E-02 a       810     0    41     1    10
 -1.3163990410382484E-01 a       811     0    41     1    11
 -1.9435201591312948E-01 a       812     0    41     1    12
 -1.1306817512024941E-01 a       813     0    41     1    13
 -4.9767148568555530E-01 a       814     0    41     1    14
 -7.0034338671702195E-02 a       815     0    41     1    15
  4.5511740568608648E-02 a       816     0    41     1    16
 -5.4071003176338828E-01 a       817     0    41     1    17
  2.6651087145444691E-01 a       818     0    41     1    18
 -1.1597313806337425E-01 a       819     0    41     1    19
 -2.1653772211836922E-01 a       820     0    41     1    20
  8.1676175987281358E-02 a       821     0    42     1     1
  1.3783872379855416E-01 a       822     0    42     1     2
  4.9769796287754547E-02 a       823     0    42     1     3
 -2.2984662706258849E-01 a       824     0    42     1     4
  8.4726819370827766E-02 a       825     0    42     1     5
  2.6247330494332660E-01 a       826     0    42     1     6
 -3.7706180717824700E-01 a       827     0    42     1     7
  7.1796839677407562E-02 a       828     0    42     1     8
  2.5997764626437414E-01 a       829     0    42     1     9
  1.5611136000552409E-01 a       830     0    42     1    10
  1.8692129339990490E-05 a       831     0    42     1    11
 -2.5464430844065750E-01 a       832     0    42     1    12
 -2.5291519585067403E-02 a       833     0    42     1    13
 -1.4647414087759683E-01 a       834     0    42     1    14
 -1.4632433083538546E-01 a       835     0    42     1    15
  7.8017728542011569E-02 a       836     0    42     1    16
 -2.3531428380672523E-01 a       837     0    42     1    17
  1.8998868935299754E-01 a       838     0    42     1    18
  1.0886014769923552E-01 a       839     0    42     1    19
 -2.1998040975294245E-01 a       840     0    42     1    20
 -1.7492372113447952E-01 a       841     0    43     1     1
  6.4069118493928975E-02 a       842     0    43     1     2
 -5.5666634722771361E-03 a       843     0    43     1     3
 -1.2652130563856820E-03 a       844     0    43     1     4
  1.6094244665940463E-01 a       845     0    43     1     5
  4.3665561092397991E-02 a       846     0    43     1     6
 -7.8181268333485196E-02 a       847     0    43     1     7
  3.4012911315841152E-02 a       848     0    43     1     8
  1.4971976101754443E-02 a       849     0    43     1     9
 -1.1988662760027342E-02 a       850     0    43     1    10
  6.5943067845294814E-02 a       851     0    43     1    11
 -7.8267026259976544E-02 a       852     0    43     1    12
  1.7276255055539080E-01 a       853     0    43     1    13
  2.0836522759809681E-01 a       854     0    43     1    14
 -2.0041399878496246E-02 a       855     0    43     1    15
  6.4810006854542052E-02 a       856     0    43     1    16
 -6.8483687653187499E-03 a       857     0    43     1    17
  1.4053757870967784E-02 a       858     0    43     1    18
 -1.7937338118008118E-02 a       859     0    43     1    19
  9.9112386126258570E-02 a       860     0    43     1    20
 -1.5388659465648308E-01 a       861     0    44     1     1
 -1.4568316686601105E-02 a       862     0    44     1     2
  4.9732867321996541E-02 a       863     0    44     1     3
 -2.9948515678880263E-02 a       864     0    44     1     4
  4.8087457075782717E-03 a       865     0    44     1     5
  6.3468745069449564E-02 a       866     0    44     1     6
 -3.9983056358339781E-03 a       867     0    44     1     7
  1.9560688684754565E-01 a       868     0    44     1     8
  1.0705638331137664E-01 a       869     0    44     1     9
 -1.6354024698171009E-02 a       870     0    44     1    10
  1.6132332150943618E-01 a       871     0    44     1    11
  1.9544623099151726E-02 a       872     0    44     1    12
  5.6190638465716902E-01 a       873     0    44     1    13
 -6.8990177593495575E-04 a       874     0    44     1    14
  2.9457740717005656E-02 a       875     0    44     1    15
  8.2312839833579815E-02 a       876     0    44     1    16
 -1.1257684063702594E-01 a       877     0    44     1    17
  2.0891302893885133E-01 a       878     0    44     1    18
 -7.1630509977220869E-02 a       879     0    44     1    19
  1.4845388376887469E-01 a       880     0    44     1    20
 -3.1175090393620972E-02 a       881     0    45     1     1
 -4.3571108502851369E-02 a       882     0    45     1     2
  1.0358261983190873E-02 a       883     0    45     1     3
  2.3739100309252942E-02 a       884     0    45     1     4
 -1.6635284873469276E-03 a       885     0    45     1     5
 -5.3278487418021735E-02 a       886     0    45     1     6
  9.6826026115048550E-02 a       887     0    45     1     7
 -5.7800125772283238E-02 a       888     0    45     1     8
  5.0132272860034750E-02 a       889     0    45     1     9
  6.3014551624989319E-03 a       890     0    45     1    10
 -8.7688589879766493E-02 a       891     0    45     1    11
  2.2005196934106452E-01 a       892     0    45     1    12
 -1.2145333311256498E-01 a       893     0    45     1    13
 -2.1254360987504317E-01 a       894     0    45     1    14
  9.8133330890918663E-03 a       895     0    45     1    15
 -7.8302316073296019E-02 a       896     0    45     1    16
  1.3836975618283119E-02 a       897     0    45     1    17
  2.4517316521224290E-02 a       898     0    45     1    18
  1.7105749679349629E-02 a       899     0    45     1    19
 -9.3766037332959046E-02 a       900     0    45     1    20
 -1.0236231542039884E+00 a       901     0    46     1     1
 -4.5218540953690817E-01 a       902     0    46     1     2
 -5.3926200568166924E-02 a       903     0    46     1     3
 -5.9463711435235389E-01 a       904     0    46     1     4
  8.4617410930219450E-01 a       905     0    46     1     5
  1.1426982553846388E-01 a       906     0    46     1     6
  8.4873922449560291E-01 a       907     0    46     1     7
 -4.6684788524523130E-01 a       908     0    46     1     8
  1.3461980121412945E-01 a       909     0    46     1     9
 -1.9230809173007893E-01 a       910     0    46     1    10
  1.9884339492722036E-01 a       911     0    46     1    11
 -3.3258861321999517E-01 a       912     0    46     1    12
  9.3076670358903180E-01 a       913     0    46     1    13
 -3.4786161036835206E-01 a       914     0    46     1    14
  2.4714687331865451E-01 a       915     0    46     1    15
 -4.0492768883280184E-02 a       916     0    46     1    16
  1.6043262352301929E-01 a       917     0    46     1    17
  2.6109489493644611E-01 a       918     0    46     1    18
 -8.2779083064732040E-01 a       919     0    46     1    19
  1.6032509725016392E-01 a       920     0    46     1    20
 -5.0191985813662432E-01 a       921     0    47     1     1
  8.1774047696700727E-02 a       922     0    47     1     2
  1.0943370385122525E-01 a       923     0    47     1     3
 -9.3241294211361897E-04 a       924     0    47     1     4
  2.2752733983827149E-02 a       925     0    47     1     5
 -1.3723113225551819E-02 a       926     0    47     1     6
 -1.8519343007597264E-02 a       927     0    47     1     7
 -4.3295113713669939E-02 a       928     0    47     1     8
  3.8761770007782620E-01 a       929     0    47     1     9
  4.6098103392807940E-02 a       930     0    47     1    10
  8.8565800002630507E-02 a       931     0    47     1    11
 -1.4323179247702245E-01 a       932     0    47     1    12
  5.3011358306827161E-01 a       933     0    47     1    13
  7.9253591334583595E-02 a       934     0    47     1    14
 -1.2767097796670110E-01 a       935     0    47     1    15
  1.9623566480711596E-01 a       936     0    47     1    16
 -2.0519646807568190E-01 a       937     0    47     1    17
  5.1858826419011927E-01 a       938     0    47     1    18
  6.2154132272084633E-02 a       939     0    47     1    19
 -1.1840603749907716E-01 a       940     0    47     1    20
  6.5502216330472582E-02 a       941     0    48     1     1
  1.2800569664143297E-02 a       942     0    48     1     2
 -1.7168728902365840E-04 a       943     0    48     1     3
 -1.1031462862732376E-01 a       944     0    48     1     4
  1.3312917646005746E-02 a       945     0    48     1     5
  9.9842136300887702E-02 a       946     0    48     1     6
 -3.4743049197466638E-02 a       947     0    48     1     7
  1.2129773441220921E-02 a       948     0    48     1     8
  2.6958596075892315E-02 a       949     0    48     1     9
 -2.9476104073397247E-03 a       950     0    48     1    10
  8.1358687315485193E-02 a       951     0    48     1    11
 -9.4388197450669578E-02 a       952     0    48     1    12
  4.2001537391772925E-02 a       953     0    48     1    13
  1.1767567838784157E-01 a       954     0    48     1    14
  2.4843828352310716E-03 a       955     0    48     1    15
 -1.5066904797657354E-02 a       956     0    48     1    16
 -7.5093693479959672E-02 a       957     0    48     1    17
 -1.0451226093758679E-02 a       958     0    48     1    18
 -6.1481511760414838E-02 a       959     0    48     1    19
 -7.5072683222367126E-02 a       960     0    48     1    20
  4.3896149195610440E-02 a       961     0    49     1     1
 -5.0058166870602848E-02 a       962     0    49     1     2
  2.4842063683036927E-02 a       963     0    49     1     3
 -1.5338567066802949E-02 a       964     0    49     1     4
  6.3451932691667767E-02 a       965     0    49     1     5
 -1.5511452021250863E-01 a       966     0    49     1     6
  1.3643005476611142E-01 a       967     0    49     1     7
 -2.1224187694359059E-01 a       968     0    49     1     8
 -5.7368217170918216E-02 a       969     0    49     1     9
  3.0689804277191403E-02 a       970     0    49     1    10
 -4.7613319273419469E-02 a       971     0    49     1    11
  3.6794925441320743E-02 a       972     0    49     1    12
 -2.4395075586852275E-01 a       973     0    49     1    13
 -2.1012004458044872E-01 a       974     0    49     1    14
  3.1016945081408058E-02 a       975     0    49     1    15
  1.4823102958654775E-05 a       976     0    49     1    16
  2.3925256565533437E-01 a       977     0    49     1    17
  9.7470135346162709E-02 a       978     0    49     1    18
  1.6726954099984451E-01 a       979     0    49     1    19
 -1.7703777182327476E-01 a       980     0    49     1    20
  1.7736823421239564E-01 a       981     0    50     1     1
 -7.0839623993014106E-02 a       982     0    50     1     2
  5.6707825388177487E-02 a       983     0    50     1     3
 -1.2336338079709795E-02 a       984     0    50     1     4
  8.9005886560887745E-02 a       985     0    50     1     5
  1.5670284373900661E-01 a       986     0    50     1     6
  3.5517884087381628E-03 a       987     0    50     1     7
  4.5796727532231303E-02 a       988     0    50     1     8
  4.9876219332689944E-02 a       989     0    50     1     9
 -2.6260234137501948E-02 a       990     0    50     1    10
  1.4243186817140344E-01 a       991     0    50     1    11
 -5.4656039954639801E-02 a       992     0    50     1    12
  3.6175958471441333E-01 a       993     0    50     1    13
  1.6882667592722808E-01 a       994     0    50     1    14
  1.7079041139730102E-02 a       995     0    50     1    15
 -9.3829652720487142E-02 a       996     0    50     1    16
  2.1777891928079224E-01 a       997     0    50     1    17
 -2.0373102037830285E-02 a       998     0    50     1    18
  2.2100214857897732E-02 a       999     0    50     1    19
 -2.5810664771539799E-01 a      1000     0    50     1    20
  2.1056970252321885E-01 a      1001     0    51     1     1
  1.4376498543547755E-01 a      1002     0    51     1     2
  2.6652185419493588E-02 a      1003     0    51     1     3
  6.8064494481762133E-02 a      1004     0    51     1     4
  1.3220943163290946E-01 a      1005     0    51     1     5
  1.2504146538357644E-01 a      1006     0    51     1     6
 -5.1194409700360134E-02 a      1007     0    51     1     7
 -4.5746213597814320E-02 a      1008     0    51     1     8
 -9.7757624678468796E-02 a      1009     0    51     1     9
  1.9487391099221768E-01 a      1010     0    51     1    10
 -8.4712771158513389E-02 a      1011     0    51     1    11
  2.3667836059801312E-01 a      1012     0    51     1    12
  1.9828468925339252E-03 a      1013     0    51     1    13
 -1.2431496352899540E-01 a      1014     0    51     1    14
 -1.9926540677064986E-01 a      1015     0    51     1    15
 -1.2758580697211747E-01 a      1016     0    51     1    16
  1.8196012795329734E-02 a      1017     0    51     1    17
  3.0105237123273459E-01 a      1018     0    51     1    18
  5.9331014578284710E-03 a      1019     0    51     1    19
  3.2732180268907785E-02 a      1020     0    51     1    20
  5.1317921777679865E-01 a      1021     0    52     1     1
  1.2578937926389866E-01 a      1022     0    52     1     2
  8.2073619341772416E-02 a      1023     0    52     1     3
  2.5879641378413298E-01 a      1024     0    52     1     4
 -3.5349099481751506E-01 a      1025     0    52     1     5
  1.3583533093885475E-01 a      1026     0    52     1     6
  5.8428029780528956E-01 a      1027     0    52     1     7
  3.9146622742373255E-01 a      1028     0    52     1     8
 -7.0489160339320689E-01 a      1029     0    52     1     9
  2.5661833005739093E-01 a      1030     0    52     1    10
  5.8945617949045215E-01 a      1031     0    52     1    11
  1.6961167610464939E-01 a      1032     0    52     1    12
 -7.0663252655481679E-01 a      1033     0    52     1    13
 -5.4795107643427809E-01 a      1034     0    52     1    14
 -4.8760514389207738E-01 a      1035     0    52     1    15
  3.9513127589098626E-02 a      1036     0    52     1    16
 -4.5840272754352096E-01 a      1037     0    52     1    17
 -4.2684827349146848E-01 a      1038     0    52     1    18
  3.4535266025717404E-01 a      1039     0    52     1    19
 -7.3852199282938624E-01 a      1040     0    52     1    20
 -7.4395820797886855E-02 a      1041     0    53     1     1
  1.0962796566707911E-01 a      1042     0    53     1     2
 -1.1840257880413195E-01 a      1043     0    53     1     3
  1.4785825782451585E-02 a      1044     0    53     1     4
  1.5813088234234668E-01 a      1045     0    53     1     5
  1.1499275424336192E-01 a      1046     0    53     1     6
 -9.3116131742729522E-02 a      1047     0    53     1     7
 -2.2460581531624230E-01 a      1048     0    53     1     8
 -1.6619167004689223E-01 a      1049     0    53     1     9
 -5.6069834015198335E-02 a      1050     0    53     1    10
  7.2881335029284983E-02 a      1051     0    53     1    11
  1.5097750510272840E-02 a      1052     0    53     1    12
 -7.2254588024479168E-03 a      1053     0    53     1    13
  2.2276483592608429E-01 a      1054     0    53     1    14
  2.0169988762281543E-02 a      1055     0    53     1    15
  5.7319287047036850E-02 a      1056     0    53     1    16
  2.3234275242406224E-01 a      1057     0    53     1    17
 -1.2190571666893224E-01 a      1058     0    53     1    18
  8.5672317713237259E-02 a      1059     0    53     1    19
  1.3145606215821873E-01 a      1060     0    53     1    20
 -1.1698615168164427E-01 a      1061     0    54     1     1
 -5.6255913261799739E-02 a      1062     0    54     1     2
 -5.5978192344432770E-02 a      1063     0    54     1     3
  2.2503729057070157E-01 a      1064     0    54     1     4
 -2.0876208190097633E-03 a      1065     0    54     1     5
 -1.8784163169672741E-01 a      1066     0    54     1     6
  1.9869434767573665E-01 a      1067     0    54     1     7
 -1.9024398664734524E-01 a      1068     0    54     1     8
 -1.4888736575232034E-01 a      1069     0    54     1     9
 -1.2004147641153894E-01 a      1070     0    54     1    10
  1.2274707200619173E-02 a      1071     0    54     1    11
  1.7238549636814088E-01 a      1072     0    54     1    12
 -2.3877974596884202E-03 a      1073     0    54     1    13
  1.1572386656883678E-01 a      1074     0    54     1    14
  8.8687268226944171E-02 a      1075     0    54     1    15
  2.5545415902688055E-02 a      1076     0    54     1    16
  1.8628855387384533E-01 a      1077     0    54     1    17
 -5.7684594844094959E-02 a      1078     0    54     1    18
 -1.4720741720218330E-02 a      1079     0    54     1    19
  8.2595888252159813E-02 a      1080     0    54     1    20
  8.8085903498370477E-01 b      1081     1     1
  1.4094145068628036E-01 b      1082     1     2
  6.7984177355809572E-01 b      1083     1     3
 -7.1585701668127077E-01 b      1084     1     4
  9.3753071872496119E-01 b      1085     1     5
 -5.1684944875257599E-01 b      1086     1     6
 -3.0191809308467432E-01 b      1087     1     7
 -4.6952697326733700E-01 b      1088     1     8
  5.8329717290259353E-01 b      1089     1     9
  7.9674907251596205E-01 b      1090     1    10
 -1.4513102322080476E-01 b      1091     1    11
  7.3697430880122128E-01 b      1092     1    12
 -1.2772940572086007E+00 b      1093     1    13
 -8.4594157327736030E-01 b      1094     1    14
  6.4468265121636947E-01 b      1095     1    15
  3.6771954961467052E-01 b      1096     1    16
  1.2481582938869078E+00 b      1097     1    17
  5.7528678032625424E-01 b      1098     1    18
  9.0897864865173428E-01 b      1099     1    19
 -9.9859522494455155E-01 b      1100     1    20
 -1.3526403363768108E-01 a      1101     1     1     2     1
  3.9776639799606300E-01 a      1102     1     1     2     2
 -6.8198891269431197E-02 a      1103     1     1     2     3
 -2.5422861391287143E-02 a      1104     1     1     2     4
  3.7284696628762670E-01 a      1105     1     1     2     5
  3.1031048077258698E-02 a      1106     1     1     2     6
  8.1095499956431216E-01 a      1107     1     1     2     7
 -4.5272001623335217E-01 a      1108     1     1     2     8
  8.3342004686304982E-01 a      1109     1     1     2     9
 -1.3926064186710721E-01 a      1110     1     1     2    10
  1.5209130417374517E-01 a      1111     1     1     2    11
 -2.4796489466110375E-01 a      1112     1     1     2    12
  1.5279441827336185E-01 a      1113     1     1     2    13
 -1.8122871570015611E-01 a      1114     1     1     2    14
 -2.0505480829292222E-01 a      1115     1     1     2    15
 -6.2164212876414471E-01 a      1116     1     1     2    16
  4.9494048305933924E-01 a      1117     1     1     2    17
 -3.0608420018784466E-01 a      1118     1     1     2    18
 -1.4027546380417064E+00 a      1119     1     1     2    19
  2.5451764808615557E-01 a      1120     1     1     2    20
  1.8535258139291158E-01 a      1121     1     2     2     1
 -6.1648186493166024E-01 a      1122     1     2     2     2
  1.9046060630051401E-01 a      1123     1     2     2     3
 -8.3770739593891519E-01 a      1124     1     2     2     4
 -9.9112666694083817E-01 a      1125     1     2     2     5
  6.2043653017732714E-01 a      1126     1     2     2     6
 -3.2894280757655797E-01 a      1127     1     2     2     7
 -6.3816368345379981E-01 a      1128     1     2     2     8
  6.9819312308496795E-01 a      1129     1     2     2     9
  5.1799227617546462E-01 a      1130     1     2     2    10
 -1.5915972508547710E-01 a      1131     1     2     2    11
 -5.0784853912538730E-02 a      1132     1     2     2    12
 -6.5269260476491697E-01 a      1133     1     2     2    13
  3.6857160950928491E-01 a      1134     1     2     2    14
 -7.0543017384160811E-01 a      1135     1     2     2    15
  3.2915828198324587E-01 a      1136     1     2     2    16
  5.2909168952403085E-01 a      1137     1     2     2    17
  6.9602766140374739E-01 a      1138     1     2     2    18
 -5.4307940738581785E-02 a      1139     1     2     2    19
  3.3046070249291326E-01 a      1140     1     2     2    20
  1.5904696086420889E-01 a      1141     1     3     2     1
 -2.0976488818629277E-02 a      1142     1     3     2     2
 -4.5975621499566827E-01 a      1143     1     3     2     3
 -8.3584562076551672E-01 a      1144     1     3     2     4
 -6.9516432682652096E-01 a      1145     1     3     2     5
 -3.6887936317530640E-01 a      1146     1     3     2     6
 -1.6054436579087188E+00 a      1147     1     3     2     7
  2.5908333808633516E-01 a      1148     1     3     2     8
  1.0524885952627490E+00 a      1149     1     3     2     9
  2.4749707618859171E-01 a      1150     1     3     2    10
  7.9066904673797811E-01 a      1151     1     3     2    11
 -2.5252562925082517E-01 a      1152     1     3     2    12
 -4.6652698005998872E-01 a      1153     1     3     2    13
 -1.9592497537874168E-01 a      1154     1     3     2    14
 -2.3513048842374672E-02 a      1155     1     3     2    15
  5.9946372411885229E-01 a      1156     1     3     2    16
 -2.4459360375625072E-01 a      1157     1     3     2    17
 -6.4028797250027225E-01 a      1158     1     3     2    18
  6.1025729242707738E-01 a      1159     1     3     2    19
  7.5911950327163025E-02 a      1160     1     3     2    20
  1.3654356814966473E-01 a      1161     1     4     2     1
  5.8834102680929412E-01 a      1162     1     4     2     2
 -4.1646444422864043E-01 a      1163     1     4     2     3
 -3.3383697786333216E-01 a      1164     1     4     2     4
 -7.1913513448382993E-01 a      1165     1     4     2     5
  5.3250237151709193E-02 a      1166     1     4     2     6
 -1.0901011415919548E-01 a      1167     1     4     2     7
  4.0973709022757371E-01 a      1168     1     4     2     8
 -2.9156620080294703E-02 a      1169     1     4     2     9
  6.6995167388265220E-01 a      1170     1     4     2    10
  1.9130227471721989E-01 a      1171     1     4     2    11
 -4.1757176183130358E-02 a      1172     1     4     2    12
  5.7539725321630687E-02 a      1173     1     4     2    13
 -3.1523623574994192E-01 a      1174     1     4     2    14
 -3.9595471326587794E-01 a      1175     1     4     2    15
 -5.3084400386933561E-01 a      1176     1     4     2    16
  6.7062396714789996E-01 a      1177     1     4     2    17
  7.9688378722963904E-01 a      1178     1     4     2    18
  3.3471129228688573E-01 a      1179     1     4     2    19
  4.6290831206255295E-02 a      1180     1     4     2    20
 -8.1672174183075069E-02 a      1181     1     5     2     1
 -2.9020196380618352E-01 a      1182     1     5     2     2
 -5.0905651064797186E-01 a      1183     1     5     2     3
 -3.2276447625657101E-01 a      1184     1     5     2     4
  1.1383063543073927E-02 a      1185     1     5     2     5
 -1.0950350567141198E-01 a      1186     1     5     2     6
 -1.9086837655443387E-01 a      1187     1     5     2     7
 -6.0779878603312265E-01 a      1188     1     5     2     8
 -3.9551786017447965E-01 a      1189     1     5     2     9
  4.1856061982296611E-01 a      1190     1     5     2    10
  5.1820424070007209E-01 a      1191     1     5     2    11
  1.8759392447898046E-01 a      1192     1     5     2    12
  4.1010934803440696E-01 a      1193     1     5     2    13
 -3.2322451886441034E-01 a      1194     1     5     2    14
  2.5812274945506697E-01 a      1195     1     5     2    15
 -6.7890300846470575E-01 a      1196     1     5     2    16
  4.7544609743609967E-02 a      1197     1     5     2    17
  3.6881430115763425E-01 a      1198     1     5     2    18
 -9.6597842102726439E-01 a      1199     1     5     2    19
 -7.2140963821678739E-01 a      1200     1     5     2    20
 -3.7657227034647422E-01 a      1201     1     6     2     1
  5.4762057956185284E-01 a      1202     1     6     2     2
 -1.9833102890411372E-01 a      1203     1     6     2     3
  1.3119174903132828E-02 a      1204     1     6     2     4
  4.7934014301336342E-01 a      1205     1     6     2     5
  2.4975587113306957E-01 a      1206     1     6     2     6
  4.3373566275028852E-01 a      1207     1     6     2     7
  2.3814094040204256E-01 a      1208     1     6     2     8
  6.9830761518382978E-01 a      1209     1     6     2     9
  2.0213647042527705E-02 a      1210     1     6     2    10
  2.9741681317764662E-01 a      1211     1     6     2    11
  3.9982220896928111E-01 a      1212     1     6     2    12
  6.7742183140283119E-01 a      1213     1     6     2    13
  3.1822305213115037E-01 a      1214     1     6     2    14
  8.3862966435160349E-02 a      1215     1     6     2    15
 -9.4315144693895547E-01 a      1216     1     6     2    16
 -1.0782583600376348E-01 a      1217     1     6     2    17
  2.0906428764642374E-01 a      1218     1     6     2    18
  5.6208773493723319E-01 a      1219     1     6     2    19
  5.7590875124648055E-02 a      1220     1     6     2    20
  1.5923850861884792E-01 a      1221     1     7     2     1
 -1.3773415361598254E-01 a      1222     1     7     2     2
 -7.1889490269982892E-01 a      1223     1     7     2     3
 -9.2733826286641730E-02 a      1224     1     7     2     4
 -2.7332923459179609E-01 a      1225     1     7     2     5
  4.8277863356334344E-01 a      1226     1     7     2     6
  1.7368065633877583E-01 a      1227     1     7     2     7
  1.0651372473801550E-01 a      1228     1     7     2     8
  4.3644001676607469E-01 a      1229     1     7     2     9
  5.3233492501607160E-01 a      1230     1     7     2    10
 -2.0204650754946915E-02 a      1231     1     7     2    11
 -6.2659544674589474E-01 a      1232     1     7     2    12
 -8.9548141692911509E-01 a      1233     1     7     2    13
  2.6901618645377223E-01 a      1234     1     7     2    14
 -1.7935112588014468E-01 a      1235     1     7     2    15
 -5.2732943840949464E-01 a      1236     1     7     2    16
  2.1806437693166890E-02 a      1237     1     7     2    17
  5.6991324457109194E-01 a      1238     1     7     2    18
  3.4318527807703025E-01 a      1239     1     7     2    19
 -4.1080834287338391E-01 a      1240     1     7     2    20
  6.0674595284933286E-01 a      1241     1     8     2     1
 -1.6791447791938058E-01 a      1242     1     8     2     2
 -2.7617110774415136E-02 a      1243     1     8     2     3
 -3.6809471513528963E-01 a      1244     1     8     2     4
  5.6093105885566541E-02 a      1245     1     8     2     5
 -4.8611901705450024E-02 a      1246     1     8     2     6
  3.2067808230707678E-01 a      1247     1     8     2     7
 -2.2443380263052035E-01 a      1248     1     8     2     8
 -1.0011556588235745E-01 a      1249     1     8     2     9
  1.9303233310358900E-01 a      1250     1     8     2    10
 -1.6047129778326899E-01 a      1251     1     8     2    11
 -2.8336456355706902E-01 a      1252     1     8     2    12
 -5.1638909753001574E-02 a      1253     1     8     2    13
 -2.0933516194753896E-01 a      1254     1     8     2    14
 -1.0005315415213585E-01 a      1255     1     8     2    15
  5.0886981244229391E-02 a      1256     1     8     2    16
 -1.5863428564010124E-01 a      1257     1     8     2    17
  2.3050802915516100E-01 a      1258     1     8     2    18
  3.4343345551544585E-01 a      1259     1     8     2    19
  3.8122601388834959E-01 a      1260     1     8     2    20
 -2.5802728889577659E-01 a      1261     1     9     2     1
  3.9107963223988337E-02 a      1262     1     9     2     2
  1.6181520614497838E-01 a      1263     1     9     2     3
  2.5177316877256883E-01 a      1264     1     9     2     4
  1.2695372621340204E+00 a      1265     1     9     2     5
  4.7069000472550221E-01 a      1266     1     9     2     6
 -1.2458855746064372E-01 a      1267     1     9     2     7
 -7.5293231288548160E-02 a      1268     1     9     2     8
 -3.1598352686218611E-01 a      1269     1     9     2     9
  8.6326806041292795E-02 a      1270     1     9     2    10
 -3.1746353826461038E-01 a      1271     1     9     2    11
 -4.5698598426111897E-01 a      1272     1     9     2    12
  2.3114705287721030E-01 a      1273     1     9     2    13
  3.6015378056990754E-01 a      1274     1     9     2    14
  8.0747195099929803E-01 a      1275     1     9     2    15
  1.1719533220967016E-01 a      1276     1     9     2    16
 -3.3209215289795724E-01 a      1277     1     9     2    17
  8.7550514952352387E-02 a      1278     1     9     2    18
  3.1588862701520265E-01 a      1279     1     9     2    19
 -6.5778923297287406E-01 a      1280     1     9     2    20
 -3.8136848892754671E-01 a      1281     1    10     2     1
 -8.2088973787185227E-01 a      1282     1    10     2     2
  6.5910550609254659E-01 a      1283     1    10     2     3
 -6.8600992311182940E-01 a      1284     1    10     2     4
 -1.1323680623461023E+00 a      1285     1    10     2     5
 -4.5094609939015712E-01 a      1286     1    10     2     6
 -3.0582367419222667E-01 a      1287     1    10     2     7
 -4.2468792019314433E-01 a      1288     1    10     2     8
 -1.0816240938946244E-01 a      1289     1    10     2     9
  2.8616611145578275E-01 a      1290     1    10     2    10
 -2.0010540837296817E-01 a      1291     1    10     2    11
  8.1157135276598791E-01 a      1292     1    10     2    12
 -4.6432404105718522E-01 a      1293     1    10     2    13
 -5.6451664508769331E-03 a      1294     1    10     2    14
  3.2148808456760804E-02 a      1295     1    10     2    15
  8.1219098498519515E-01 a      1296     1    10     2    16
  2.0087937900161158E-02 a      1297     1    10     2    17
 -4.2273013541782178E-01 a      1298     1    10     2    18
  3.2116371849085834E-01 a      1299     1    10     2    19
  1.4739481145149161E-01 a      1300     1    10     2    20
 -4.8132120118775895E-01 a      1301     1    11     2     1
 -2.0525845533304152E-01 a      1302     1    11     2     2
 -1.2361986379327629E-01 a      1303     1    11     2     3
 -4.4539547220329573E-01 a      1304     1    11     2     4
 -3.6176524574281393E-01 a      1305     1    11     2     5
  8.7791510686437724E-01 a      1306     1    11     2     6
 -3.8523267927891702E-01 a      1307     1    11     2     7
  3.8466425815066241E-01 a      1308     1    11     2     8
  8.5778737391975654E-02 a      1309     1    11     2     9
 -2.2665557950165216E-01 a      1310     1    11     2    10
  3.9939083164434001E-02 a      1311     1    11     2    11
 -3.0329486157142799E-01 a      1312     1    11     2    12
 -4.5763171173074335E-01 a      1313     1    11     2    13
 -1.3107185072083563E-02 a      1314     1    11     2    14
 -1.5382062506183096E-02 a      1315     1    11     2    15
  3.0621499420520326E-01 a      1316     1    11     2    16
  6.0284854341291876E-02 a      1317     1    11     2    17
 -2.7568776559543845E-01 a      1318     1    11     2    18
 -1.7477537284005715E-01 a      1319     1    11     2    19
  3.1898748935887078E-01 a      1320     1    11     2    20
 -1.1365199852839207E+00 a      1321     1    12     2     1
  3.7586508836190624E-01 a      1322     1    12     2     2
  6.0001937992253263E-01 a      1323     1    12     2     3
 -8.1993724942454951E-02 a      1324     1    12     2     4
  7.6512189696341815E-01 a      1325     1    12     2     5
 -2.7130412713388030E-01 a      1326     1    12     2     6
 -5.1553984839609089E-03 a      1327     1    12     2     7
 -2.7256356119652475E-01 a      1328     1    12     2     8
 -4.2848093654741137E-01 a      1329     1    12     2     9
 -3.4802476491748757E-01 a      1330     1    12     2    10
 -1.5921981047246739E-02 a      1331     1    12     2    11
 -2.3197393398699490E-02 a      1332     1    12     2    12
  7.4701554844436385E-02 a      1333     1    12     2    13
 -2.9295309140518538E-01 a      1334     1    12     2    14
 -1.0264324179986635E-01 a      1335     1    12     2    15
  2.1932598719560312E-01 a      1336     1    12     2    16
 -2.7626770647560445E-01 a      1337     1    12     2    17
 -6.4502098544929509E-01 a      1338     1    12     2    18
  3.9059855230512702E-01 a      1339     1    12     2    19
 -2.1159719483059944E-01 a      1340     1    12     2    20
 -4.0732022572228854E-01 a      1341     1    13     2     1
 -1.3475275885055724E-01 a      1342     1    13     2     2
 -2.8857956100140875E-01 a      1343     1    13     2     3
  6.4161167861024737E-01 a      1344     1    13     2     4
 -5.1860133167638089E-01 a      1345     1    13     2     5
  1.9697481945860118E-01 a      1346     1    13     2     6
 -5.0706852097643551E-01 a      1347     1    13     2     7
  2.9913911133476601E-01 a      1348     1    13     2     8
  4.0656391669410313E-01 a      1349     1    13     2     9
 -1.7649645760666471E-01 a      1350     1    13     2    10
 -5.2802630682923513E-01 a      1351     1    13     2    11
 -3.9164842585182869E-01 a      1352     1    13     2    12
 -7.4389349420678608E-01 a      1353     1    13     2    13
  3.6120103207253679E-01 a      1354     1    13     2    14
  3.5066390919837842E-01 a      1355     1    13     2    15
  4.4875637885757391E-01 a      1356     1    13     2    16
 -3.1109625246767947E-01 a      1357     1    13     2    17
 -3.9853919094726276E-01 a      1358     1    13     2    18
 -2.2025018920393960E-01 a      1359     1    13     2    19
 -2.8778891105161936E-01 a      1360     1    13     2    20
  3.6942259616741652E-01 a      1361     1    14     2     1
  3.7409405274851792E-01 a      1362     1    14     2     2
  1.4147839373752455E-01 a      1363     1    14     2     3
  4.9269301346989181E-01 a      1364     1    14     2     4
  4.0114795302402112E-01 a      1365     1    14     2     5
 -5.4078434354771354E-01 a      1366     1    14     2     6
  2.6014501735427287E-01 a      1367     1    14     2     7
  4.8408304872179397E-01 a      1368     1    14     2     8
  2.4904735894412919E-01 a      1369     1    14     2     9
  4.0573701612328622E-01 a      1370     1    14     2    10
  6.1388617079534469E-02 a      1371     1    14     2    11
  5.2946694286117486E-02 a      1372     1    14     2    12
  1.2304949330754322E-01 a      1373     1    14     2    13
 -3.2484560717644079E-01 a      1374     1    14     2    14
  3.8352046259772871E-01 a      1375     1    14     2    15
 -2.0219166352948070E-01 a      1376     1    14     2    16
  1.0507250240627498E-01 a      1377     1    14     2    17
  3.1074305379034228E-01 a      1378     1    14     2    18
 -3.8217259108566443E-01 a      1379     1    14     2    19
 -4.6567149601664487E-01 a      1380     1    14     2    20
 -7.5714100957022989E-01 a      1381     1    15     2     1
  6.4476700686058031E-01 a      1382     1    15     2     2
 -5.7573433549219832E-01 a      1383     1    15     2     3
  1.6836055447365320E-01 a      1384     1    15     2     4
 -4.4474434380728556E-01 a      1385     1    15     2     5
 -4.4111739125196131E-01 a      1386     1    15     2     6
  1.9971798457333981E-01 a      1387     1    15     2     7
 -1.2977787785592462E-01 a      1388     1    15     2     8
  4.0409182644657188E-01 a      1389     1    15     2     9
  5.1479820095334683E-01 a      1390     1    15     2    10
  2.4597215671900419E-01 a      1391     1    15     2    11
  3.5615116905722066E-01 a      1392     1    15     2    12
  8.1422598389259648E-01 a      1393     1    15     2    13
  2.3342823521891648E-01 a      1394     1    15     2    14
 -1.0155359774735147E+00 a      1395     1    15     2    15
 -3.0773833624649933E-02 a      1396     1    15     2    16
 -9.3645826347231909E-01 a      1397     1    15     2    17
  2.9515347012389859E-01 a      1398     1    15     2    18
 -4.9328011378206499E-01 a      1399     1    15     2    19
  5.7874920250234912E-02 a      1400     1    15     2    20
  4.0433399015068056E-01 a      1401     1    16     2     1
 -7.1474616831724325E-01 a      1402     1    16     2     2
 -4.4255423421196305E-01 a      1403     1    16     2     3
 -2.2948266203047363E-01 a      1404     1    16     2     4
  1.5203525880718103E+00 a      1405     1    16     2     5
  5.9249694011056819E-01 a      1406     1    16     2     6
  1.3340372354762975E+00 a      1407     1    16     2     7
  1.7531969584559534E-01 a      1408     1    16     2     8
 -1.1663375885909061E-01 a      1409     1    16     2     9
 -6.7064861068045864E-02 a      1410     1    16     2    10
  3.1407215032173097E-01 a      1411     1    16     2    11
 -4.9717658575415974E-01 a      1412     1    16     2    12
 -2.4607902721857827E-01 a      1413     1    16     2    13
  9.5751903860785414E-02 a      1414     1    16     2    14
  7.2384105265450427E-01 a      1415     1    16     2    15
 -2.7140643243780144E-01 a      1416     1    16     2    16
 -4.9286017664897819E-01 a      1417     1    16     2    17
 -3.7946730280954649E-01 a      1418     1    16     2    18
  5.8156101385255010E-02 a      1419     1    16     2    19
  5.4434386098470233E-01 a      1420     1    16     2    20
  6.9401592900838846E-02 a      1421     1    17     2     1
 -7.4537523848184106E-01 a      1422     1    17     2     2
 -7.7462863473794263E-01 a      1423     1    17     2     3
  2.2010662492830513E-01 a      1424     1    17     2     4
  5.5945247158983713E-01 a      1425     1    17     2     5
 -5.3009870411361626E-01 a      1426     1    17     2     6
  8.2471445663996179E-01 a      1427     1    17     2     7
 -3.7211374266528940E-01 a      1428     1    17     2     8
 -1.6078589030918822E-01 a      1429     1    17     2     9
 -3.8721838108960216E-01 a      1430     1    17     2    10
  2.0758179625830306E-02 a      1431     1    17     2    11
  2.9126747585717777E-01 a      1432     1    17     2    12
 -3.9142746905873671E-01 a      1433     1    17     2    13
 -2.6317858682985396E-01 a      1434     1    17     2    14
 -4.6239691133660799E-01 a      1435     1    17     2    15
  2.6383775122320524E-01 a      1436     1    17     2    16
  4.4315322659407977E-02 a      1437     1    17     2    17
 -5.7046868596754519E-01 a      1438     1    17     2    18
 -2.7696713434883152E-02 a      1439     1    17     2    19
 -3.2550427057222775E-01 a      1440     1    17     2    20
  5.6631305071681952E-03 a      1441     1    18     2     1
 -3.9705778096109971E-02 a      1442     1    18     2     2
  1.4060326871224049E-01 a      1443     1    18     2     3
 -2.1790795011795902E-01 a      1444     1    18     2     4
 -1.2607676231503728E+00 a      1445     1    18     2     5
 -7.8356068866952888E-01 a      1446     1    18     2     6
 -6.0644132643735804E-01 a      1447     1    18     2     7
  4.2511652032196906E-01 a      1448     1    18     2     8
  4.8742210901691441E-01 a      1449     1    18     2     9
  7.0222977446862105E-03 a      1450     1    18     2    10
  4.6377191898510972E-01 a      1451     1    18     2    11
  6.2998139514228640E-02 a      1452     1    18     2    12
  4.7696014628225869E-02 a      1453     1    18     2    13
  3.5285459540867870E-02 a      1454     1    18     2    14
 -2.3631437288155210E-01 a      1455     1    18     2    15
 -8.5543030612683046E-01 a      1456     1    18     2    16
 -3.4307357699191726E-01 a      1457     1    18     2    17
  1.3881097172887182E-02 a      1458     1    18     2    18
  3.6026953840590537E-01 a      1459     1    18     2    19
  5.3545791952066180E-01 a      1460     1    18     2    20
  9.1985466744165856E-01 a      1461     1    19     2     1
  4.1343129030545467E-01 a      1462     1    19     2     2
  8.0379867590058796E-01 a      1463     1    19     2     3
 -3.7556232412992871E-02 a      1464     1    19     2     4
 -6.6869453887084651E-01 a      1465     1    19     2     5
 -3.0673544533243413E-01 a      1466     1    19     2     6
 -5.6996104436132811E-01 a      1467     1    19     2     7
 -2.2036943015191046E-01 a      1468     1    19     2     8
  3.5482361027551007E-01 a      1469     1    19     2     9
  1.4387185980274356E-01 a      1470     1    19     2    10
  2.6993261246064454E-01 a      1471     1    19     2    11
 -4.3995023196622618E-01 a      1472     1    19     2    12
  2.9445308691715699E-01 a      1473     1    19     2    13
  4.0381743626457134E-01 a      1474     1    19     2    14
 -5.4775945866171261E-01 a      1475     1    19     2    15
  5.1022730284195272E-01 a      1476     1    19     2    16
 -3.9535416856566696E-01 a      1477     1    19     2    17
  4.3242396009411699E-01 a      1478     1    19     2    18
  5.2244326940981467E-01 a      1479     1    19     2    19
  2.3515777463799759E-01 a      1480     1    19     2    20
 -4.8213388355732706E-01 a      1481     1    20     2     1
  3.6000067635648286E-01 a      1482     1    20     2     2
 -8.0101810718222435E-02 a      1483     1    20     2     3
  5.4881856193362988E-01 a      1484     1    20     2     4
  1.5688687722037392E-01 a      1485     1    20     2     5
  5.1412774532633299E-01 a      1486     1    20     2     6
 -6.7666354070790991E-01 a      1487     1    20     2     7
 -5.7567251782104389E-01 a      1488     1    20     2     8
 -3.5267710295418170E-01 a      1489     1    20     2     9
 -4.0662747147395462E-01 a      1490     1    20     2    10
 -2.3936209668073341E-01 a      1491     1    20     2    11
 -1.2425256038895621E-01 a      1492     1    20     2    12
  2.9145665977365959E-01 a      1493     1    20     2    13
  6.4964299907070844E-01 a      1494     1    20     2    14
 -3.3654546353918696E-01 a      1495     1    20     2    15
  1.7555828714082980E-01 a      1496     1    20     2    16
  4.4906983903423975E-01 a      1497     1    20     2    17
 -3.6592792585162454E-01 a      1498     1    20     2    18
 -3.1817039488164811E-01 a      1499     1    20     2    19
  4.7791382945941652E-01 a      1500     1    20     2    20
  6.5785555851427835E-01 b      1501     2     1
  1.3174961446099913E+00 b      1502     2     2
 -1.2994875046373340E+00 b      1503     2     3
 -4.7665311440764684E-02 b      1504     2     4
 -1.2372911648836078E+00 b      1505     2     5
 -1.1262066076617525E+00 b      1506     2     6
 -1.5288680525690210E+00 b      1507     2     7
 -1.1206520121726311E+00 b      1508     2     8
  1.1433538522284217E+00 b      1509     2     9
  6.0580724171798317E-01 b      1510     2    10
  1.4051804891092705E+00 b      1511     2    11
 -7.0651032833817939E-01 b      1512     2    12
 -2.1422496261801358E+00 b      1513     2    13
  1.6150381292288101E+00 b      1514     2    14
 -8.8592360562674077E-01 b      1515     2    15
 -1.1091824925867033E+00 b      1516     2    16
 -4.2433183810398661E-01 b      1517     2    17
  1.9159068349937465E+00 b      1518     2    18
  1.4315386432608066E+00 b      1519     2    19
 -3.9279276983352951E-01 b      1520     2    20
 -6.7280697936756020E-02 a      1521     2     1     3     1
 -1.5615150639624792E-01 a      1522     2     2     3     1
  2.4360278567866961E-02 a      1523     2     3     3     1
  1.6558564343207167E+00 a      1524     2     4     3     1
 -2.0155257316016043E-01 a      1525     2     5     3     1
  8.8099513283615694E-01 a      1526     2     6     3     1
  1.1059756310802737E-01 a      1527     2     7     3     1
 -3.1754638288294251E-01 a      1528     2     8     3     1
 -1.9329564017077464E-01 a      1529     2     9     3     1
 -7.0729028996435794E-01 a      1530     2    10     3     1
 -1.0147274569879341E+00 a      1531     2    11     3     1
 -2.7884714314586134E-01 a      1532     2    12     3     1
  1.1830015666064906E+00 a      1533     2    13     3     1
 -4.6868503277042844E-01 a      1534     2    14     3     1
  5.6913172070408147E-01 a      1535     2    15     3     1
 -6.6592916378957562E-02 a      1536     2    16     3     1
  5.2119022429713480E-01 a      1537     2    17     3     1
  4.2812770222642627E-01 a      1538     2    18     3     1
  5.1142516081656174E-02 a      1539     2    19     3     1
 -3.3612541239248961E-03 a      1540     2    20     3     1
  2.0497887326140618E-01 b      1541     3     1
