################################################################################
# Neural network connection values (weights and biases).
################################################################################
# Col  Name       Description
################################################################################
# 1    connection Neural network connection value.
# 2    t          Connection type (a = weight, b = bias).
# 3    index      Index enumerating weights.
# 4    l_s        Starting point layer (end point layer for biases).
# 5    n_s        Starting point neuron in starting layer (end point neuron for biases).
# 6    l_e        End point layer.
# 7    n_e        End point neuron in end layer.
################################################################################
#                      1 2         3     4     5     6     7
#             connection t     index   l_s   n_s   l_e   n_e
############################################################
  3.9354128111839187E-01 a         1     0     1     1     1
  3.3783343908397173E-01 a         2     0     1     1     2
  2.3679064637530800E-01 a         3     0     1     1     3
  1.2776657447316585E-02 a         4     0     1     1     4
 -7.2104036579618613E-02 a         5     0     1     1     5
  3.0982316389581228E-02 a         6     0     1     1     6
 -3.4383009404379994E-01 a         7     0     1     1     7
  7.4310039995027680E-02 a         8     0     1     1     8
  8.4068716234178234E-02 a         9     0     1     1     9
 -2.9858172227874574E-01 a        10     0     1     1    10
 -1.9104787684213226E-01 a        11     0     1     1    11
 -2.7092853731674327E-01 a        12     0     1     1    12
  1.3035446507082871E+00 a        13     0     1     1    13
  2.8594932455795996E-01 a        14     0     1     1    14
  2.2492925953651188E-01 a        15     0     1     1    15
  1.1674883164636374E+00 a        16     0     1     1    16
 -9.4534921028891022E-02 a        17     0     1     1    17
 -3.4463687224742934E-01 a        18     0     1     1    18
 -1.7671285857924238E-01 a        19     0     1     1    19
  3.3841635826784638E-01 a        20     0     1     1    20
  2.9183469058403022E-02 a        21     0     2     1     1
  1.3465680208460834E-01 a        22     0     2     1     2
  2.7216859425141526E-01 a        23     0     2     1     3
  7.7913508509624946E-02 a        24     0     2     1     4
  2.2837692182844007E-02 a        25     0     2     1     5
 -4.7376063490904979E-02 a        26     0     2     1     6
 -1.5783209315385580E-01 a        27     0     2     1     7
 -1.0350713429520540E-02 a        28     0     2     1     8
 -1.5838812349883938E-01 a        29     0     2     1     9
 -4.2829252344969032E-01 a        30     0     2     1    10
  8.2888901774583884E-02 a        31     0     2     1    11
 -1.3482178377040122E-01 a        32     0     2     1    12
 -9.9835500538484209E-02 a        33     0     2     1    13
  1.6178090714001314E-01 a        34     0     2     1    14
  1.0785822908118109E-01 a        35     0     2     1    15
  9.1385533320080439E-02 a        36     0     2     1    16
 -1.5697562057596015E-01 a        37     0     2     1    17
 -1.8606901220735528E-01 a        38     0     2     1    18
 -5.4947485674193171E-02 a        39     0     2     1    19
  7.5727012527069398E-02 a        40     0     2     1    20
 -2.2067303105483876E-01 a        41     0     3     1     1
  1.0364464868979688E-01 a        42     0     3     1     2
  3.1882417289941567E-02 a        43     0     3     1     3
 -1.3506384114255425E+00 a        44     0     3     1     4
 -4.2235945513707923E-01 a        45     0     3     1     5
  7.0746956224728097E-02 a        46     0     3     1     6
 -1.1996640468236670E-01 a        47     0     3     1     7
  1.6781672767571601E-01 a        48     0     3     1     8
 -1.5311742881510340E-01 a        49     0     3     1     9
 -2.3026150351844499E-01 a        50     0     3     1    10
 -4.0519111062148305E-01 a        51     0     3     1    11
  1.3480204615569211E-01 a        52     0     3     1    12
 -1.7670103400807491E-01 a        53     0     3     1    13
  7.5256303107865463E-02 a        54     0     3     1    14
  6.9119500768749220E-01 a        55     0     3     1    15
  2.2003763971281964E-01 a        56     0     3     1    16
  3.4117200113556234E-01 a        57     0     3     1    17
 -6.6471077858112926E-01 a        58     0     3     1    18
  3.0074801172980964E-01 a        59     0     3     1    19
 -5.0908161737203039E-01 a        60     0     3     1    20
  7.5780063305524430E-03 a        61     0     4     1     1
 -1.5369738426147056E-01 a        62     0     4     1     2
 -4.3647383933635964E-01 a        63     0     4     1     3
 -1.7764556699686607E-01 a        64     0     4     1     4
 -1.8515976109160698E-01 a        65     0     4     1     5
  1.0871148097135892E-01 a        66     0     4     1     6
  4.0596103858306870E-01 a        67     0     4     1     7
 -3.6274423833359583E-02 a        68     0     4     1     8
 -3.5782245485219683E-01 a        69     0     4     1     9
  8.7543382029291761E-01 a        70     0     4     1    10
 -4.5639953324550619E-01 a        71     0     4     1    11
 -3.1621782727184067E-01 a        72     0     4     1    12
 -1.4470424878550594E+00 a        73     0     4     1    13
 -7.6626483731074191E-01 a        74     0     4     1    14
 -8.0226326486334432E-01 a        75     0     4     1    15
  8.8819034756927562E-01 a        76     0     4     1    16
  1.1767963611937762E-01 a        77     0     4     1    17
  4.4223595903226987E-01 a        78     0     4     1    18
 -2.5922374032378753E-01 a        79     0     4     1    19
 -2.2934426978567712E-01 a        80     0     4     1    20
  5.1474834657415432E-02 a        81     0     5     1     1
 -2.4346395497956508E-01 a        82     0     5     1     2
 -2.6773751689576136E-01 a        83     0     5     1     3
 -1.4239246079047965E-01 a        84     0     5     1     4
  1.3345586904499968E-01 a        85     0     5     1     5
 -3.3185238063982908E-02 a        86     0     5     1     6
  1.6612416200229130E-01 a        87     0     5     1     7
  1.2776462270339881E-01 a        88     0     5     1     8
  2.2476033938313431E-01 a        89     0     5     1     9
  2.4476528358784344E-01 a        90     0     5     1    10
 -1.7521523532186506E-01 a        91     0     5     1    11
  2.0470787187037243E-01 a        92     0     5     1    12
 -2.0421237189088784E-01 a        93     0     5     1    13
  1.1881301610594108E-01 a        94     0     5     1    14
 -5.9280953093899774E-02 a        95     0     5     1    15
 -7.7562505423727127E-02 a        96     0     5     1    16
  2.1802060283989796E-01 a        97     0     5     1    17
 -1.7973423216178427E-01 a        98     0     5     1    18
  1.6494981337300102E-01 a        99     0     5     1    19
 -4.1305847153514853E-02 a       100     0     5     1    20
  5.1996659819283053E-01 a       101     0     6     1     1
  1.1534887968918965E-01 a       102     0     6     1     2
 -5.1581217280660541E-01 a       103     0     6     1     3
  5.8331030698228825E-01 a       104     0     6     1     4
  8.6397954903464114E-01 a       105     0     6     1     5
  2.5887803277165611E-01 a       106     0     6     1     6
 -3.3351094645554430E-01 a       107     0     6     1     7
 -6.8102222397290046E-01 a       108     0     6     1     8
  3.1478555691326021E-01 a       109     0     6     1     9
  2.2204049462807698E-01 a       110     0     6     1    10
 -1.3987911527566088E-01 a       111     0     6     1    11
  1.7763777263408989E-01 a       112     0     6     1    12
  1.8503589635600309E-02 a       113     0     6     1    13
 -4.1715810073993348E-01 a       114     0     6     1    14
 -7.4439963103047646E-01 a       115     0     6     1    15
  3.0041270750911941E-01 a       116     0     6     1    16
  1.8954356748638460E-01 a       117     0     6     1    17
  5.3493163780818331E-01 a       118     0     6     1    18
 -5.0756924438336549E-02 a       119     0     6     1    19
 -4.2488186298059211E-01 a       120     0     6     1    20
 -1.3419033772633612E-01 a       121     0     7     1     1
  5.8673977369528025E-03 a       122     0     7     1     2
  3.9155307766750247E-02 a       123     0     7     1     3
  4.8540736932548387E-02 a       124     0     7     1     4
 -2.0414795620619440E-03 a       125     0     7     1     5
 -9.0613633130470672E-01 a       126     0     7     1     6
  9.5478531880931555E-02 a       127     0     7     1     7
  2.0871128398669150E-01 a       128     0     7     1     8
  2.1891950421817399E-01 a       129     0     7     1     9
 -1.2540016175263911E+00 a       130     0     7     1    10
 -3.7017065777323449E-01 a       131     0     7     1    11
 -6.5383807984930498E-01 a       132     0     7     1    12
  3.0732524737705916E-03 a       133     0     7     1    13
  5.6643089541203573E-01 a       134     0     7     1    14
  3.4800168163972833E-01 a       135     0     7     1    15
 -1.2324842629570627E+00 a       136     0     7     1    16
  4.0092663384263788E-01 a       137     0     7     1    17
 -1.6671273099390069E-01 a       138     0     7     1    18
  2.4514359306002811E-01 a       139     0     7     1    19
  4.3590270179745438E-01 a       140     0     7     1    20
 -6.3794631554159403E-02 a       141     0     8     1     1
  2.0692940263299445E-01 a       142     0     8     1     2
  2.9146942739261057E-02 a       143     0     8     1     3
  1.2716291295430493E-01 a       144     0     8     1     4
  7.3781200300953712E-02 a       145     0     8     1     5
  1.2662340735699898E-01 a       146     0     8     1     6
  5.0736783577190532E-02 a       147     0     8     1     7
 -2.1322419826536676E-01 a       148     0     8     1     8
 -5.0186406375098296E-02 a       149     0     8     1     9
 -1.2476121909225216E-01 a       150     0     8     1    10
  2.0975669578621106E-01 a       151     0     8     1    11
  2.0554044625868206E-01 a       152     0     8     1    12
  2.3394557816571218E-01 a       153     0     8     1    13
  7.8293050505974932E-02 a       154     0     8     1    14
 -1.1200890314603199E-02 a       155     0     8     1    15
  2.3693979109358704E-01 a       156     0     8     1    16
 -1.2328212260341283E-01 a       157     0     8     1    17
 -2.6269537708182333E-01 a       158     0     8     1    18
  1.3505966234526198E-01 a       159     0     8     1    19
 -5.0366143207987844E-02 a       160     0     8     1    20
 -1.6002646680716381E-01 a       161     0     9     1     1
 -5.1458909055570267E-04 a       162     0     9     1     2
  1.6682571787024949E-02 a       163     0     9     1     3
 -2.5113355296461182E-01 a       164     0     9     1     4
 -1.1938049814549477E-01 a       165     0     9     1     5
 -1.3264515379216427E-01 a       166     0     9     1     6
 -3.2158318446196921E-01 a       167     0     9     1     7
  6.3509872858585656E-02 a       168     0     9     1     8
 -2.3948397615200626E-02 a       169     0     9     1     9
 -1.6046587484314923E-01 a       170     0     9     1    10
  5.9534040395611942E-01 a       171     0     9     1    11
  4.0448834604063200E-01 a       172     0     9     1    12
 -3.8298743658648304E-01 a       173     0     9     1    13
  2.1592189206458348E-01 a       174     0     9     1    14
  4.8893607472207651E-01 a       175     0     9     1    15
  2.0891312614915214E-01 a       176     0     9     1    16
 -1.1927164322437443E-01 a       177     0     9     1    17
 -1.1237208003410065E-01 a       178     0     9     1    18
  4.4183404353292849E-01 a       179     0     9     1    19
  5.3908095192156030E-02 a       180     0     9     1    20
  2.7640858274883306E-01 a       181     0    10     1     1
  6.3994423563045896E-02 a       182     0    10     1     2
 -3.7335670967141937E-01 a       183     0    10     1     3
 -1.4197939886376465E-01 a       184     0    10     1     4
 -2.0349743102402293E-01 a       185     0    10     1     5
  2.8548113805122016E-01 a       186     0    10     1     6
 -6.5057122344373788E-02 a       187     0    10     1     7
  3.5493260346095602E-02 a       188     0    10     1     8
 -4.4385207701830898E-01 a       189     0    10     1     9
  4.4077651852565447E-01 a       190     0    10     1    10
 -4.6491655815190597E-01 a       191     0    10     1    11
 -4.4749186956896758E-01 a       192     0    10     1    12
  7.5608483056690157E-02 a       193     0    10     1    13
  2.2353935244490038E-02 a       194     0    10     1    14
 -5.9917656208864911E-01 a       195     0    10     1    15
  7.4086079517052028E-01 a       196     0    10     1    16
 -1.0582881147588172E-01 a       197     0    10     1    17
 -1.6146282996360548E-01 a       198     0    10     1    18
 -6.0653041463400947E-01 a       199     0    10     1    19
  1.9993377747506866E-01 a       200     0    10     1    20
  1.2649202352448161E-01 a       201     0    11     1     1
  4.8852507165076837E-02 a       202     0    11     1     2
  1.8724946636828044E-01 a       203     0    11     1     3
 -6.4735836135396043E-03 a       204     0    11     1     4
  2.3803127207664754E-01 a       205     0    11     1     5
 -2.5929502555051659E-01 a       206     0    11     1     6
  1.5767805880852809E-01 a       207     0    11     1     7
 -3.8142560682960368E-02 a       208     0    11     1     8
 -4.4326033329041031E-02 a       209     0    11     1     9
  4.2241380018639991E-03 a       210     0    11     1    10
 -2.2939962842436409E-01 a       211     0    11     1    11
  1.7109574964878749E-01 a       212     0    11     1    12
 -1.3156045131714422E-01 a       213     0    11     1    13
  1.5871299734222746E-01 a       214     0    11     1    14
 -3.6293110980130737E-02 a       215     0    11     1    15
 -1.1972743329602101E-01 a       216     0    11     1    16
 -1.0089376963882334E-01 a       217     0    11     1    17
 -1.5345704610867894E-02 a       218     0    11     1    18
 -8.2287799159717206E-02 a       219     0    11     1    19
 -1.2921154374850244E-01 a       220     0    11     1    20
 -1.4498531887351232E-01 a       221     0    12     1     1
 -1.5426401688465080E-01 a       222     0    12     1     2
  2.6968347665554438E-02 a       223     0    12     1     3
  1.6500004007429619E-01 a       224     0    12     1     4
  5.1589097413526164E-01 a       225     0    12     1     5
 -1.6443720442293552E-01 a       226     0    12     1     6
 -1.7707524288078313E-01 a       227     0    12     1     7
  2.6463615059111815E-02 a       228     0    12     1     8
  4.7903570836536979E-01 a       229     0    12     1     9
  6.5753887371821751E-02 a       230     0    12     1    10
 -1.2203605076407763E-01 a       231     0    12     1    11
 -4.6199950242051602E-01 a       232     0    12     1    12
  2.4806984882453375E-02 a       233     0    12     1    13
  1.4776592880505518E-01 a       234     0    12     1    14
 -2.9786664339796542E-02 a       235     0    12     1    15
  1.9165472155555455E-01 a       236     0    12     1    16
  2.6108421099452706E-01 a       237     0    12     1    17
  2.6358811356979642E-03 a       238     0    12     1    18
  3.7489389818036629E-02 a       239     0    12     1    19
 -4.2133225759565462E-01 a       240     0    12     1    20
  1.0411280718650646E-02 a       241     0    13     1     1
 -3.3061181069575841E-03 a       242     0    13     1     2
  1.3604591425560986E-01 a       243     0    13     1     3
 -6.2816331520279517E-02 a       244     0    13     1     4
 -5.8671824734882166E-02 a       245     0    13     1     5
 -2.8684771608225251E-01 a       246     0    13     1     6
  2.8882606291312285E-01 a       247     0    13     1     7
 -2.1894866392618509E-01 a       248     0    13     1     8
  1.2904636524098528E-01 a       249     0    13     1     9
 -2.5437258300609616E-01 a       250     0    13     1    10
 -8.5271280342017322E-02 a       251     0    13     1    11
 -8.8479459205386829E-02 a       252     0    13     1    12
 -4.4991500968285197E-01 a       253     0    13     1    13
 -3.5988265439474632E-01 a       254     0    13     1    14
 -5.8984247834077609E-02 a       255     0    13     1    15
 -1.2406762748069997E-01 a       256     0    13     1    16
  1.7380609648116083E-01 a       257     0    13     1    17
  2.1431314776678581E-01 a       258     0    13     1    18
  4.0821124949392557E-01 a       259     0    13     1    19
  1.7573666746651273E-01 a       260     0    13     1    20
 -5.1383841687751295E-03 a       261     0    14     1     1
  4.0442093039988941E-02 a       262     0    14     1     2
  1.1208465203795551E-01 a       263     0    14     1     3
 -6.1253926384804147E-02 a       264     0    14     1     4
  8.2036578820251588E-02 a       265     0    14     1     5
  1.9389884672904451E-01 a       266     0    14     1     6
  1.4646231564827927E-01 a       267     0    14     1     7
 -1.2859088804143087E-01 a       268     0    14     1     8
  1.3253894998981536E-01 a       269     0    14     1     9
 -2.3828991418332574E-02 a       270     0    14     1    10
  1.5620983156260971E-02 a       271     0    14     1    11
 -1.0643912955099759E-01 a       272     0    14     1    12
 -1.8562158556235222E-03 a       273     0    14     1    13
  9.9410019326854598E-03 a       274     0    14     1    14
 -9.6433456544247453E-02 a       275     0    14     1    15
  1.7407373991282926E-01 a       276     0    14     1    16
  1.3863543655069591E-01 a       277     0    14     1    17
 -7.2156310666397300E-02 a       278     0    14     1    18
  6.5166453837792584E-02 a       279     0    14     1    19
  9.2712523648205869E-02 a       280     0    14     1    20
 -4.6680616101283608E-02 a       281     0    15     1     1
  1.8986544886370065E-02 a       282     0    15     1     2
 -2.6946989713532699E-01 a       283     0    15     1     3
 -4.9739828132309323E-02 a       284     0    15     1     4
  2.0026748939746354E-02 a       285     0    15     1     5
  1.1130176366503862E-01 a       286     0    15     1     6
 -2.1828697469903216E-01 a       287     0    15     1     7
 -1.0866404929678976E-01 a       288     0    15     1     8
 -1.6401199904966671E-01 a       289     0    15     1     9
 -3.3051446247260613E-02 a       290     0    15     1    10
  3.4897313499677374E-01 a       291     0    15     1    11
  4.9435545772122857E-01 a       292     0    15     1    12
 -2.0419193876000905E-01 a       293     0    15     1    13
 -3.2055173573562010E-02 a       294     0    15     1    14
  1.7874748840106794E-01 a       295     0    15     1    15
  3.4931521960354948E-02 a       296     0    15     1    16
 -2.6614017954901137E-01 a       297     0    15     1    17
  2.4711914479831432E-01 a       298     0    15     1    18
  2.2576624837847811E-01 a       299     0    15     1    19
  7.3342959417672091E-02 a       300     0    15     1    20
  6.4613047910518043E-02 a       301     0    16     1     1
  1.9230784985875427E-01 a       302     0    16     1     2
 -8.8588557561712730E-02 a       303     0    16     1     3
 -1.6065709843517878E-02 a       304     0    16     1     4
 -1.4263627088211961E-01 a       305     0    16     1     5
  7.4283726052415157E-03 a       306     0    16     1     6
 -1.8812731058553953E-01 a       307     0    16     1     7
  1.5118858936848448E-01 a       308     0    16     1     8
 -2.0645788599636417E-01 a       309     0    16     1     9
 -1.1579585842202103E-02 a       310     0    16     1    10
  5.5483264942103525E-02 a       311     0    16     1    11
 -2.1516924151129158E-01 a       312     0    16     1    12
  2.9171723614875467E-01 a       313     0    16     1    13
  3.2206822860811435E-01 a       314     0    16     1    14
 -5.4069518482030350E-02 a       315     0    16     1    15
  1.5320984327824957E-01 a       316     0    16     1    16
  1.0615421951921794E-01 a       317     0    16     1    17
 -1.7403799643594015E-01 a       318     0    16     1    18
 -6.7578052652107229E-02 a       319     0    16     1    19
  8.9540376972893396E-02 a       320     0    16     1    20
 -9.1242781373431945E-05 a       321     0    17     1     1
 -5.1820075203157720E-02 a       322     0    17     1     2
 -4.1504784062984489E-02 a       323     0    17     1     3
  4.1112622061418511E-02 a       324     0    17     1     4
  5.6179103744267253E-02 a       325     0    17     1     5
 -8.0567695223840122E-02 a       326     0    17     1     6
  4.9191237914332012E-02 a       327     0    17     1     7
 -7.5255791443620754E-02 a       328     0    17     1     8
 -9.0403557548179164E-02 a       329     0    17     1     9
 -2.2747216945687900E-02 a       330     0    17     1    10
  5.4375566187238482E-02 a       331     0    17     1    11
  1.4119870446124091E-01 a       332     0    17     1    12
  3.9747280666737328E-02 a       333     0    17     1    13
  7.5199037008764222E-02 a       334     0    17     1    14
 -7.9550078726195149E-03 a       335     0    17     1    15
 -6.5094746742843754E-02 a       336     0    17     1    16
 -1.7470705960536304E-01 a       337     0    17     1    17
 -7.0683536053672932E-02 a       338     0    17     1    18
 -7.9958366975121393E-03 a       339     0    17     1    19
  1.1474217904491737E-02 a       340     0    17     1    20
 -2.5889508537667488E-01 a       341     0    18     1     1
 -3.9277457784293701E-01 a       342     0    18     1     2
  1.0152764352288500E-01 a       343     0    18     1     3
  3.7065869977734429E-02 a       344     0    18     1     4
  2.3984249958101045E-01 a       345     0    18     1     5
 -2.3934891242591944E-01 a       346     0    18     1     6
  3.0003832200757143E-03 a       347     0    18     1     7
  1.3959177778319079E-01 a       348     0    18     1     8
  4.4951434443216665E-01 a       349     0    18     1     9
 -6.9008522281755691E-02 a       350     0    18     1    10
 -1.7003153630222786E-01 a       351     0    18     1    11
 -4.2534481924485718E-01 a       352     0    18     1    12
 -1.0183859068801231E-01 a       353     0    18     1    13
  2.1309265763972396E-01 a       354     0    18     1    14
  2.3397039947801877E-02 a       355     0    18     1    15
 -1.7516754854095681E-01 a       356     0    18     1    16
  2.2807544829690823E-01 a       357     0    18     1    17
 -6.1029007916497825E-02 a       358     0    18     1    18
 -3.7340044014779661E-01 a       359     0    18     1    19
 -2.0935853276092017E-01 a       360     0    18     1    20
  1.4421129652164541E-01 a       361     0    19     1     1
  1.5780966806641500E-01 a       362     0    19     1     2
  1.6749687996627716E-01 a       363     0    19     1     3
  1.3647147946931167E-02 a       364     0    19     1     4
 -9.3204936099443067E-02 a       365     0    19     1     5
  1.7412876274841568E-01 a       366     0    19     1     6
  1.8977814981141919E-01 a       367     0    19     1     7
 -1.7686238471152499E-01 a       368     0    19     1     8
  3.5907734114684854E-03 a       369     0    19     1     9
  2.1346592176140144E-01 a       370     0    19     1    10
  7.5006203543481753E-02 a       371     0    19     1    11
  1.1580538299873391E-01 a       372     0    19     1    12
  9.1760519884005534E-02 a       373     0    19     1    13
 -4.2215816637429315E-01 a       374     0    19     1    14
 -1.5726485274070993E-02 a       375     0    19     1    15
  1.4845998338007707E-01 a       376     0    19     1    16
 -1.5497908888698628E-01 a       377     0    19     1    17
  1.5905836005051795E-02 a       378     0    19     1    18
  1.5114563249319746E-01 a       379     0    19     1    19
  8.5356148896901726E-02 a       380     0    19     1    20
 -6.2658822163051422E-02 a       381     0    20     1     1
 -2.5595136533886429E-02 a       382     0    20     1     2
  3.0679234838409328E-02 a       383     0    20     1     3
 -4.4502785075423996E-02 a       384     0    20     1     4
  6.0454600329417699E-03 a       385     0    20     1     5
 -1.0137215138516063E-02 a       386     0    20     1     6
 -2.8275091203845550E-02 a       387     0    20     1     7
  7.0291572085837112E-02 a       388     0    20     1     8
  9.3261797390508674E-02 a       389     0    20     1     9
  3.7673466717562769E-02 a       390     0    20     1    10
 -6.0200867596915120E-02 a       391     0    20     1    11
 -9.5716698177649592E-02 a       392     0    20     1    12
 -5.2271127184115085E-02 a       393     0    20     1    13
 -2.5295422024831135E-02 a       394     0    20     1    14
  1.1081198254201291E-02 a       395     0    20     1    15
  3.7929724838763598E-02 a       396     0    20     1    16
  1.7965264277702309E-01 a       397     0    20     1    17
  3.8301330660181605E-02 a       398     0    20     1    18
 -6.1491555847106263E-02 a       399     0    20     1    19
 -4.2145521725382350E-02 a       400     0    20     1    20
  3.3443871556674186E-02 a       401     0    21     1     1
 -1.8515740414647167E-02 a       402     0    21     1     2
 -2.9411351888706155E-01 a       403     0    21     1     3
  6.3016189579433324E-03 a       404     0    21     1     4
 -1.0148101249251841E-02 a       405     0    21     1     5
  2.4779522297388792E-02 a       406     0    21     1     6
 -1.5123646367175889E-01 a       407     0    21     1     7
  1.1671989509879745E-03 a       408     0    21     1     8
 -1.9339514072634692E-01 a       409     0    21     1     9
 -8.3875983570961918E-02 a       410     0    21     1    10
 -1.2076460158197755E-01 a       411     0    21     1    11
  1.4718316633519116E-01 a       412     0    21     1    12
 -1.8867983906310581E-01 a       413     0    21     1    13
 -2.9033446181649506E-03 a       414     0    21     1    14
  4.3038318848273499E-02 a       415     0    21     1    15
 -5.0744342557157138E-02 a       416     0    21     1    16
 -7.5296996674995315E-02 a       417     0    21     1    17
  1.1634176079566186E-01 a       418     0    21     1    18
  1.2486055260051537E-02 a       419     0    21     1    19
  7.3176657698748676E-02 a       420     0    21     1    20
  1.1755844832989447E-01 a       421     0    22     1     1
  3.3624070777382714E-01 a       422     0    22     1     2
  7.3084708572346210E-02 a       423     0    22     1     3
  8.4585568411814933E-03 a       424     0    22     1     4
 -1.1577083241697568E-01 a       425     0    22     1     5
 -2.3581315007161239E-02 a       426     0    22     1     6
 -4.7555219827406361E-02 a       427     0    22     1     7
  1.4255193594998636E-01 a       428     0    22     1     8
 -1.8209280718674573E-01 a       429     0    22     1     9
 -1.0728407991552182E-01 a       430     0    22     1    10
  6.7686680138241390E-02 a       431     0    22     1    11
 -7.9801176222434211E-02 a       432     0    22     1    12
  7.3190350029163187E-02 a       433     0    22     1    13
  1.6641200370009629E-01 a       434     0    22     1    14
  6.9503164044232402E-02 a       435     0    22     1    15
  5.3320059215919417E-02 a       436     0    22     1    16
  1.3230798712475764E-01 a       437     0    22     1    17
  2.9553233693032002E-02 a       438     0    22     1    18
  2.0991574648790087E-01 a       439     0    22     1    19
  7.5654991023122412E-02 a       440     0    22     1    20
  1.0650157127438292E-01 a       441     0    23     1     1
  7.2898551393577912E-02 a       442     0    23     1     2
 -1.4092873628995394E-03 a       443     0    23     1     3
  1.2304748533707473E-02 a       444     0    23     1     4
 -4.8008399427561660E-03 a       445     0    23     1     5
 -4.0906008216040859E-02 a       446     0    23     1     6
  4.7676382473684449E-02 a       447     0    23     1     7
 -1.1616542417861495E-01 a       448     0    23     1     8
 -8.2655586611556850E-02 a       449     0    23     1     9
 -5.0245123630873675E-02 a       450     0    23     1    10
  2.4591300762351352E-02 a       451     0    23     1    11
  4.6516749788269800E-02 a       452     0    23     1    12
  8.1685899722307633E-03 a       453     0    23     1    13
  7.7810067881460797E-03 a       454     0    23     1    14
 -4.4199895577860103E-02 a       455     0    23     1    15
  3.0792592356744986E-03 a       456     0    23     1    16
 -1.1285008647581844E-01 a       457     0    23     1    17
 -2.0116053924536519E-02 a       458     0    23     1    18
  9.0391466223169362E-02 a       459     0    23     1    19
  5.3295279769435044E-02 a       460     0    23     1    20
 -3.2216409529575341E-01 a       461     0    24     1     1
 -4.7953433579912752E-01 a       462     0    24     1     2
  3.1642059030748675E-02 a       463     0    24     1     3
 -5.3716216321937918E-02 a       464     0    24     1     4
  1.8339077849158256E-01 a       465     0    24     1     5
 -2.4819876937632421E-01 a       466     0    24     1     6
  1.1906674446788840E-01 a       467     0    24     1     7
 -3.0583779137371425E-02 a       468     0    24     1     8
  3.9881894743319679E-01 a       469     0    24     1     9
 -6.3991267175559780E-02 a       470     0    24     1    10
 -5.3129696097191587E-03 a       471     0    24     1    11
 -1.3452157640960025E-01 a       472     0    24     1    12
 -2.7891415574323825E-01 a       473     0    24     1    13
  1.1253517386005027E-01 a       474     0    24     1    14
 -4.3154691319144962E-02 a       475     0    24     1    15
 -1.3507401137833072E-01 a       476     0    24     1    16
  1.2061391644018243E-01 a       477     0    24     1    17
  8.0109626711066431E-02 a       478     0    24     1    18
 -3.2473533102006891E-01 a       479     0    24     1    19
 -1.8532118791229291E-01 a       480     0    24     1    20
 -8.4839928907695667E-03 a       481     0    25     1     1
 -2.2110959196163991E-02 a       482     0    25     1     2
 -5.5489763993666415E-04 a       483     0    25     1     3
  3.4530087034047710E-02 a       484     0    25     1     4
  3.2492675224172547E-02 a       485     0    25     1     5
  9.3758579527599972E-02 a       486     0    25     1     6
 -7.4874858754721395E-03 a       487     0    25     1     7
 -6.9715206822336367E-02 a       488     0    25     1     8
 -2.7140285650056963E-02 a       489     0    25     1     9
  6.3508017447955506E-02 a       490     0    25     1    10
 -3.7030543943311643E-02 a       491     0    25     1    11
  5.9604742058365578E-02 a       492     0    25     1    12
  1.1300082985591529E-01 a       493     0    25     1    13
 -3.5986966754351077E-02 a       494     0    25     1    14
 -2.4518137911862328E-02 a       495     0    25     1    15
 -1.5563095829577826E-02 a       496     0    25     1    16
 -1.2936979551390218E-01 a       497     0    25     1    17
 -6.0190334512580893E-02 a       498     0    25     1    18
  2.7375602844091879E-02 a       499     0    25     1    19
 -3.0012751318500480E-02 a       500     0    25     1    20
 -1.0761137522798743E-01 a       501     0    26     1     1
 -9.2433104546063738E-02 a       502     0    26     1     2
 -2.5601474628319788E-02 a       503     0    26     1     3
 -3.0348158308267227E-03 a       504     0    26     1     4
 -1.3914983192229580E-02 a       505     0    26     1     5
  4.4947236089668108E-02 a       506     0    26     1     6
 -1.4722604090441146E-02 a       507     0    26     1     7
  8.3598600207036328E-02 a       508     0    26     1     8
  8.9625845270452420E-02 a       509     0    26     1     9
  5.7914025832974919E-02 a       510     0    26     1    10
 -8.7339455201790837E-03 a       511     0    26     1    11
 -5.0420613471931566E-02 a       512     0    26     1    12
  9.5115451579790063E-03 a       513     0    26     1    13
 -2.7378181859574892E-02 a       514     0    26     1    14
  5.2832671671353151E-02 a       515     0    26     1    15
 -1.7091568883941994E-02 a       516     0    26     1    16
  8.2217503026759814E-02 a       517     0    26     1    17
  3.0661131349572213E-02 a       518     0    26     1    18
 -1.3936180953551822E-01 a       519     0    26     1    19
 -1.1918332134949534E-02 a       520     0    26     1    20
  1.2321678189368808E-01 a       521     0    27     1     1
  1.2880332194265978E-01 a       522     0    27     1     2
 -7.9032732175313147E-02 a       523     0    27     1     3
  3.0087732128958423E-02 a       524     0    27     1     4
 -5.7363780154049047E-02 a       525     0    27     1     5
  1.3346210745359685E-01 a       526     0    27     1     6
 -1.3042481318188093E-01 a       527     0    27     1     7
  4.1831640833976447E-02 a       528     0    27     1     8
 -1.7535769355585215E-01 a       529     0    27     1     9
  5.8526486873263610E-03 a       530     0    27     1    10
 -5.0343106922742638E-02 a       531     0    27     1    11
  5.6967048689053709E-02 a       532     0    27     1    12
  1.0071846441150015E-01 a       533     0    27     1    13
 -2.3417545898948497E-02 a       534     0    27     1    14
  1.1230908612239054E-02 a       535     0    27     1    15
  2.9026206918720491E-02 a       536     0    27     1    16
 -3.1853350956883013E-02 a       537     0    27     1    17
 -7.6109862900848771E-02 a       538     0    27     1    18
  7.9421862887753145E-02 a       539     0    27     1    19
  8.9349883799050858E-02 a       540     0    27     1    20
  8.3497119729156674E-02 a       541     0    28     1     1
  1.7566562257103766E-01 a       542     0    28     1     2
  7.3750102861808178E-02 a       543     0    28     1     3
  1.1547900748240657E-02 a       544     0    28     1     4
 -6.1706872462344783E-02 a       545     0    28     1     5
  4.8684550386151743E-02 a       546     0    28     1     6
  2.0769804175740886E-02 a       547     0    28     1     7
  3.4038195292578483E-02 a       548     0    28     1     8
 -6.4562654150368951E-02 a       549     0    28     1     9
 -1.4712638139889286E-02 a       550     0    28     1    10
  5.4993946212527962E-02 a       551     0    28     1    11
  6.9076380054713038E-03 a       552     0    28     1    12
  6.1113138591898229E-02 a       553     0    28     1    13
 -9.1929674427936054E-03 a       554     0    28     1    14
  2.9442613297371373E-02 a       555     0    28     1    15
  3.8733153468335606E-02 a       556     0    28     1    16
  2.7130437829623336E-02 a       557     0    28     1    17
 -3.2078377839984819E-03 a       558     0    28     1    18
  9.6828376966592369E-02 a       559     0    28     1    19
  5.1455106947401387E-02 a       560     0    28     1    20
  4.0509554810933712E-02 a       561     0    29     1     1
  5.4827507572818464E-02 a       562     0    29     1     2
  2.3718003123619553E-02 a       563     0    29     1     3
  2.5831414711688597E-03 a       564     0    29     1     4
  1.6028163860244596E-02 a       565     0    29     1     5
 -2.5665535240446090E-02 a       566     0    29     1     6
  1.2273933342302144E-02 a       567     0    29     1     7
 -4.0324811621977409E-02 a       568     0    29     1     8
 -5.3139988468321277E-02 a       569     0    29     1     9
 -2.5662252806696928E-02 a       570     0    29     1    10
 -8.4614891962760449E-03 a       571     0    29     1    11
  3.4779994669419570E-02 a       572     0    29     1    12
  1.2224733260715688E-02 a       573     0    29     1    13
  2.6048122734350723E-02 a       574     0    29     1    14
 -1.9490909819259980E-02 a       575     0    29     1    15
  4.0341547783290868E-03 a       576     0    29     1    16
 -3.6914009551359164E-02 a       577     0    29     1    17
 -1.7480053454951388E-02 a       578     0    29     1    18
  8.1297693597456699E-02 a       579     0    29     1    19
 -7.3168423409279921E-03 a       580     0    29     1    20
 -1.5785658077969150E-01 a       581     0    30     1     1
 -2.5954812671717364E-01 a       582     0    30     1     2
 -6.9660947650098934E-02 a       583     0    30     1     3
 -4.1584371887757737E-02 a       584     0    30     1     4
  9.4221576333106793E-02 a       585     0    30     1     5
 -2.0305928553673097E-01 a       586     0    30     1     6
  4.8648959557357312E-02 a       587     0    30     1     7
 -3.1188441367764861E-02 a       588     0    30     1     8
  1.7182582394096368E-01 a       589     0    30     1     9
 -2.6957147502275357E-02 a       590     0    30     1    10
 -2.9428284845571803E-02 a       591     0    30     1    11
 -8.3453555946349095E-02 a       592     0    30     1    12
 -1.6404788224801847E-01 a       593     0    30     1    13
  4.0543135106148064E-02 a       594     0    30     1    14
 -2.3645154979866800E-02 a       595     0    30     1    15
 -5.1300914095927491E-02 a       596     0    30     1    16
  4.4269152722206051E-02 a       597     0    30     1    17
  6.2135506779509339E-02 a       598     0    30     1    18
 -1.8199560401906634E-01 a       599     0    30     1    19
 -8.3988980712932468E-02 a       600     0    30     1    20
 -2.0422681173142609E-01 a       601     0    31     1     1
 -4.6474483462571214E-01 a       602     0    31     1     2
  6.2233137473535627E-01 a       603     0    31     1     3
 -1.0040530559657095E-01 a       604     0    31     1     4
 -1.1956611936217549E-02 a       605     0    31     1     5
  4.4747950393899172E-01 a       606     0    31     1     6
 -3.0607357850477773E-01 a       607     0    31     1     7
  3.1695091803478861E-02 a       608     0    31     1     8
  2.6114241853683628E-01 a       609     0    31     1     9
  1.7574598836859195E-01 a       610     0    31     1    10
 -2.5837933216049314E-01 a       611     0    31     1    11
 -1.3184541642185285E-02 a       612     0    31     1    12
  4.4502284543638015E-01 a       613     0    31     1    13
 -6.4553601680590322E-02 a       614     0    31     1    14
  3.6858321686482370E-01 a       615     0    31     1    15
  1.6743374991053714E-01 a       616     0    31     1    16
 -2.9651685695784619E-01 a       617     0    31     1    17
  6.1704154929855970E-01 a       618     0    31     1    18
 -1.9833702853714059E-02 a       619     0    31     1    19
  3.9292271003475632E-01 a       620     0    31     1    20
 -1.8957483429565308E-02 a       621     0    32     1     1
  1.4590904422274576E-02 a       622     0    32     1     2
  2.0337974746053050E-01 a       623     0    32     1     3
 -2.6067102842164073E-02 a       624     0    32     1     4
  3.7259197499891518E-02 a       625     0    32     1     5
  9.3710729997795502E-03 a       626     0    32     1     6
  6.2526644626689221E-02 a       627     0    32     1     7
 -1.6249267350384300E-01 a       628     0    32     1     8
  1.3526618841882565E-01 a       629     0    32     1     9
 -6.1010807408837367E-02 a       630     0    32     1    10
  2.5117883527326257E-01 a       631     0    32     1    11
  2.1172712395462334E-01 a       632     0    32     1    12
 -2.4022070605175731E-03 a       633     0    32     1    13
  4.5551777752719701E-02 a       634     0    32     1    14
 -2.3745743906714096E-02 a       635     0    32     1    15
 -9.8851064724643813E-03 a       636     0    32     1    16
 -4.9241394648739792E-02 a       637     0    32     1    17
 -6.3146761301971152E-02 a       638     0    32     1    18
 -9.3318495237212334E-02 a       639     0    32     1    19
  5.6513344879859741E-02 a       640     0    32     1    20
 -2.8314665097489211E-01 a       641     0    33     1     1
 -1.7935189641451732E-01 a       642     0    33     1     2
 -8.2306484634596200E-01 a       643     0    33     1     3
  1.3308514823402617E-01 a       644     0    33     1     4
  1.0602581880324125E+00 a       645     0    33     1     5
 -5.3328908305278422E-01 a       646     0    33     1     6
  1.9009768305568855E-02 a       647     0    33     1     7
  1.8753449063150565E-01 a       648     0    33     1     8
  1.5851077729735594E-01 a       649     0    33     1     9
  6.4407998737610161E-02 a       650     0    33     1    10
  1.3529080095435204E+00 a       651     0    33     1    11
  4.6830285840229174E-01 a       652     0    33     1    12
 -9.5769076149180343E-01 a       653     0    33     1    13
 -7.4262554749019064E-02 a       654     0    33     1    14
  4.5808985750733489E-01 a       655     0    33     1    15
  2.2576048745622490E-01 a       656     0    33     1    16
  4.7888085854884958E-02 a       657     0    33     1    17
 -8.9804610255388784E-01 a       658     0    33     1    18
 -7.1689577444980290E-01 a       659     0    33     1    19
 -3.2109235510198619E-01 a       660     0    33     1    20
 -1.6330103593282994E-01 a       661     0    34     1     1
 -3.0268000540579454E-01 a       662     0    34     1     2
 -1.8008963591546620E-01 a       663     0    34     1     3
 -1.2388113848769580E-01 a       664     0    34     1     4
  1.1769984601271005E-01 a       665     0    34     1     5
 -1.5260470174836482E-03 a       666     0    34     1     6
  1.8050521622783205E-01 a       667     0    34     1     7
 -1.2111824750174885E-01 a       668     0    34     1     8
 -7.8958713801332028E-02 a       669     0    34     1     9
  2.0326266549310176E-01 a       670     0    34     1    10
 -2.9001930502123290E-02 a       671     0    34     1    11
 -3.7704339041487600E-01 a       672     0    34     1    12
 -1.2918682834288459E-01 a       673     0    34     1    13
  1.4568117093630090E-01 a       674     0    34     1    14
 -7.4779101873003198E-02 a       675     0    34     1    15
  1.4027996266011555E-01 a       676     0    34     1    16
 -8.6875970206664512E-03 a       677     0    34     1    17
 -1.8800817470781047E-02 a       678     0    34     1    18
 -5.5420209839322818E-02 a       679     0    34     1    19
  1.7230066313559250E-01 a       680     0    34     1    20
 -2.5339216529909468E-02 a       681     0    35     1     1
 -1.7753706699320962E-01 a       682     0    35     1     2
 -2.7188818772644702E-01 a       683     0    35     1     3
 -8.7106196638797734E-02 a       684     0    35     1     4
 -1.1156561743435879E-02 a       685     0    35     1     5
 -2.2498772276790713E-01 a       686     0    35     1     6
 -1.1380742007331300E-01 a       687     0    35     1     7
 -8.9217279538554961E-02 a       688     0    35     1     8
 -1.5756207682642698E-01 a       689     0    35     1     9
 -4.6827555554322879E-02 a       690     0    35     1    10
  1.1859640178079972E-01 a       691     0    35     1    11
  4.9416645157796091E-02 a       692     0    35     1    12
 -8.5077157236957246E-02 a       693     0    35     1    13
 -5.3771351113348083E-02 a       694     0    35     1    14
 -2.3699957059548682E-01 a       695     0    35     1    15
  1.8263182787469712E-01 a       696     0    35     1    16
  5.1195395516708153E-02 a       697     0    35     1    17
 -1.1985073497865291E-01 a       698     0    35     1    18
  1.4919514934483713E-01 a       699     0    35     1    19
 -1.0096003867962927E-01 a       700     0    35     1    20
  6.1019132687285815E-01 a       701     0    36     1     1
  4.4656142830426354E-01 a       702     0    36     1     2
  3.2687446026822603E-01 a       703     0    36     1     3
 -2.7150131315779629E-02 a       704     0    36     1     4
 -1.0255914442547531E+00 a       705     0    36     1     5
  2.6456658429390828E-01 a       706     0    36     1     6
  1.0619504573899884E-01 a       707     0    36     1     7
  1.3329062818780482E-01 a       708     0    36     1     8
 -6.7505586813761720E-01 a       709     0    36     1     9
  2.3191060422329773E-01 a       710     0    36     1    10
 -8.6040347110043414E-01 a       711     0    36     1    11
  1.5935915696114653E-01 a       712     0    36     1    12
  8.1475103617693767E-01 a       713     0    36     1    13
 -3.0847522893085993E-01 a       714     0    36     1    14
 -6.3243723977424071E-01 a       715     0    36     1    15
 -4.9634619268433733E-01 a       716     0    36     1    16
 -3.9585119636144805E-01 a       717     0    36     1    17
  5.4972501063770862E-01 a       718     0    36     1    18
  1.6733013562258289E-01 a       719     0    36     1    19
 -7.1187060290448870E-02 a       720     0    36     1    20
  1.3918981153802715E-01 a       721     0    37     1     1
  4.5863580303812501E-01 a       722     0    37     1     2
  3.5245717994503545E-01 a       723     0    37     1     3
  9.0106478651499899E-02 a       724     0    37     1     4
 -4.4244084339662348E-01 a       725     0    37     1     5
  5.9114338461580256E-02 a       726     0    37     1     6
  1.3136844523784011E-01 a       727     0    37     1     7
 -1.0274107407896121E-02 a       728     0    37     1     8
  3.1370707662991476E-01 a       729     0    37     1     9
 -3.9181986183576695E-01 a       730     0    37     1    10
 -2.2639375151686461E-01 a       731     0    37     1    11
  2.1721764096423002E-01 a       732     0    37     1    12
  2.1656098702222429E-01 a       733     0    37     1    13
 -1.4986802613809638E-01 a       734     0    37     1    14
 -5.5896599095871902E-01 a       735     0    37     1    15
 -9.1368444519318193E-01 a       736     0    37     1    16
  5.1442307413438759E-01 a       737     0    37     1    17
 -4.1574607231964633E-01 a       738     0    37     1    18
  2.5281475387141514E-02 a       739     0    37     1    19
 -1.9283131890136024E-01 a       740     0    37     1    20
  6.4242498500622081E-02 a       741     0    38     1     1
  4.7997257707604254E-02 a       742     0    38     1     2
 -8.0209527346363579E-02 a       743     0    38     1     3
  2.3761928657133731E-02 a       744     0    38     1     4
 -2.8151035708673774E-02 a       745     0    38     1     5
  6.7111998646313842E-02 a       746     0    38     1     6
 -8.1289184863702680E-04 a       747     0    38     1     7
  9.5083886009094051E-02 a       748     0    38     1     8
 -1.0237844766222873E-01 a       749     0    38     1     9
  4.0758458293320678E-02 a       750     0    38     1    10
 -1.1946301274009845E-01 a       751     0    38     1    11
 -7.1135056840061139E-03 a       752     0    38     1    12
  8.8879889714079258E-02 a       753     0    38     1    13
 -4.6270478900274732E-03 a       754     0    38     1    14
  1.0350685648043506E-01 a       755     0    38     1    15
 -2.6634290617675660E-01 a       756     0    38     1    16
 -3.8572914177518361E-02 a       757     0    38     1    17
  8.2340476897352452E-02 a       758     0    38     1    18
  7.2158312829048304E-02 a       759     0    38     1    19
  3.7593933193130580E-03 a       760     0    38     1    20
  1.6783658885372732E-01 a       761     0    39     1     1
  3.8136552532752621E-01 a       762     0    39     1     2
 -2.3581206733195995E-01 a       763     0    39     1     3
  1.0661454262754608E-01 a       764     0    39     1     4
 -1.8028756922577130E-01 a       765     0    39     1     5
  5.8859861687480375E-01 a       766     0    39     1     6
  6.8093985202051543E-01 a       767     0    39     1     7
  1.3323416406273427E-02 a       768     0    39     1     8
 -9.1871066031585302E-01 a       769     0    39     1     9
  1.0703718566608176E+00 a       770     0    39     1    10
 -4.3629880945740351E-01 a       771     0    39     1    11
 -7.9548543759176005E-01 a       772     0    39     1    12
  3.4218074917272873E-01 a       773     0    39     1    13
 -2.9896427446803064E-01 a       774     0    39     1    14
  1.0393566849001292E+00 a       775     0    39     1    15
  2.0508066068386857E+00 a       776     0    39     1    16
  2.9359551247403404E-01 a       777     0    39     1    17
  5.3950528943853482E-01 a       778     0    39     1    18
  4.7763486997032856E-01 a       779     0    39     1    19
  4.3643029647988224E-01 a       780     0    39     1    20
  2.3694038838715195E-01 a       781     0    40     1     1
  3.6089733364146781E-01 a       782     0    40     1     2
 -4.2179520729935686E-02 a       783     0    40     1     3
  1.5127415911400285E-01 a       784     0    40     1     4
 -1.5475484529778749E-01 a       785     0    40     1     5
  2.7538061120796470E-01 a       786     0    40     1     6
 -1.2741367390073477E-01 a       787     0    40     1     7
 -5.2562778600082176E-02 a       788     0    40     1     8
  4.8312286763382695E-01 a       789     0    40     1     9
  1.5658421206560852E-01 a       790     0    40     1    10
  3.0462167416089392E-01 a       791     0    40     1    11
 -1.7641642934012175E-01 a       792     0    40     1    12
  1.0357704115223672E-01 a       793     0    40     1    13
 -2.2900457606433883E-01 a       794     0    40     1    14
  7.1847764625536700E-02 a       795     0    40     1    15
 -2.3852828289641378E-01 a       796     0    40     1    16
  2.1795602838104927E-01 a       797     0    40     1    17
  4.8946703195740893E-01 a       798     0    40     1    18
 -3.5152016209240092E-02 a       799     0    40     1    19
  1.4653192780056512E-01 a       800     0    40     1    20
 -2.6077751194302397E-02 a       801     0    41     1     1
  1.1343056009295989E-01 a       802     0    41     1     2
  3.5560128395050954E-02 a       803     0    41     1     3
  8.1478684281673500E-02 a       804     0    41     1     4
 -9.9521794377169015E-02 a       805     0    41     1     5
  6.6995742226620955E-02 a       806     0    41     1     6
 -7.3685148809043768E-03 a       807     0    41     1     7
  1.4580984342168857E-01 a       808     0    41     1     8
 -1.3629019740628086E-03 a       809     0    41     1     9
 -1.7834607376721111E-02 a       810     0    41     1    10
 -2.4194118277389612E-01 a       811     0    41     1    11
 -1.9907965735824415E-01 a       812     0    41     1    12
 -4.4610876314936841E-02 a       813     0    41     1    13
  2.8119844735601345E-02 a       814     0    41     1    14
  1.0901354119684314E-01 a       815     0    41     1    15
 -3.8561768733752361E-02 a       816     0    41     1    16
  8.4678333453716281E-02 a       817     0    41     1    17
  1.0994351650656840E-01 a       818     0    41     1    18
 -8.9771118761877072E-02 a       819     0    41     1    19
  7.8563251566031826E-03 a       820     0    41     1    20
 -2.0599538926250341E-01 a       821     0    42     1     1
 -1.6016492172767044E-01 a       822     0    42     1     2
 -1.0838737387668966E-01 a       823     0    42     1     3
 -6.1611837610670454E-02 a       824     0    42     1     4
  8.4963167634248091E-02 a       825     0    42     1     5
 -3.3173178760524008E-01 a       826     0    42     1     6
 -6.8597210426746977E-02 a       827     0    42     1     7
 -1.0561068103143798E-01 a       828     0    42     1     8
  5.7014688146378323E-01 a       829     0    42     1     9
 -4.9030671716199747E-01 a       830     0    42     1    10
  6.3359321218285880E-01 a       831     0    42     1    11
  1.3125616062723436E-01 a       832     0    42     1    12
 -2.6257778592130077E-01 a       833     0    42     1    13
  1.2966990549308802E-01 a       834     0    42     1    14
 -2.5718708349348990E-01 a       835     0    42     1    15
 -3.6763308493672325E-01 a       836     0    42     1    16
  2.8849190859414442E-01 a       837     0    42     1    17
 -2.0007563282524332E-01 a       838     0    42     1    18
  6.8814326715867569E-02 a       839     0    42     1    19
 -1.9653085011624305E-01 a       840     0    42     1    20
  6.3903655472736520E-02 a       841     0    43     1     1
  1.7971199566743190E-01 a       842     0    43     1     2
  7.0933308733628672E-02 a       843     0    43     1     3
  5.7805757185876916E-03 a       844     0    43     1     4
 -1.0003465518339207E-01 a       845     0    43     1     5
 -2.0708925994625857E-02 a       846     0    43     1     6
  1.0535967541683948E-02 a       847     0    43     1     7
 -4.1183375460633165E-02 a       848     0    43     1     8
  2.3743112794446960E-02 a       849     0    43     1     9
  1.1781019775538092E-01 a       850     0    43     1    10
  1.0013409934140971E-01 a       851     0    43     1    11
  1.1091073685785713E-01 a       852     0    43     1    12
  1.9661323747569268E-01 a       853     0    43     1    13
 -1.0505449657803903E-01 a       854     0    43     1    14
  1.2269281921641968E-02 a       855     0    43     1    15
  1.0442627165886414E-01 a       856     0    43     1    16
  1.3726621291294375E-01 a       857     0    43     1    17
  8.6586655625072004E-04 a       858     0    43     1    18
  6.2515020935966448E-02 a       859     0    43     1    19
 -7.2450708337256448E-02 a       860     0    43     1    20
 -4.2932709922166190E-02 a       861     0    44     1     1
 -3.4495640916165367E-02 a       862     0    44     1     2
 -6.4903862180387170E-02 a       863     0    44     1     3
 -3.1036241998703102E-02 a       864     0    44     1     4
 -4.3968572735544748E-02 a       865     0    44     1     5
 -4.6533209170354931E-02 a       866     0    44     1     6
  1.1580544102226800E-02 a       867     0    44     1     7
  5.9030217118798772E-02 a       868     0    44     1     8
  4.0735047580415504E-02 a       869     0    44     1     9
  1.7968034546449618E-01 a       870     0    44     1    10
  2.4105843365515245E-01 a       871     0    44     1    11
  9.8805049830515232E-02 a       872     0    44     1    12
  1.1647169525939608E-02 a       873     0    44     1    13
 -1.7137429611162455E-01 a       874     0    44     1    14
  9.1658659742790347E-02 a       875     0    44     1    15
  2.6141973308776545E-01 a       876     0    44     1    16
  1.7113243509654766E-01 a       877     0    44     1    17
  5.6213901425745470E-02 a       878     0    44     1    18
  1.1359249619948372E-01 a       879     0    44     1    19
 -9.3807656780137791E-02 a       880     0    44     1    20
 -5.0219342518650421E-02 a       881     0    45     1     1
 -1.9567677171814450E-02 a       882     0    45     1     2
 -7.8412976576473961E-02 a       883     0    45     1     3
  7.3816609997245222E-02 a       884     0    45     1     4
  6.9534208476078344E-02 a       885     0    45     1     5
  2.0086513435211700E-01 a       886     0    45     1     6
  3.5605252969871493E-01 a       887     0    45     1     7
  1.0699470177279662E-01 a       888     0    45     1     8
  5.2615473131578548E-03 a       889     0    45     1     9
 -7.0470125282870985E-02 a       890     0    45     1    10
 -2.1738378639270270E-01 a       891     0    45     1    11
 -3.4158781393296661E-01 a       892     0    45     1    12
 -9.7096444373537275E-02 a       893     0    45     1    13
  5.6666236445636023E-02 a       894     0    45     1    14
  1.2899716515786552E-01 a       895     0    45     1    15
  5.4666263197268083E-02 a       896     0    45     1    16
 -2.5759909384879776E-01 a       897     0    45     1    17
  1.0895788607411161E-01 a       898     0    45     1    18
 -1.8498395658302647E-01 a       899     0    45     1    19
  1.1920940832261222E-01 a       900     0    45     1    20
  6.2104525421847780E-02 a       901     0    46     1     1
  4.7317720902413062E-02 a       902     0    46     1     2
  1.2855084973566705E-01 a       903     0    46     1     3
  8.1651259253734381E-03 a       904     0    46     1     4
  4.4038182640709453E-02 a       905     0    46     1     5
  1.2752496518814774E-01 a       906     0    46     1     6
 -1.4279142662625985E-01 a       907     0    46     1     7
 -1.1199090772319130E-01 a       908     0    46     1     8
 -4.8932917045665561E-02 a       909     0    46     1     9
 -5.7303569772632415E-02 a       910     0    46     1    10
 -1.0290117671510877E-01 a       911     0    46     1    11
  2.1267039832254125E-01 a       912     0    46     1    12
  1.2483228948574637E-01 a       913     0    46     1    13
 -1.8915838271625277E-01 a       914     0    46     1    14
 -3.3451876096065189E-02 a       915     0    46     1    15
  2.2855491684597131E-02 a       916     0    46     1    16
 -7.0651600286123301E-02 a       917     0    46     1    17
  9.6249350297605937E-02 a       918     0    46     1    18
  5.5774556698379087E-02 a       919     0    46     1    19
 -3.2892308954797347E-02 a       920     0    46     1    20
  6.8031466101695665E-02 a       921     0    47     1     1
 -5.6296158175173840E-02 a       922     0    47     1     2
  8.3262259599317989E-02 a       923     0    47     1     3
 -1.8323633053126683E-02 a       924     0    47     1     4
 -4.9776267688390170E-02 a       925     0    47     1     5
  1.2446820325342352E-01 a       926     0    47     1     6
 -4.6369517595004225E-02 a       927     0    47     1     7
  6.7560937665482644E-03 a       928     0    47     1     8
  2.9262050662759376E-02 a       929     0    47     1     9
 -1.7966342460351503E-02 a       930     0    47     1    10
 -3.6872570448154826E-02 a       931     0    47     1    11
  1.4649566053858870E-01 a       932     0    47     1    12
  1.2601353784678893E-01 a       933     0    47     1    13
 -1.8060294907081004E-01 a       934     0    47     1    14
 -8.9812507114958764E-02 a       935     0    47     1    15
 -1.9570017356355007E-01 a       936     0    47     1    16
  1.0048020642480160E-01 a       937     0    47     1    17
 -5.8042095839821194E-02 a       938     0    47     1    18
 -2.2110401637658894E-01 a       939     0    47     1    19
 -4.4419694517899747E-02 a       940     0    47     1    20
 -2.7485861834679737E-01 a       941     0    48     1     1
 -1.8181781557267507E-01 a       942     0    48     1     2
 -1.2907351961026289E-01 a       943     0    48     1     3
 -9.0204553106390889E-02 a       944     0    48     1     4
 -1.3504531781724824E-02 a       945     0    48     1     5
 -5.1866943695465262E-01 a       946     0    48     1     6
 -3.0307848656187228E-02 a       947     0    48     1     7
 -1.4348560209371783E-01 a       948     0    48     1     8
  9.7859199391764781E-02 a       949     0    48     1     9
 -7.5242307999943761E-03 a       950     0    48     1    10
  7.5654778959505598E-01 a       951     0    48     1    11
  4.1868729776603769E-01 a       952     0    48     1    12
  5.2897678643695420E-02 a       953     0    48     1    13
  1.2847505699356118E-01 a       954     0    48     1    14
  1.6348850347154961E-01 a       955     0    48     1    15
 -5.6609455098016230E-02 a       956     0    48     1    16
  2.2589929259397648E-01 a       957     0    48     1    17
 -1.0887724911238179E-01 a       958     0    48     1    18
 -1.7863416066969014E-02 a       959     0    48     1    19
 -1.6009874039291694E-01 a       960     0    48     1    20
 -1.5833258689935334E-02 a       961     0    49     1     1
 -2.4342826646227350E-01 a       962     0    49     1     2
 -2.8972301160863773E-01 a       963     0    49     1     3
 -4.5448470503151511E-02 a       964     0    49     1     4
  4.1786428680061349E-01 a       965     0    49     1     5
  9.2507482495722951E-02 a       966     0    49     1     6
 -2.3854319511063588E-01 a       967     0    49     1     7
  2.9046703265201649E-02 a       968     0    49     1     8
 -1.8693227678801105E-01 a       969     0    49     1     9
  1.5513055389494157E-01 a       970     0    49     1    10
  1.0758579051387152E-01 a       971     0    49     1    11
  1.2485168948905132E-01 a       972     0    49     1    12
  2.8080382149906119E-01 a       973     0    49     1    13
  2.3024343993366078E-01 a       974     0    49     1    14
  2.0430501036511078E-01 a       975     0    49     1    15
  2.3310626525506695E-01 a       976     0    49     1    16
 -5.4903834601736878E-01 a       977     0    49     1    17
 -1.2661340203103141E-01 a       978     0    49     1    18
  7.1394187593476599E-02 a       979     0    49     1    19
  4.8011590731028134E-02 a       980     0    49     1    20
 -9.0143006931899000E-02 a       981     0    50     1     1
 -3.7845000644248734E-02 a       982     0    50     1     2
  3.4308520776524111E-02 a       983     0    50     1     3
  3.4582969912886265E-02 a       984     0    50     1     4
  2.3069630437328670E-02 a       985     0    50     1     5
 -3.7145324274363366E-02 a       986     0    50     1     6
 -9.0785700717218615E-02 a       987     0    50     1     7
  1.8861655165775239E-02 a       988     0    50     1     8
  1.9164401606144039E-02 a       989     0    50     1     9
 -1.0512734705210242E-01 a       990     0    50     1    10
  4.6794742893469826E-02 a       991     0    50     1    11
 -5.9721362049163750E-03 a       992     0    50     1    12
 -7.3191577721936227E-02 a       993     0    50     1    13
  1.2128283251524349E-01 a       994     0    50     1    14
 -4.4103579747923748E-02 a       995     0    50     1    15
  1.5154035459427506E-01 a       996     0    50     1    16
  6.5452258173356731E-03 a       997     0    50     1    17
 -7.1610377523678020E-02 a       998     0    50     1    18
 -1.1366185959938713E-02 a       999     0    50     1    19
 -4.3670082552977212E-02 a      1000     0    50     1    20
  1.2345885448541161E-01 a      1001     0    51     1     1
  6.4096956664498411E-02 a      1002     0    51     1     2
  9.2115380542523051E-01 a      1003     0    51     1     3
  8.0148327161162186E-02 a      1004     0    51     1     4
 -6.6095700102313737E-01 a      1005     0    51     1     5
  2.9453915921638274E-01 a      1006     0    51     1     6
 -2.2368298874961015E-01 a      1007     0    51     1     7
 -3.5483497047632195E-01 a      1008     0    51     1     8
  1.4734573506719464E-01 a      1009     0    51     1     9
 -7.0242367391187943E-01 a      1010     0    51     1    10
 -2.4841598307696031E-01 a      1011     0    51     1    11
  7.8401277057466645E-01 a      1012     0    51     1    12
 -1.6464618837756029E-01 a      1013     0    51     1    13
  4.1898336462077390E-01 a      1014     0    51     1    14
 -3.4818368037786540E-01 a      1015     0    51     1    15
 -1.9636689765366278E+00 a      1016     0    51     1    16
 -1.7505157813744981E-01 a      1017     0    51     1    17
 -3.0227979052630050E-01 a      1018     0    51     1    18
 -1.2297347148755069E+00 a      1019     0    51     1    19
  8.4069908513385624E-02 a      1020     0    51     1    20
 -3.8406273201030176E-02 a      1021     0    52     1     1
 -1.0910578500781014E-01 a      1022     0    52     1     2
 -6.9774923877818321E-02 a      1023     0    52     1     3
 -6.8216158693339843E-02 a      1024     0    52     1     4
 -3.6553545742817234E-01 a      1025     0    52     1     5
 -3.1761210868465548E-02 a      1026     0    52     1     6
 -2.2882249911199690E-01 a      1027     0    52     1     7
  2.4505421896100010E-01 a      1028     0    52     1     8
 -2.9585292351892484E-01 a      1029     0    52     1     9
  4.1385748517567919E-02 a      1030     0    52     1    10
  9.4817223141514848E-02 a      1031     0    52     1    11
  1.8783199311198570E-01 a      1032     0    52     1    12
  9.3219796769307597E-02 a      1033     0    52     1    13
 -2.2975599299805952E-01 a      1034     0    52     1    14
  2.0780302183623081E-01 a      1035     0    52     1    15
  3.5120739727970759E-04 a      1036     0    52     1    16
 -1.9180677673039140E-01 a      1037     0    52     1    17
 -9.8770915154442977E-03 a      1038     0    52     1    18
 -7.7491003790665230E-02 a      1039     0    52     1    19
 -6.3397703879627051E-02 a      1040     0    52     1    20
  4.8735123155557745E-02 a      1041     0    53     1     1
 -6.3675654043136201E-02 a      1042     0    53     1     2
  1.1979242210633734E-02 a      1043     0    53     1     3
 -5.4973567229713999E-02 a      1044     0    53     1     4
  3.6241759708708909E-02 a      1045     0    53     1     5
  4.0456304819199977E-02 a      1046     0    53     1     6
  2.5316175891624125E-02 a      1047     0    53     1     7
 -3.4006957539847872E-02 a      1048     0    53     1     8
  2.6392808615956574E-02 a      1049     0    53     1     9
  4.1976913453417801E-02 a      1050     0    53     1    10
  1.6846911745496701E-01 a      1051     0    53     1    11
  1.8181252293759220E-01 a      1052     0    53     1    12
  4.6830764806170003E-02 a      1053     0    53     1    13
 -1.1762699155251186E-01 a      1054     0    53     1    14
 -5.6905755404420083E-02 a      1055     0    53     1    15
  7.2719784768397175E-02 a      1056     0    53     1    16
 -6.7344498876414249E-02 a      1057     0    53     1    17
 -1.2310183010148067E-01 a      1058     0    53     1    18
  2.7609385590694743E-02 a      1059     0    53     1    19
  1.5369700220100622E-02 a      1060     0    53     1    20
  1.0537782303560475E-01 a      1061     0    54     1     1
 -4.9901129877358778E-02 a      1062     0    54     1     2
 -1.3424934355201851E-01 a      1063     0    54     1     3
 -3.2631715795683872E-02 a      1064     0    54     1     4
  3.2328246759548174E-01 a      1065     0    54     1     5
 -1.2895317809218049E-01 a      1066     0    54     1     6
  1.7287001179643504E-03 a      1067     0    54     1     7
  1.6099000660486248E-01 a      1068     0    54     1     8
 -2.1649192698895317E-01 a      1069     0    54     1     9
  3.1881431597451265E-01 a      1070     0    54     1    10
 -2.6352312795368604E-02 a      1071     0    54     1    11
 -1.3064114946008074E-01 a      1072     0    54     1    12
 -2.5370401815518480E-02 a      1073     0    54     1    13
 -2.0430249566287167E-01 a      1074     0    54     1    14
 -3.8180282285105720E-02 a      1075     0    54     1    15
  4.8674723128015829E-01 a      1076     0    54     1    16
 -3.6484665973124369E-01 a      1077     0    54     1    17
  1.0710297888097674E-01 a      1078     0    54     1    18
  3.9235024170709465E-01 a      1079     0    54     1    19
 -1.0271262830777844E-01 a      1080     0    54     1    20
 -7.4200132042737385E-02 b      1081     1     1
  3.9414102903259821E-02 b      1082     1     2
 -6.1698872499155955E-01 b      1083     1     3
  1.6035193407184554E+00 b      1084     1     4
 -1.3118733211877474E+00 b      1085     1     5
 -1.0431537964664197E+00 b      1086     1     6
 -7.0385879665071382E-01 b      1087     1     7
 -2.7469148329191695E-01 b      1088     1     8
 -6.2611045433711932E-01 b      1089     1     9
  3.4959084367924081E-01 b      1090     1    10
 -1.4288253225154530E+00 b      1091     1    11
 -9.1040568247275844E-01 b      1092     1    12
  1.2712751042123169E+00 b      1093     1    13
  1.0899442803210935E-01 b      1094     1    14
  8.4636895718567851E-01 b      1095     1    15
  1.3021078989563197E+00 b      1096     1    16
 -1.0460982321405137E+00 b      1097     1    17
 -1.3686070768106593E+00 b      1098     1    18
 -1.5194106866803853E-01 b      1099     1    19
  1.9281945460202055E-01 b      1100     1    20
 -5.2309687502765667E-01 a      1101     1     1     2     1
 -2.0459732064273692E-01 a      1102     1     1     2     2
 -1.2788269919281817E-01 a      1103     1     1     2     3
  2.6436738482548666E-01 a      1104     1     1     2     4
  4.8080522439117679E-01 a      1105     1     1     2     5
 -4.9874213778723565E-02 a      1106     1     1     2     6
 -1.6207688133280468E-01 a      1107     1     1     2     7
  1.6121358322834056E-01 a      1108     1     1     2     8
  5.0388530820463595E-01 a      1109     1     1     2     9
 -5.1216508791545257E-01 a      1110     1     1     2    10
 -3.7526103830651703E-01 a      1111     1     1     2    11
  1.8458670042899197E-03 a      1112     1     1     2    12
 -6.5600013101191623E-01 a      1113     1     1     2    13
  2.1111010349442591E-01 a      1114     1     1     2    14
 -2.2601870750849470E-01 a      1115     1     1     2    15
 -3.9011252707795008E-01 a      1116     1     1     2    16
  9.0674190813933075E-02 a      1117     1     1     2    17
  5.3941077421172778E-01 a      1118     1     1     2    18
 -8.0239778482495505E-01 a      1119     1     1     2    19
  2.4134718896138577E-01 a      1120     1     1     2    20
 -4.8077435067987101E-01 a      1121     1     2     2     1
  4.8772154326546341E-01 a      1122     1     2     2     2
  2.8570631908326033E-01 a      1123     1     2     2     3
 -2.4274988254905197E-01 a      1124     1     2     2     4
 -6.0977008747388950E-01 a      1125     1     2     2     5
 -2.7706163068842832E-01 a      1126     1     2     2     6
  3.3584904882942368E-01 a      1127     1     2     2     7
  3.3902168566195884E-01 a      1128     1     2     2     8
 -1.3078837656363332E-01 a      1129     1     2     2     9
 -4.8453081696867395E-01 a      1130     1     2     2    10
 -6.7323467281427699E-02 a      1131     1     2     2    11
  1.6182238171378829E-01 a      1132     1     2     2    12
  6.0742164103545948E-01 a      1133     1     2     2    13
  1.9577816711620261E-01 a      1134     1     2     2    14
 -3.2291945742184636E-01 a      1135     1     2     2    15
 -1.9758082697240362E-01 a      1136     1     2     2    16
 -2.0296047364690606E-01 a      1137     1     2     2    17
 -5.3035732282673764E-01 a      1138     1     2     2    18
 -7.2220309395354554E-01 a      1139     1     2     2    19
 -4.7798712247395170E-01 a      1140     1     2     2    20
  6.4557543714201027E-02 a      1141     1     3     2     1
  6.4611962933002087E-01 a      1142     1     3     2     2
  2.9703447648145270E-01 a      1143     1     3     2     3
  2.9262451474775818E-02 a      1144     1     3     2     4
 -2.3489223425472749E-01 a      1145     1     3     2     5
  4.5219187527388949E-01 a      1146     1     3     2     6
  5.5976129159978172E-01 a      1147     1     3     2     7
 -1.0313973632277526E-01 a      1148     1     3     2     8
  4.9811428718604261E-01 a      1149     1     3     2     9
 -6.0021675331511248E-01 a      1150     1     3     2    10
  1.7333423094081335E-01 a      1151     1     3     2    11
 -6.0255960649266499E-02 a      1152     1     3     2    12
  1.1805990534569932E-01 a      1153     1     3     2    13
 -4.7076631976991890E-01 a      1154     1     3     2    14
  7.1009038497319488E-02 a      1155     1     3     2    15
  4.4267090164524131E-01 a      1156     1     3     2    16
 -4.9467602559445523E-01 a      1157     1     3     2    17
  1.6945343747180749E-01 a      1158     1     3     2    18
  3.2507953242009680E-01 a      1159     1     3     2    19
  2.4895279020659339E-01 a      1160     1     3     2    20
 -7.5133196988745110E-01 a      1161     1     4     2     1
 -1.0588881053927242E+00 a      1162     1     4     2     2
  1.1099941938614456E-01 a      1163     1     4     2     3
  3.3629415941287394E-01 a      1164     1     4     2     4
 -3.8077931655047076E-01 a      1165     1     4     2     5
 -2.5364246743060109E-01 a      1166     1     4     2     6
 -5.2148381763315699E-01 a      1167     1     4     2     7
 -1.3886302807372919E-01 a      1168     1     4     2     8
 -7.8351088883435033E-02 a      1169     1     4     2     9
  5.8523256325714512E-01 a      1170     1     4     2    10
 -5.9984148492133205E-01 a      1171     1     4     2    11
 -1.1517327491005953E+00 a      1172     1     4     2    12
  4.1007453853368664E-01 a      1173     1     4     2    13
  4.7967706723765718E-01 a      1174     1     4     2    14
  1.2791663872800627E-01 a      1175     1     4     2    15
 -2.9346693174360037E-02 a      1176     1     4     2    16
 -2.3710116517274255E-01 a      1177     1     4     2    17
  7.6082771427561968E-01 a      1178     1     4     2    18
  4.3301666844530645E-01 a      1179     1     4     2    19
  1.3525899348062026E-01 a      1180     1     4     2    20
  3.0106994664445957E-01 a      1181     1     5     2     1
 -1.8965176337134765E-02 a      1182     1     5     2     2
 -3.6973832739661422E-01 a      1183     1     5     2     3
  2.1265334940287289E-01 a      1184     1     5     2     4
 -8.2098289764294874E-01 a      1185     1     5     2     5
 -1.9624521527151251E-01 a      1186     1     5     2     6
 -1.1595040507571592E+00 a      1187     1     5     2     7
 -3.3360308357680224E-02 a      1188     1     5     2     8
 -6.0190974854598511E-01 a      1189     1     5     2     9
 -4.0204315976437327E-01 a      1190     1     5     2    10
 -7.8996022683941236E-01 a      1191     1     5     2    11
 -4.7066448159156604E-01 a      1192     1     5     2    12
  8.0097868878499767E-01 a      1193     1     5     2    13
  2.7887366306589362E-01 a      1194     1     5     2    14
  3.1284058558868644E-01 a      1195     1     5     2    15
 -9.1378687741608666E-01 a      1196     1     5     2    16
  1.8019636309453266E-01 a      1197     1     5     2    17
 -2.6120607505286891E-01 a      1198     1     5     2    18
 -5.1651859131577793E-01 a      1199     1     5     2    19
 -6.3058634787265744E-01 a      1200     1     5     2    20
 -7.6371809535930446E-01 a      1201     1     6     2     1
 -3.3928379238425521E-01 a      1202     1     6     2     2
 -1.4165728403467875E-01 a      1203     1     6     2     3
  1.9139502094680622E-01 a      1204     1     6     2     4
 -3.0702425779005349E-01 a      1205     1     6     2     5
 -3.7758451048137148E-01 a      1206     1     6     2     6
 -2.8748071262498631E-01 a      1207     1     6     2     7
 -1.2302006581291623E-01 a      1208     1     6     2     8
 -1.6007721735578900E-01 a      1209     1     6     2     9
  1.9905869436049717E-01 a      1210     1     6     2    10
 -6.2468097407984834E-02 a      1211     1     6     2    11
  8.1072727498176025E-02 a      1212     1     6     2    12
 -1.1946721554971172E-01 a      1213     1     6     2    13
  5.2045699760814201E-01 a      1214     1     6     2    14
  3.4501574226690856E-01 a      1215     1     6     2    15
 -1.0022427176468357E-01 a      1216     1     6     2    16
  6.2165586132989303E-01 a      1217     1     6     2    17
 -3.6725889237120318E-01 a      1218     1     6     2    18
 -5.3559373556314316E-01 a      1219     1     6     2    19
 -1.2765182398270841E-01 a      1220     1     6     2    20
 -2.7872773558625202E-01 a      1221     1     7     2     1
 -4.1241198685068703E-01 a      1222     1     7     2     2
  1.2248022454522371E+00 a      1223     1     7     2     3
  3.1413696699466453E-01 a      1224     1     7     2     4
 -9.9832480648558125E-02 a      1225     1     7     2     5
  1.8479619846436515E-01 a      1226     1     7     2     6
 -6.2506702977962303E-01 a      1227     1     7     2     7
  5.0739811541104596E-01 a      1228     1     7     2     8
  5.1050648144709709E-01 a      1229     1     7     2     9
  1.0770879694649096E-01 a      1230     1     7     2    10
  6.9119513617175443E-02 a      1231     1     7     2    11
 -4.2944149959791476E-02 a      1232     1     7     2    12
  1.0763708022481392E-02 a      1233     1     7     2    13
 -7.2524653438059444E-02 a      1234     1     7     2    14
  5.5126461931006121E-01 a      1235     1     7     2    15
  1.1788702626662849E-01 a      1236     1     7     2    16
  2.0884125458007988E-01 a      1237     1     7     2    17
 -2.9562493022672132E-01 a      1238     1     7     2    18
 -2.0779742080032246E-01 a      1239     1     7     2    19
  7.0153095070611671E-01 a      1240     1     7     2    20
 -1.0390712033589082E-01 a      1241     1     8     2     1
  1.9005873680541460E-01 a      1242     1     8     2     2
  6.1696017013511051E-01 a      1243     1     8     2     3
  3.8527910181517788E-01 a      1244     1     8     2     4
 -2.1573470591947613E-01 a      1245     1     8     2     5
 -6.2377430906369746E-01 a      1246     1     8     2     6
 -2.8080896436509273E-01 a      1247     1     8     2     7
  5.5536186751219996E-01 a      1248     1     8     2     8
 -9.8768614337791577E-02 a      1249     1     8     2     9
 -3.8723049204295001E-01 a      1250     1     8     2    10
 -1.7266604496896636E-02 a      1251     1     8     2    11
  6.4146437405756274E-01 a      1252     1     8     2    12
 -5.5683908544049443E-01 a      1253     1     8     2    13
 -1.5646540732222844E-01 a      1254     1     8     2    14
  3.6693706254594483E-01 a      1255     1     8     2    15
 -3.7525614237922922E-01 a      1256     1     8     2    16
 -1.1500874172508538E-01 a      1257     1     8     2    17
 -3.8305459935402031E-01 a      1258     1     8     2    18
  3.3699319241130254E-01 a      1259     1     8     2    19
 -1.3965190532082680E-01 a      1260     1     8     2    20
 -5.2108137101199414E-01 a      1261     1     9     2     1
  2.9116091577192821E-01 a      1262     1     9     2     2
 -6.1685587650286700E-01 a      1263     1     9     2     3
  1.1488698310623841E-02 a      1264     1     9     2     4
 -4.5400519369874676E-01 a      1265     1     9     2     5
  9.4741236571379658E-02 a      1266     1     9     2     6
 -5.7367496903765214E-01 a      1267     1     9     2     7
  3.7406596488553523E-01 a      1268     1     9     2     8
  1.7810162049745767E-01 a      1269     1     9     2     9
  4.5284526330392183E-01 a      1270     1     9     2    10
  9.5826866399011024E-01 a      1271     1     9     2    11
  3.0716760068933641E-01 a      1272     1     9     2    12
  3.6290665496015334E-01 a      1273     1     9     2    13
  3.2416612390716604E-01 a      1274     1     9     2    14
 -5.8597745334083884E-01 a      1275     1     9     2    15
  1.3264312957688182E-01 a      1276     1     9     2    16
  8.8013453498740679E-01 a      1277     1     9     2    17
  4.5013631632959106E-01 a      1278     1     9     2    18
  6.5305031966100535E-01 a      1279     1     9     2    19
 -5.0434064887599184E-01 a      1280     1     9     2    20
  7.1252954230964927E-01 a      1281     1    10     2     1
  7.8218896534987467E-03 a      1282     1    10     2     2
 -8.7134938419007690E-01 a      1283     1    10     2     3
 -5.2809978080736364E-01 a      1284     1    10     2     4
  1.9805906507173127E-01 a      1285     1    10     2     5
 -5.0195552343365846E-01 a      1286     1    10     2     6
 -2.4841818502303503E-01 a      1287     1    10     2     7
 -9.5932198507520960E-01 a      1288     1    10     2     8
  1.6793670255711129E-01 a      1289     1    10     2     9
 -2.5969379587044317E-01 a      1290     1    10     2    10
 -5.0143839065291086E-03 a      1291     1    10     2    11
  4.3395219355936465E-01 a      1292     1    10     2    12
 -6.7317586665010842E-01 a      1293     1    10     2    13
 -4.3465460744211859E-01 a      1294     1    10     2    14
  5.5913599035337103E-02 a      1295     1    10     2    15
 -2.7953509734500182E-01 a      1296     1    10     2    16
 -5.7000563960755324E-01 a      1297     1    10     2    17
  2.9304566361085638E-01 a      1298     1    10     2    18
 -8.8162116218673869E-02 a      1299     1    10     2    19
 -5.0516371368098598E-02 a      1300     1    10     2    20
  4.5866434644704485E-01 a      1301     1    11     2     1
 -2.9151360688344063E-01 a      1302     1    11     2     2
  9.6399751976943004E-02 a      1303     1    11     2     3
  1.3039782378267609E-01 a      1304     1    11     2     4
 -2.1777193101721318E-01 a      1305     1    11     2     5
 -2.5639267873282029E-01 a      1306     1    11     2     6
  4.6814354593995783E-01 a      1307     1    11     2     7
  8.9655542204166369E-02 a      1308     1    11     2     8
 -2.1090646964274759E-01 a      1309     1    11     2     9
  1.8277512618036126E-01 a      1310     1    11     2    10
  2.0162675678973208E-01 a      1311     1    11     2    11
 -3.3088889535494975E-01 a      1312     1    11     2    12
  5.0464494072807464E-01 a      1313     1    11     2    13
  2.0791331411424030E-01 a      1314     1    11     2    14
  2.0361560914247276E-01 a      1315     1    11     2    15
 -1.4317903309373670E-01 a      1316     1    11     2    16
  1.0535501705280778E-01 a      1317     1    11     2    17
 -4.0145463865390169E-01 a      1318     1    11     2    18
 -5.5267015111232665E-01 a      1319     1    11     2    19
 -3.7615054245161272E-01 a      1320     1    11     2    20
  9.5873138853882267E-02 a      1321     1    12     2     1
  3.0073775984268059E-01 a      1322     1    12     2     2
  3.6459311634412434E-01 a      1323     1    12     2     3
  2.7055131623851425E-02 a      1324     1    12     2     4
 -9.3551135584950318E-01 a      1325     1    12     2     5
  4.1084855475188520E-01 a      1326     1    12     2     6
  2.4746061199944280E-01 a      1327     1    12     2     7
 -1.5767073232618598E-01 a      1328     1    12     2     8
  9.3463563483790479E-02 a      1329     1    12     2     9
 -2.8555831386192937E-01 a      1330     1    12     2    10
 -4.1337924165228657E-01 a      1331     1    12     2    11
  9.8696628417474480E-02 a      1332     1    12     2    12
 -3.9362475584990309E-01 a      1333     1    12     2    13
 -3.9289822002526065E-01 a      1334     1    12     2    14
 -1.2737558613411112E-01 a      1335     1    12     2    15
  5.7733881286963003E-02 a      1336     1    12     2    16
  1.6817114180578527E-01 a      1337     1    12     2    17
 -1.9691169252959630E-03 a      1338     1    12     2    18
  5.9558772328575471E-01 a      1339     1    12     2    19
  6.2804106748329702E-01 a      1340     1    12     2    20
  5.3656668480917735E-01 a      1341     1    13     2     1
  4.4289628436393211E-02 a      1342     1    13     2     2
 -6.4742794059979347E-01 a      1343     1    13     2     3
  1.4091273683289887E-01 a      1344     1    13     2     4
  3.6452022320769484E-01 a      1345     1    13     2     5
  2.4180111774772783E-01 a      1346     1    13     2     6
  1.8004017783632836E-01 a      1347     1    13     2     7
 -8.0366879410228931E-01 a      1348     1    13     2     8
 -6.3022005338167753E-01 a      1349     1    13     2     9
  4.1080620481134361E-01 a      1350     1    13     2    10
 -4.3373311701690642E-01 a      1351     1    13     2    11
  1.5532540977300000E+00 a      1352     1    13     2    12
  3.7379331723383241E-01 a      1353     1    13     2    13
  2.7771823263183842E-01 a      1354     1    13     2    14
 -5.6276046219286169E-01 a      1355     1    13     2    15
 -2.8880611249698451E-01 a      1356     1    13     2    16
  3.2494371463137384E-02 a      1357     1    13     2    17
  1.1846347138323266E-02 a      1358     1    13     2    18
  6.1772059433055426E-01 a      1359     1    13     2    19
  7.9231397981456919E-01 a      1360     1    13     2    20
  4.7501066631004302E-01 a      1361     1    14     2     1
  2.5510213894898920E-01 a      1362     1    14     2     2
  1.5493498027588651E-01 a      1363     1    14     2     3
  2.2066971700478441E-01 a      1364     1    14     2     4
 -4.9064084939458957E-01 a      1365     1    14     2     5
 -5.1620182696171724E-01 a      1366     1    14     2     6
 -5.4552287977407153E-02 a      1367     1    14     2     7
 -5.5676142227125991E-01 a      1368     1    14     2     8
  3.0183583091800720E-01 a      1369     1    14     2     9
 -4.1888171860748713E-01 a      1370     1    14     2    10
 -1.6809285305225494E-01 a      1371     1    14     2    11
  7.9641490149591088E-01 a      1372     1    14     2    12
 -6.2164379117376400E-01 a      1373     1    14     2    13
 -6.8287063762043562E-02 a      1374     1    14     2    14
  1.2064607397227028E-01 a      1375     1    14     2    15
 -4.1617200240632540E-01 a      1376     1    14     2    16
  5.4240289169011524E-01 a      1377     1    14     2    17
  3.1340049759988903E-01 a      1378     1    14     2    18
 -4.9824294779303940E-01 a      1379     1    14     2    19
 -5.8229592910028966E-02 a      1380     1    14     2    20
  5.3919794734926463E-01 a      1381     1    15     2     1
 -1.0846585244539841E+00 a      1382     1    15     2     2
 -1.3105964566787148E-01 a      1383     1    15     2     3
  3.8715476637056323E-01 a      1384     1    15     2     4
 -1.1058142005900478E+00 a      1385     1    15     2     5
  3.0090946176944772E-01 a      1386     1    15     2     6
 -1.0674799215970510E+00 a      1387     1    15     2     7
  7.9699000645433860E-01 a      1388     1    15     2     8
  8.5317272266740218E-01 a      1389     1    15     2     9
  6.1101485831612445E-01 a      1390     1    15     2    10
 -6.7397580476982555E-01 a      1391     1    15     2    11
 -9.0515369176352611E-01 a      1392     1    15     2    12
 -5.3312024718889506E-01 a      1393     1    15     2    13
  4.5901454164438887E-01 a      1394     1    15     2    14
  2.0122546156160870E-01 a      1395     1    15     2    15
  1.9478531076084889E-02 a      1396     1    15     2    16
  5.9658333930884455E-01 a      1397     1    15     2    17
  4.7913728680693085E-01 a      1398     1    15     2    18
 -7.3840708507842312E-01 a      1399     1    15     2    19
 -1.7261174842498190E-02 a      1400     1    15     2    20
 -2.6945867993637246E-01 a      1401     1    16     2     1
 -4.8715548665533359E-01 a      1402     1    16     2     2
 -1.0143927811856863E+00 a      1403     1    16     2     3
 -6.8996887678974994E-01 a      1404     1    16     2     4
  4.2153837882332595E-01 a      1405     1    16     2     5
 -8.3032678885278910E-01 a      1406     1    16     2     6
  5.8037044584886552E-02 a      1407     1    16     2     7
  4.7387096989430555E-02 a      1408     1    16     2     8
 -3.1108130298433884E-01 a      1409     1    16     2     9
  4.6783410676672826E-01 a      1410     1    16     2    10
  1.7092143968088852E-01 a      1411     1    16     2    11
  2.9539602229611290E+00 a      1412     1    16     2    12
  2.4495658550048310E-01 a      1413     1    16     2    13
  3.0748689985182040E-03 a      1414     1    16     2    14
 -1.3414677945892114E-01 a      1415     1    16     2    15
 -3.5111558755432715E-01 a      1416     1    16     2    16
  1.7883879224862767E-01 a      1417     1    16     2    17
  4.0066889529838390E-01 a      1418     1    16     2    18
 -1.7794119858349641E-01 a      1419     1    16     2    19
 -1.2148293573583557E-01 a      1420     1    16     2    20
 -1.6814176164164055E-01 a      1421     1    17     2     1
 -5.8402834946166549E-01 a      1422     1    17     2     2
 -1.3497726942749871E-01 a      1423     1    17     2     3
  3.8023451516500767E-01 a      1424     1    17     2     4
 -1.4605601375489137E-02 a      1425     1    17     2     5
 -1.7209932544373294E-01 a      1426     1    17     2     6
 -2.4303421087271218E-01 a      1427     1    17     2     7
 -4.1245541429573290E-01 a      1428     1    17     2     8
 -1.5384162630959963E-01 a      1429     1    17     2     9
  4.4809160528445890E-01 a      1430     1    17     2    10
 -1.1293288537804201E-01 a      1431     1    17     2    11
 -7.4578299180434449E-01 a      1432     1    17     2    12
  2.7766839692193951E-01 a      1433     1    17     2    13
  4.8488986955036797E-02 a      1434     1    17     2    14
  3.2479344376342489E-01 a      1435     1    17     2    15
 -9.4773887430848205E-02 a      1436     1    17     2    16
  5.8864794610037896E-01 a      1437     1    17     2    17
  1.3466411095624731E-01 a      1438     1    17     2    18
  8.8043820517449778E-01 a      1439     1    17     2    19
  2.8001871350307125E-02 a      1440     1    17     2    20
 -2.2994171036226463E-01 a      1441     1    18     2     1
  2.0483289899199436E-01 a      1442     1    18     2     2
 -3.4498501537391613E-01 a      1443     1    18     2     3
  1.9735393873569704E-01 a      1444     1    18     2     4
  1.7528374742564662E-01 a      1445     1    18     2     5
  9.4598056238731743E-02 a      1446     1    18     2     6
 -5.2570485991789262E-01 a      1447     1    18     2     7
 -3.0151761297159940E-01 a      1448     1    18     2     8
 -1.0154537257107565E+00 a      1449     1    18     2     9
 -3.4234666406255304E-01 a      1450     1    18     2    10
 -1.8111744621570885E-01 a      1451     1    18     2    11
  1.4699378842257571E+00 a      1452     1    18     2    12
 -5.1177452049394390E-01 a      1453     1    18     2    13
 -5.2894005460934590E-01 a      1454     1    18     2    14
  5.2121902927877328E-01 a      1455     1    18     2    15
 -4.1611410913019437E-01 a      1456     1    18     2    16
  3.6212789213746314E-02 a      1457     1    18     2    17
  3.4326078539715194E-01 a      1458     1    18     2    18
  1.9781600949267439E-02 a      1459     1    18     2    19
  8.4392333518002649E-01 a      1460     1    18     2    20
 -1.7993729210136311E-01 a      1461     1    19     2     1
 -1.8375599163942413E-01 a      1462     1    19     2     2
 -6.5334459393201927E-01 a      1463     1    19     2     3
  2.2362574384353490E-01 a      1464     1    19     2     4
  6.1062898858615233E-01 a      1465     1    19     2     5
  5.0558629911286979E-01 a      1466     1    19     2     6
 -8.4750795672914425E-01 a      1467     1    19     2     7
  3.2989351077855072E-01 a      1468     1    19     2     8
  5.2316069309748048E-01 a      1469     1    19     2     9
  6.3162946074408644E-01 a      1470     1    19     2    10
 -3.0304615931327705E-01 a      1471     1    19     2    11
 -6.2131451683330541E-01 a      1472     1    19     2    12
 -1.2985863500432582E-01 a      1473     1    19     2    13
  6.6384529299826323E-01 a      1474     1    19     2    14
 -3.5441365291445998E-01 a      1475     1    19     2    15
  3.8286337469111087E-01 a      1476     1    19     2    16
  4.2687460106985203E-01 a      1477     1    19     2    17
 -2.5099566272615958E-02 a      1478     1    19     2    18
  1.9561040478597108E-01 a      1479     1    19     2    19
  2.7806260702334634E-01 a      1480     1    19     2    20
 -2.4611639186335196E-01 a      1481     1    20     2     1
  3.2955229450055701E-01 a      1482     1    20     2     2
 -2.4076852152835282E-01 a      1483     1    20     2     3
  1.9837387021668450E-02 a      1484     1    20     2     4
  5.4353859698458540E-01 a      1485     1    20     2     5
  2.8883313140005384E-01 a      1486     1    20     2     6
 -8.5511780958076844E-01 a      1487     1    20     2     7
 -6.1980131336846878E-01 a      1488     1    20     2     8
  2.2753415488411677E-01 a      1489     1    20     2     9
  4.7771464275730868E-02 a      1490     1    20     2    10
 -4.8237650159180140E-01 a      1491     1    20     2    11
  1.3160281038839169E-01 a      1492     1    20     2    12
 -3.0495063542433704E-01 a      1493     1    20     2    13
 -4.5710369038453474E-01 a      1494     1    20     2    14
 -6.4773962184060585E-01 a      1495     1    20     2    15
  4.6817207507389262E-02 a      1496     1    20     2    16
 -1.2237873648397743E-02 a      1497     1    20     2    17
  9.5055447940209495E-02 a      1498     1    20     2    18
  1.4969636846787768E-01 a      1499     1    20     2    19
  3.2781692310303950E-01 a      1500     1    20     2    20
  1.4910066657658714E+00 b      1501     2     1
  7.3965237682277252E-01 b      1502     2     2
 -6.0370240372564388E-01 b      1503     2     3
  6.4154518480669209E-01 b      1504     2     4
  7.1236153994451668E-01 b      1505     2     5
  1.0795845069821297E+00 b      1506     2     6
  1.6050002501966651E+00 b      1507     2     7
  1.0807121134375723E+00 b      1508     2     8
  9.7245874636574869E-01 b      1509     2     9
 -1.3720935314538960E+00 b      1510     2    10
 -7.8916650237341224E-01 b      1511     2    11
  5.6019506468705037E-02 b      1512     2    12
  1.1739499961731075E+00 b      1513     2    13
 -3.1522881368252109E-01 b      1514     2    14
 -1.4249037758860927E+00 b      1515     2    15
 -1.5501975561951359E-01 b      1516     2    16
 -4.2840061629971754E-01 b      1517     2    17
 -4.3758251659180525E-01 b      1518     2    18
  1.6868517219455843E+00 b      1519     2    19
  1.1368353949373347E+00 b      1520     2    20
 -7.2055476415171349E-01 a      1521     2     1     3     1
  6.8477448714519129E-01 a      1522     2     2     3     1
  8.0433055581694157E-01 a      1523     2     3     3     1
 -6.9437476747463267E-01 a      1524     2     4     3     1
  7.2970784880076112E-01 a      1525     2     5     3     1
  6.1107827922203484E-01 a      1526     2     6     3     1
 -1.2098167089026133E+00 a      1527     2     7     3     1
  1.5177519396527578E-01 a      1528     2     8     3     1
 -1.5897834321350428E+00 a      1529     2     9     3     1
  3.5211952577462791E-01 a      1530     2    10     3     1
  2.3684243498684163E-01 a      1531     2    11     3     1
 -8.3433608310998530E-01 a      1532     2    12     3     1
 -2.1338127125547349E-01 a      1533     2    13     3     1
 -4.3952820207889667E-02 a      1534     2    14     3     1
 -1.0226405881458031E-01 a      1535     2    15     3     1
 -7.5296372312956816E-01 a      1536     2    16     3     1
  1.3298467110202783E+00 a      1537     2    17     3     1
 -1.3763673198374520E+00 a      1538     2    18     3     1
 -1.9359707812201149E-01 a      1539     2    19     3     1
 -1.1603440686384072E+00 a      1540     2    20     3     1
  2.1157867900108325E-02 b      1541     3     1
