################################################################################
# Neural network connection values (weights and biases).
################################################################################
# Col  Name       Description
################################################################################
# 1    connection Neural network connection value.
# 2    t          Connection type (a = weight, b = bias).
# 3    index      Index enumerating weights.
# 4    l_s        Starting point layer (end point layer for biases).
# 5    n_s        Starting point neuron in starting layer (end point neuron for biases).
# 6    l_e        End point layer.
# 7    n_e        End point neuron in end layer.
################################################################################
#                      1 2         3     4     5     6     7
#             connection t     index   l_s   n_s   l_e   n_e
############################################################
  2.8911512340256112E-01 a         1     0     1     1     1
  2.1126039127429438E-02 a         2     0     1     1     2
  4.6059447225162198E-01 a         3     0     1     1     3
  4.6778491050661641E-01 a         4     0     1     1     4
  2.3003459473380317E-01 a         5     0     1     1     5
  2.4392636458156167E-01 a         6     0     1     1     6
 -3.4933888480460645E-01 a         7     0     1     1     7
  2.3587406289226581E-01 a         8     0     1     1     8
  2.7026816084661659E-01 a         9     0     1     1     9
  8.1580341182765093E-01 a        10     0     1     1    10
  1.7352565895743002E-01 a        11     0     1     1    11
  1.8670345108604683E-01 a        12     0     1     1    12
  2.2601312142555541E-01 a        13     0     1     1    13
 -1.5209923207731432E-01 a        14     0     1     1    14
  4.5133492264200920E-01 a        15     0     1     1    15
  2.6477937881500641E-01 a        16     0     1     1    16
 -1.0686880523027627E-01 a        17     0     1     1    17
 -9.0808773035031853E-01 a        18     0     1     1    18
  1.8429709747188863E-01 a        19     0     1     1    19
 -2.9716064533474473E-01 a        20     0     1     1    20
 -1.5939468116116049E-02 a        21     0     2     1     1
  2.3705294688258613E-01 a        22     0     2     1     2
 -9.8496307759833368E-02 a        23     0     2     1     3
  8.0696026801873974E-02 a        24     0     2     1     4
  4.3010783051562362E-02 a        25     0     2     1     5
 -9.3403569968317460E-02 a        26     0     2     1     6
 -1.5762468803429763E-01 a        27     0     2     1     7
  1.4268698399321900E-01 a        28     0     2     1     8
 -5.3293473674338621E-02 a        29     0     2     1     9
 -1.2180938235638954E-01 a        30     0     2     1    10
 -4.4979739918772632E-03 a        31     0     2     1    11
 -1.0480254158450326E-01 a        32     0     2     1    12
  1.4104243560850001E-02 a        33     0     2     1    13
 -4.5524840994903309E-02 a        34     0     2     1    14
  1.8442989550405009E-01 a        35     0     2     1    15
  6.6303439382070326E-02 a        36     0     2     1    16
 -1.0363047427410046E-01 a        37     0     2     1    17
 -1.8743570363219006E-01 a        38     0     2     1    18
  1.9253182894607213E-01 a        39     0     2     1    19
  3.1331879668631735E-01 a        40     0     2     1    20
 -1.8400244317172904E-01 a        41     0     3     1     1
  9.3118496394078806E-02 a        42     0     3     1     2
 -5.6240857692122989E-02 a        43     0     3     1     3
  8.4534719635460345E-02 a        44     0     3     1     4
 -1.1630453832648965E-01 a        45     0     3     1     5
  2.4361829195736879E-03 a        46     0     3     1     6
 -6.1331275285805606E-02 a        47     0     3     1     7
  9.5113227100725020E-02 a        48     0     3     1     8
 -1.1303660693778486E-01 a        49     0     3     1     9
  1.1898991358315116E-01 a        50     0     3     1    10
 -4.9410337043193565E-02 a        51     0     3     1    11
 -2.4523049662727547E-01 a        52     0     3     1    12
 -5.6980564273837492E-02 a        53     0     3     1    13
 -1.0216463622410338E-01 a        54     0     3     1    14
  3.1337051568521616E-02 a        55     0     3     1    15
 -8.8844517165968140E-02 a        56     0     3     1    16
 -6.8271075406838621E-03 a        57     0     3     1    17
  1.6412734924256442E-01 a        58     0     3     1    18
 -8.3483733916358049E-02 a        59     0     3     1    19
  1.2481588460741082E-02 a        60     0     3     1    20
  2.4091112289898561E-01 a        61     0     4     1     1
  4.2089205199544455E-01 a        62     0     4     1     2
 -3.0239805221344407E-01 a        63     0     4     1     3
  6.4540744651983029E-01 a        64     0     4     1     4
 -4.3054933964806258E-01 a        65     0     4     1     5
 -6.0044111393676569E-01 a        66     0     4     1     6
  8.5882281415035865E-04 a        67     0     4     1     7
 -2.2932638157278931E-01 a        68     0     4     1     8
  3.6468515771586579E-01 a        69     0     4     1     9
  4.1834805217398252E-01 a        70     0     4     1    10
  3.1722801226758746E-01 a        71     0     4     1    11
 -3.2840676121819734E-02 a        72     0     4     1    12
  8.3516618346180127E-02 a        73     0     4     1    13
 -2.6133033835345770E-01 a        74     0     4     1    14
 -7.0251852859954167E-01 a        75     0     4     1    15
 -4.3881190102727891E-01 a        76     0     4     1    16
  4.3009286364329358E-01 a        77     0     4     1    17
  1.4580110259003554E+00 a        78     0     4     1    18
 -6.6087592712551868E-01 a        79     0     4     1    19
 -1.8988603718733094E-01 a        80     0     4     1    20
  1.4252992062859501E-01 a        81     0     5     1     1
 -2.1475791980752090E-01 a        82     0     5     1     2
 -5.8299359818580122E-02 a        83     0     5     1     3
 -2.9095013391412881E-02 a        84     0     5     1     4
 -1.0423014910500332E-01 a        85     0     5     1     5
  2.0250532635087465E-01 a        86     0     5     1     6
  4.5481811084824453E-03 a        87     0     5     1     7
 -1.8239982401367394E-01 a        88     0     5     1     8
  2.6532034170063784E-01 a        89     0     5     1     9
  2.8819220670348776E-02 a        90     0     5     1    10
 -1.5064019159883385E-01 a        91     0     5     1    11
 -2.4968004080303446E-02 a        92     0     5     1    12
  2.2518781667745449E-01 a        93     0     5     1    13
  2.7930011388663323E-01 a        94     0     5     1    14
 -2.8541529445649172E-01 a        95     0     5     1    15
 -2.1600230478876201E-01 a        96     0     5     1    16
  1.2047925118715484E-01 a        97     0     5     1    17
 -3.4496713578898497E-02 a        98     0     5     1    18
 -7.1667712788905880E-02 a        99     0     5     1    19
 -2.4585445609724796E-01 a       100     0     5     1    20
  3.6809724481155653E-01 a       101     0     6     1     1
 -6.6953288742265082E-02 a       102     0     6     1     2
  7.5634327849390018E-02 a       103     0     6     1     3
 -7.5786553980832796E-02 a       104     0     6     1     4
  9.8799765846030868E-02 a       105     0     6     1     5
  1.0777396225550266E-01 a       106     0     6     1     6
  1.0526235483069313E-01 a       107     0     6     1     7
 -1.5193395935584522E-01 a       108     0     6     1     8
  3.3361705991135743E-01 a       109     0     6     1     9
 -2.5349884748836315E-02 a       110     0     6     1    10
  1.1309906831394896E-01 a       111     0     6     1    11
  4.9199136052636655E-01 a       112     0     6     1    12
 -5.8681623289006848E-02 a       113     0     6     1    13
  1.4986153693751020E-01 a       114     0     6     1    14
 -1.1254211912328295E-01 a       115     0     6     1    15
 -6.9650796216486913E-02 a       116     0     6     1    16
 -2.2035570395020376E-03 a       117     0     6     1    17
  2.5232610600383020E-02 a       118     0     6     1    18
  1.0549220284515691E-01 a       119     0     6     1    19
 -3.7819684885876954E-02 a       120     0     6     1    20
  3.2043023456985170E-01 a       121     0     7     1     1
 -4.4377813120442017E-01 a       122     0     7     1     2
 -2.2659098691033358E-01 a       123     0     7     1     3
 -1.1841630716929535E-01 a       124     0     7     1     4
  3.7012088656026537E-01 a       125     0     7     1     5
  5.0233497005051619E-01 a       126     0     7     1     6
 -1.4939481928220386E-01 a       127     0     7     1     7
 -1.4414073678581685E-01 a       128     0     7     1     8
  2.1475919931746057E-01 a       129     0     7     1     9
 -1.2703742293969528E-01 a       130     0     7     1    10
 -2.8933610268963922E-01 a       131     0     7     1    11
 -9.0291376565136000E-02 a       132     0     7     1    12
 -3.9908117704830165E-01 a       133     0     7     1    13
  2.5549280009881986E-01 a       134     0     7     1    14
  5.7228594910063391E-01 a       135     0     7     1    15
  4.5437561195021881E-01 a       136     0     7     1    16
  3.7607146921564616E-01 a       137     0     7     1    17
 -9.9370615240378202E-01 a       138     0     7     1    18
  8.2069441706603641E-01 a       139     0     7     1    19
  2.7729954188197775E-01 a       140     0     7     1    20
 -1.8396134980265111E-01 a       141     0     8     1     1
  1.8469716322501586E-01 a       142     0     8     1     2
  1.3290847608948339E-01 a       143     0     8     1     3
 -1.4915277859082801E-01 a       144     0     8     1     4
 -1.8399649043946073E-01 a       145     0     8     1     5
 -2.3120512047516181E-01 a       146     0     8     1     6
  1.7605819606737869E-01 a       147     0     8     1     7
 -1.8648153377060488E-02 a       148     0     8     1     8
 -2.4131875814983661E-01 a       149     0     8     1     9
  1.5820802909635490E-02 a       150     0     8     1    10
  1.4975012858544953E-01 a       151     0     8     1    11
 -1.1322270236365423E-01 a       152     0     8     1    12
  1.7533646144075873E-02 a       153     0     8     1    13
 -1.5464750173328218E-01 a       154     0     8     1    14
  1.4921881701922451E-01 a       155     0     8     1    15
  2.9515424260866713E-01 a       156     0     8     1    16
 -7.3559773455472988E-02 a       157     0     8     1    17
  9.2640496583874812E-02 a       158     0     8     1    18
 -1.3570696162204676E-01 a       159     0     8     1    19
  6.3537869118260662E-02 a       160     0     8     1    20
  1.8252731364547550E-01 a       161     0     9     1     1
  1.3691467831636617E-01 a       162     0     9     1     2
  2.3143684249809268E-01 a       163     0     9     1     3
 -2.7676321687252059E-01 a       164     0     9     1     4
 -1.3918735293438186E-01 a       165     0     9     1     5
  4.3988786305641819E-02 a       166     0     9     1     6
  2.0674516193480613E-01 a       167     0     9     1     7
 -1.7265153819902590E-01 a       168     0     9     1     8
 -4.3307047660061165E-01 a       169     0     9     1     9
 -1.3997937248202391E-01 a       170     0     9     1    10
 -1.0526280716121095E-01 a       171     0     9     1    11
  3.8015661183849109E-01 a       172     0     9     1    12
 -1.0101360740154572E-01 a       173     0     9     1    13
 -9.5325778173615035E-03 a       174     0     9     1    14
  7.6225797667159964E-02 a       175     0     9     1    15
 -3.3547901254325642E-02 a       176     0     9     1    16
 -1.2013600614223068E-01 a       177     0     9     1    17
 -1.2893564984407557E-01 a       178     0     9     1    18
 -1.8647031370053785E-01 a       179     0     9     1    19
  1.9181694926108109E-01 a       180     0     9     1    20
 -7.9099527741714665E-02 a       181     0    10     1     1
  1.8264748650432985E-01 a       182     0    10     1     2
  4.4982126561797647E-02 a       183     0    10     1     3
  6.8934955388371078E-01 a       184     0    10     1     4
 -5.2818125257323885E-02 a       185     0    10     1     5
 -8.9471011451771898E-01 a       186     0    10     1     6
 -3.6929049722559004E-02 a       187     0    10     1     7
  1.8081868759863742E-01 a       188     0    10     1     8
  9.5609576726976619E-02 a       189     0    10     1     9
  1.2347209240911156E-01 a       190     0    10     1    10
  4.2499943826640579E-01 a       191     0    10     1    11
  1.8322606012988002E-01 a       192     0    10     1    12
  5.9901576351493213E-01 a       193     0    10     1    13
 -6.2642902465837169E-01 a       194     0    10     1    14
 -6.1513228445908996E-01 a       195     0    10     1    15
 -1.4708135747763254E-01 a       196     0    10     1    16
  6.6339712862320516E-02 a       197     0    10     1    17
  6.3808385164538828E-01 a       198     0    10     1    18
 -9.1291370656115789E-01 a       199     0    10     1    19
  1.5232979094480670E-01 a       200     0    10     1    20
 -1.5924415131895778E-01 a       201     0    11     1     1
 -2.7741710590639219E-03 a       202     0    11     1     2
 -9.0708677868188675E-02 a       203     0    11     1     3
  3.6901357774143539E-01 a       204     0    11     1     4
  5.2038238438220495E-02 a       205     0    11     1     5
  1.1466985750642852E-01 a       206     0    11     1     6
 -2.3042339426981648E-01 a       207     0    11     1     7
 -8.0410171684864359E-03 a       208     0    11     1     8
 -6.7217662652905800E-03 a       209     0    11     1     9
  2.7220216639048977E-01 a       210     0    11     1    10
 -2.0092643173275687E-01 a       211     0    11     1    11
  1.9062619964729033E-01 a       212     0    11     1    12
 -1.8740559584836422E-01 a       213     0    11     1    13
 -8.3999358016097120E-02 a       214     0    11     1    14
 -6.6827305631795952E-02 a       215     0    11     1    15
 -1.7013474869761450E-01 a       216     0    11     1    16
 -1.4900014621599705E-01 a       217     0    11     1    17
  2.3764381637434908E-02 a       218     0    11     1    18
  2.8783083245394525E-01 a       219     0    11     1    19
 -2.8599157998675118E-01 a       220     0    11     1    20
  1.8030103654185620E-01 a       221     0    12     1     1
  9.3500253472265399E-02 a       222     0    12     1     2
  3.1961415687246902E-01 a       223     0    12     1     3
 -1.7181934988642253E-01 a       224     0    12     1     4
 -1.0374310774978601E-01 a       225     0    12     1     5
 -1.4265914805247473E-01 a       226     0    12     1     6
 -2.8108541883589644E-01 a       227     0    12     1     7
 -3.2038020242783538E-01 a       228     0    12     1     8
  1.2943296452224048E-01 a       229     0    12     1     9
  5.0973428258816185E-02 a       230     0    12     1    10
  9.2940178731392792E-02 a       231     0    12     1    11
 -1.1192379140071313E-02 a       232     0    12     1    12
  1.3248040463914550E-02 a       233     0    12     1    13
  4.8880650132445087E-02 a       234     0    12     1    14
 -3.6488957556510432E-01 a       235     0    12     1    15
 -2.5670388094318330E-01 a       236     0    12     1    16
 -2.4305514176710999E-01 a       237     0    12     1    17
  1.0761929538072118E-01 a       238     0    12     1    18
 -1.4577235024789603E-01 a       239     0    12     1    19
 -4.5304976844057036E-02 a       240     0    12     1    20
  1.6366137692939153E-01 a       241     0    13     1     1
 -4.0740184866012624E-01 a       242     0    13     1     2
 -2.6328243981081090E-01 a       243     0    13     1     3
 -3.3369686622796774E-01 a       244     0    13     1     4
  3.1391470810037064E-01 a       245     0    13     1     5
  4.2152131084896211E-01 a       246     0    13     1     6
  5.4028825304077543E-01 a       247     0    13     1     7
 -1.8628425108530458E-01 a       248     0    13     1     8
  1.9070214687088768E-01 a       249     0    13     1     9
 -5.2342953183545350E-02 a       250     0    13     1    10
 -3.6232984604875462E-01 a       251     0    13     1    11
 -1.7188893964533572E-01 a       252     0    13     1    12
 -3.1355838740608893E-01 a       253     0    13     1    13
  4.2114261341822984E-01 a       254     0    13     1    14
  5.3731321623681061E-01 a       255     0    13     1    15
  3.1625021974413392E-01 a       256     0    13     1    16
  3.0370317327363322E-01 a       257     0    13     1    17
 -1.4654195859426347E-01 a       258     0    13     1    18
  7.4960668054261670E-01 a       259     0    13     1    19
  9.0285847912711714E-02 a       260     0    13     1    20
  1.4349604175337127E-01 a       261     0    14     1     1
  3.9885870751297720E-01 a       262     0    14     1     2
  3.3302151328178858E-01 a       263     0    14     1     3
  1.0642313627558972E-01 a       264     0    14     1     4
 -1.8822391054676096E-01 a       265     0    14     1     5
  6.1290669684830178E-02 a       266     0    14     1     6
  3.3218728537956721E-01 a       267     0    14     1     7
 -3.0524024439242392E-01 a       268     0    14     1     8
 -6.6450821900171575E-03 a       269     0    14     1     9
 -2.4698118500328869E-01 a       270     0    14     1    10
  7.8969175110193898E-02 a       271     0    14     1    11
  1.2565033848908908E-01 a       272     0    14     1    12
  1.6193379606953209E-01 a       273     0    14     1    13
 -2.9996417341679525E-03 a       274     0    14     1    14
 -1.1005976495640013E-01 a       275     0    14     1    15
 -3.9596998314043029E-02 a       276     0    14     1    16
  7.9956116382558701E-02 a       277     0    14     1    17
  1.4640941274449529E-01 a       278     0    14     1    18
  1.3825858852815506E-01 a       279     0    14     1    19
  7.2728094798167872E-02 a       280     0    14     1    20
  5.3016936279940374E-01 a       281     0    15     1     1
  2.4232352740537003E-01 a       282     0    15     1     2
  2.4880875541448930E-01 a       283     0    15     1     3
 -1.3489281043858628E-01 a       284     0    15     1     4
 -2.6450776024322165E-01 a       285     0    15     1     5
  3.7772032819619250E-01 a       286     0    15     1     6
  4.1704781284416667E-02 a       287     0    15     1     7
 -1.8836227717960655E-01 a       288     0    15     1     8
 -9.3232757447059958E-02 a       289     0    15     1     9
  3.6514032257077134E-01 a       290     0    15     1    10
  3.0115454833242378E-01 a       291     0    15     1    11
 -1.1071503307112227E-01 a       292     0    15     1    12
  7.7067258103161007E-02 a       293     0    15     1    13
 -1.3596202510095354E-01 a       294     0    15     1    14
 -2.3838066471825473E-01 a       295     0    15     1    15
 -1.6393991802917013E-01 a       296     0    15     1    16
 -1.6770715447991316E-01 a       297     0    15     1    17
  1.7700549965837295E-03 a       298     0    15     1    18
 -6.6299821037097875E-02 a       299     0    15     1    19
 -3.2174515891587557E-01 a       300     0    15     1    20
 -4.5240118013891722E-01 a       301     0    16     1     1
  1.0368025103299382E-01 a       302     0    16     1     2
 -5.1966769774154542E-02 a       303     0    16     1     3
  2.3871907791010258E-01 a       304     0    16     1     4
  1.4700786112958181E-01 a       305     0    16     1     5
 -5.5157905428846810E-01 a       306     0    16     1     6
 -2.6253842584042764E-01 a       307     0    16     1     7
 -1.8149178471597077E-01 a       308     0    16     1     8
 -2.5695575969256984E-01 a       309     0    16     1     9
 -4.8147285000041416E-02 a       310     0    16     1    10
  3.1619579259122443E-01 a       311     0    16     1    11
  2.6118819665248266E-01 a       312     0    16     1    12
  3.2528200261300844E-01 a       313     0    16     1    13
 -4.1451620545148943E-01 a       314     0    16     1    14
 -3.3323727983822410E-01 a       315     0    16     1    15
 -9.8818917238131868E-02 a       316     0    16     1    16
  4.9660715740483662E-02 a       317     0    16     1    17
 -1.5408832858301051E-02 a       318     0    16     1    18
 -7.5684635288273894E-01 a       319     0    16     1    19
  6.6152511927721229E-03 a       320     0    16     1    20
 -1.0525923784365156E-01 a       321     0    17     1     1
  1.0004629306519848E-01 a       322     0    17     1     2
 -2.0533396302311807E-01 a       323     0    17     1     3
  4.6334107012422035E-02 a       324     0    17     1     4
 -3.7441370335173868E-01 a       325     0    17     1     5
  1.2135435668793074E-01 a       326     0    17     1     6
 -1.6256051834468432E-01 a       327     0    17     1     7
  6.8238139031010725E-02 a       328     0    17     1     8
 -1.6837455914927496E-01 a       329     0    17     1     9
  1.6850795257398785E-01 a       330     0    17     1    10
 -1.5941115187236524E-01 a       331     0    17     1    11
 -7.0466000287147626E-02 a       332     0    17     1    12
 -1.7624839948955051E-01 a       333     0    17     1    13
  2.9139370926139063E-02 a       334     0    17     1    14
  5.8471196494213638E-02 a       335     0    17     1    15
 -1.0290700125867905E-01 a       336     0    17     1    16
 -8.1505245537404403E-02 a       337     0    17     1    17
  1.4955912779787273E-01 a       338     0    17     1    18
  8.6071986050498844E-02 a       339     0    17     1    19
 -7.4678990799770320E-02 a       340     0    17     1    20
  1.3713246119921857E-01 a       341     0    18     1     1
  8.1451455808341150E-02 a       342     0    18     1     2
  7.0697605458768381E-02 a       343     0    18     1     3
  7.9063399577680354E-02 a       344     0    18     1     4
 -2.7158547925002271E-02 a       345     0    18     1     5
  5.6026248899706282E-02 a       346     0    18     1     6
 -2.4639498974327025E-02 a       347     0    18     1     7
  1.5058157713905149E-01 a       348     0    18     1     8
  6.0184303037394572E-03 a       349     0    18     1     9
 -1.7832526208908031E-01 a       350     0    18     1    10
 -9.7845916909150649E-02 a       351     0    18     1    11
  8.2528972682055265E-02 a       352     0    18     1    12
 -1.1133011493554515E-01 a       353     0    18     1    13
  1.2562610454880713E-01 a       354     0    18     1    14
 -1.8156502044694414E-01 a       355     0    18     1    15
 -8.7303679038053916E-02 a       356     0    18     1    16
 -1.7158457920978223E-01 a       357     0    18     1    17
  1.6390630880835586E-01 a       358     0    18     1    18
  2.3443931519310979E-01 a       359     0    18     1    19
  2.7004003268979591E-02 a       360     0    18     1    20
 -7.4962302257514477E-02 a       361     0    19     1     1
 -1.0288912139674057E-01 a       362     0    19     1     2
 -6.8011951430933276E-02 a       363     0    19     1     3
 -2.9235913474037881E-02 a       364     0    19     1     4
 -1.6491676747640169E-01 a       365     0    19     1     5
  4.2164227159420919E-01 a       366     0    19     1     6
  3.0551729219487200E-01 a       367     0    19     1     7
  8.2721918304183795E-02 a       368     0    19     1     8
 -1.7955350034669023E-02 a       369     0    19     1     9
 -2.6074165917764341E-01 a       370     0    19     1    10
 -2.0605734211218371E-01 a       371     0    19     1    11
 -1.4753807719030107E-01 a       372     0    19     1    12
 -4.2810112652507354E-01 a       373     0    19     1    13
  9.0142118962103779E-02 a       374     0    19     1    14
  4.0328541389504069E-01 a       375     0    19     1    15
  6.4287820003720488E-03 a       376     0    19     1    16
  1.6824415418763561E-01 a       377     0    19     1    17
  2.3393579339740128E-01 a       378     0    19     1    18
  5.1079997614281591E-01 a       379     0    19     1    19
  1.9720444746462226E-01 a       380     0    19     1    20
  1.1749150695198143E-01 a       381     0    20     1     1
 -1.2948992972509116E-01 a       382     0    20     1     2
  1.4771609785450607E-01 a       383     0    20     1     3
 -5.7681189078173604E-03 a       384     0    20     1     4
  3.2326102257000350E-01 a       385     0    20     1     5
 -7.5396650210986779E-02 a       386     0    20     1     6
  3.7548181802213067E-02 a       387     0    20     1     7
 -3.7223482323316343E-03 a       388     0    20     1     8
  2.1357345742571074E-01 a       389     0    20     1     9
 -7.5286009884961133E-02 a       390     0    20     1    10
  1.0088809996319106E-01 a       391     0    20     1    11
 -5.3580814866266917E-02 a       392     0    20     1    12
  8.6497960895555351E-02 a       393     0    20     1    13
 -1.2969825007753180E-01 a       394     0    20     1    14
 -5.0639670955150047E-02 a       395     0    20     1    15
  9.6486425464528430E-02 a       396     0    20     1    16
  3.4117537646812693E-03 a       397     0    20     1    17
  1.2508680180716195E-03 a       398     0    20     1    18
 -1.2282990509294420E-01 a       399     0    20     1    19
  1.7487445894661416E-01 a       400     0    20     1    20
  2.6846529256730595E-01 a       401     0    21     1     1
 -1.8104127360663670E-02 a       402     0    21     1     2
  1.9192100130512710E-01 a       403     0    21     1     3
 -4.4241768449170160E-02 a       404     0    21     1     4
 -8.3588430060902497E-02 a       405     0    21     1     5
  4.5707432340152808E-02 a       406     0    21     1     6
  1.9618771527148415E-02 a       407     0    21     1     7
 -8.6393456228046044E-03 a       408     0    21     1     8
  1.2761945433944569E-01 a       409     0    21     1     9
  3.3864787678358294E-01 a       410     0    21     1    10
  1.9972326838342949E-01 a       411     0    21     1    11
 -6.4826448179203772E-02 a       412     0    21     1    12
  1.5475626193147254E-01 a       413     0    21     1    13
 -1.2557677391249447E-01 a       414     0    21     1    14
 -1.6018001616131741E-01 a       415     0    21     1    15
  3.4780150134257851E-02 a       416     0    21     1    16
 -5.8559110352655687E-02 a       417     0    21     1    17
 -2.4035336733760534E-01 a       418     0    21     1    18
 -1.7817973511833546E-01 a       419     0    21     1    19
 -9.7996209784933022E-02 a       420     0    21     1    20
 -9.3598025639830412E-02 a       421     0    22     1     1
  2.7104346792921570E-02 a       422     0    22     1     2
 -1.0869248948496257E-01 a       423     0    22     1     3
 -1.2603889435755763E-01 a       424     0    22     1     4
  8.4132126576197300E-02 a       425     0    22     1     5
 -1.0987709474900911E-01 a       426     0    22     1     6
 -9.5743367921634043E-02 a       427     0    22     1     7
 -3.1910104704386055E-01 a       428     0    22     1     8
 -2.4007332111685412E-01 a       429     0    22     1     9
 -1.7847324374150511E-01 a       430     0    22     1    10
  2.3614698377871220E-02 a       431     0    22     1    11
 -2.1535185460671988E-01 a       432     0    22     1    12
 -6.9640240862085284E-02 a       433     0    22     1    13
 -1.8580581264799176E-01 a       434     0    22     1    14
 -6.6409601392299128E-03 a       435     0    22     1    15
 -1.0884886459845926E-01 a       436     0    22     1    16
  5.7374988029108294E-02 a       437     0    22     1    17
 -9.3117227354742177E-02 a       438     0    22     1    18
 -3.5806656470728399E-01 a       439     0    22     1    19
  7.0771819355188545E-02 a       440     0    22     1    20
 -4.7332940106583850E-02 a       441     0    23     1     1
  1.4935079202861311E-02 a       442     0    23     1     2
 -7.0451034073690827E-02 a       443     0    23     1     3
 -6.4204162525798650E-02 a       444     0    23     1     4
 -2.0883546725590582E-01 a       445     0    23     1     5
  1.1538875778724184E-01 a       446     0    23     1     6
  1.2174401959637492E-01 a       447     0    23     1     7
 -1.0653428830862399E-01 a       448     0    23     1     8
 -2.6835117532098174E-01 a       449     0    23     1     9
 -1.5737297645681818E-02 a       450     0    23     1    10
 -3.8965045495858448E-02 a       451     0    23     1    11
  1.0638711857981099E-01 a       452     0    23     1    12
 -5.1461773437613399E-02 a       453     0    23     1    13
  7.8059976186684296E-02 a       454     0    23     1    14
 -8.1405285954965940E-03 a       455     0    23     1    15
 -3.3623505792126945E-02 a       456     0    23     1    16
  3.7519353337885863E-02 a       457     0    23     1    17
 -9.6244708367702159E-02 a       458     0    23     1    18
  9.8884795271437453E-02 a       459     0    23     1    19
 -8.1281183517342315E-02 a       460     0    23     1    20
  1.2131085012803658E-01 a       461     0    24     1     1
  6.8097839213154779E-02 a       462     0    24     1     2
 -1.5673540404883780E-03 a       463     0    24     1     3
  1.5380009230633548E-01 a       464     0    24     1     4
  1.3454027527240953E-01 a       465     0    24     1     5
 -1.3288372591815256E-01 a       466     0    24     1     6
 -5.4986027409641494E-03 a       467     0    24     1     7
  2.3432564483260096E-01 a       468     0    24     1     8
  1.4668406147325871E-01 a       469     0    24     1     9
  1.0107211398776499E-01 a       470     0    24     1    10
 -1.0335072472730102E-01 a       471     0    24     1    11
  1.5770141437844787E-01 a       472     0    24     1    12
  1.8291466111906099E-01 a       473     0    24     1    13
  1.8397499569333306E-01 a       474     0    24     1    14
 -1.7902923865193004E-01 a       475     0    24     1    15
  3.8343515395235325E-02 a       476     0    24     1    16
 -1.8142167128247977E-01 a       477     0    24     1    17
  1.3006311425879455E-01 a       478     0    24     1    18
  1.9593574175992753E-01 a       479     0    24     1    19
 -2.6591618025665908E-02 a       480     0    24     1    20
  2.1913820645235609E-03 a       481     0    25     1     1
 -3.5538734242126932E-02 a       482     0    25     1     2
  4.3005850788841136E-02 a       483     0    25     1     3
  8.1522646680197569E-02 a       484     0    25     1     4
 -1.0352749908791442E-01 a       485     0    25     1     5
  1.5065055961500332E-03 a       486     0    25     1     6
 -2.9787403408590651E-02 a       487     0    25     1     7
  1.9527336454576488E-01 a       488     0    25     1     8
  1.0040326300130638E-01 a       489     0    25     1     9
  2.5997732803273273E-02 a       490     0    25     1    10
 -5.5557771813264760E-02 a       491     0    25     1    11
  1.8914021214649568E-01 a       492     0    25     1    12
 -8.7293621265345289E-02 a       493     0    25     1    13
  9.4313105100967548E-02 a       494     0    25     1    14
  1.2198133925658855E-01 a       495     0    25     1    15
  3.5254416650417890E-02 a       496     0    25     1    16
  3.1114796070084581E-02 a       497     0    25     1    17
 -9.1863711238315097E-03 a       498     0    25     1    18
  1.7466145397882885E-01 a       499     0    25     1    19
  5.5982562910465425E-02 a       500     0    25     1    20
  4.6051468601149888E-03 a       501     0    26     1     1
  1.1625132204297640E-01 a       502     0    26     1     2
  7.2686093779730510E-02 a       503     0    26     1     3
  9.4579842277900061E-02 a       504     0    26     1     4
  1.1458204279339484E-01 a       505     0    26     1     5
 -1.0144654055249608E-01 a       506     0    26     1     6
 -1.1202062982708275E-01 a       507     0    26     1     7
  6.9810886634239122E-02 a       508     0    26     1     8
  1.6881884751883777E-01 a       509     0    26     1     9
  8.1286768591299768E-02 a       510     0    26     1    10
 -2.3356181486233515E-02 a       511     0    26     1    11
  4.7823603523279974E-02 a       512     0    26     1    12
 -6.4905666618131266E-03 a       513     0    26     1    13
 -1.0223042566810498E-02 a       514     0    26     1    14
  4.0949996538821948E-02 a       515     0    26     1    15
 -5.4057190068465356E-02 a       516     0    26     1    16
 -3.2060189947279764E-02 a       517     0    26     1    17
  1.1867330083906355E-01 a       518     0    26     1    18
 -4.2726001138594281E-02 a       519     0    26     1    19
 -8.9999841172012027E-03 a       520     0    26     1    20
 -1.8421670903926348E-02 a       521     0    27     1     1
 -8.0155267407307232E-02 a       522     0    27     1     2
  3.7506185845220884E-02 a       523     0    27     1     3
 -7.9277055513275616E-02 a       524     0    27     1     4
 -9.4992802272955590E-02 a       525     0    27     1     5
  1.2960886824838827E-02 a       526     0    27     1     6
 -4.7267936510728336E-03 a       527     0    27     1     7
 -6.4448822921157667E-02 a       528     0    27     1     8
  2.6632212558194965E-02 a       529     0    27     1     9
  9.6284089694808228E-02 a       530     0    27     1    10
  1.4570279280672441E-01 a       531     0    27     1    11
 -6.3535725547800972E-02 a       532     0    27     1    12
  4.2870306425384898E-02 a       533     0    27     1    13
 -2.7303600719760662E-02 a       534     0    27     1    14
 -2.5649236348259656E-02 a       535     0    27     1    15
  4.5037076049234376E-02 a       536     0    27     1    16
  4.1450519688524867E-02 a       537     0    27     1    17
 -8.2792187060901148E-02 a       538     0    27     1    18
 -1.2765967841302589E-01 a       539     0    27     1    19
 -8.6206862254884178E-02 a       540     0    27     1    20
  1.6121847461036249E-02 a       541     0    28     1     1
  6.3159187753501808E-02 a       542     0    28     1     2
 -6.7503285135061653E-02 a       543     0    28     1     3
  2.7546046695844938E-02 a       544     0    28     1     4
 -2.2098208006024498E-02 a       545     0    28     1     5
  1.7013264102179712E-01 a       546     0    28     1     6
  4.2229287865247996E-02 a       547     0    28     1     7
  2.4839395140300757E-02 a       548     0    28     1     8
 -9.3702627591979518E-02 a       549     0    28     1     9
 -1.8528262778431467E-01 a       550     0    28     1    10
  1.0620594191694678E-01 a       551     0    28     1    11
 -2.1702437257081519E-01 a       552     0    28     1    12
 -6.8746838986190467E-02 a       553     0    28     1    13
 -1.4025012134148571E-01 a       554     0    28     1    14
 -1.3684248438769397E-02 a       555     0    28     1    15
 -9.5860310615853761E-02 a       556     0    28     1    16
  4.8949646220412556E-02 a       557     0    28     1    17
 -3.0430248205901980E-02 a       558     0    28     1    18
 -3.6814143832010614E-02 a       559     0    28     1    19
 -5.0778454186198342E-02 a       560     0    28     1    20
  1.3257640130664484E-02 a       561     0    29     1     1
 -7.1087259929839011E-02 a       562     0    29     1     2
 -4.7384764063335340E-02 a       563     0    29     1     3
 -2.6019880472627158E-02 a       564     0    29     1     4
 -7.5114369709605222E-02 a       565     0    29     1     5
  4.7262595136145932E-02 a       566     0    29     1     6
  1.6461397681572065E-02 a       567     0    29     1     7
  2.8727662307262182E-02 a       568     0    29     1     8
 -4.9260353184464430E-02 a       569     0    29     1     9
 -8.1495472716094447E-02 a       570     0    29     1    10
  6.4372541288219676E-02 a       571     0    29     1    11
 -1.0764026366047297E-01 a       572     0    29     1    12
 -3.3099576078287384E-03 a       573     0    29     1    13
 -3.4423034521356505E-02 a       574     0    29     1    14
 -2.7584397891952862E-02 a       575     0    29     1    15
  3.4474051223959398E-02 a       576     0    29     1    16
  1.8809881981190452E-02 a       577     0    29     1    17
 -5.5002820915494542E-02 a       578     0    29     1    18
  4.6701673354041573E-02 a       579     0    29     1    19
  4.6051236968777595E-03 a       580     0    29     1    20
 -1.7345640616814973E-02 a       581     0    30     1     1
  3.5354902069402748E-02 a       582     0    30     1     2
  2.9908257718701779E-02 a       583     0    30     1     3
  4.1222262042540599E-02 a       584     0    30     1     4
  1.0255947666360546E-01 a       585     0    30     1     5
 -6.1825163601244272E-02 a       586     0    30     1     6
 -1.9909061603982193E-02 a       587     0    30     1     7
  2.1285884104213105E-02 a       588     0    30     1     8
  3.3889173792894099E-02 a       589     0    30     1     9
  1.0465230060780903E-01 a       590     0    30     1    10
 -4.5237319654421328E-02 a       591     0    30     1    11
  8.2421073182480334E-02 a       592     0    30     1    12
  1.4609927073899645E-01 a       593     0    30     1    13
  6.4541404712649658E-02 a       594     0    30     1    14
 -7.8253113239778724E-02 a       595     0    30     1    15
  4.9961063488454832E-02 a       596     0    30     1    16
 -7.8679995424512192E-02 a       597     0    30     1    17
  5.4227123449045185E-02 a       598     0    30     1    18
  1.0379671146884192E-01 a       599     0    30     1    19
 -3.7303787754068736E-02 a       600     0    30     1    20
 -2.8056642089852551E-01 a       601     0    31     1     1
  8.4848777336893819E-02 a       602     0    31     1     2
  1.4254175248975673E-01 a       603     0    31     1     3
 -4.1001979183581283E-01 a       604     0    31     1     4
 -5.6994517828138490E-02 a       605     0    31     1     5
  1.5261678275071910E-01 a       606     0    31     1     6
  3.0921568758126083E-01 a       607     0    31     1     7
  9.2679483880646410E-03 a       608     0    31     1     8
 -6.9665929043408081E-01 a       609     0    31     1     9
 -1.5387670880554899E-01 a       610     0    31     1    10
  3.6016050214267414E-01 a       611     0    31     1    11
 -3.0146328373814607E-01 a       612     0    31     1    12
 -2.8430352644725404E-02 a       613     0    31     1    13
  1.8098655150521312E-01 a       614     0    31     1    14
  5.3465798722685853E-01 a       615     0    31     1    15
 -2.8271822682769071E-01 a       616     0    31     1    16
 -7.7867449002039102E-01 a       617     0    31     1    17
 -2.0230140853261952E-01 a       618     0    31     1    18
 -1.1978142192437305E-01 a       619     0    31     1    19
 -1.9860937040355836E-01 a       620     0    31     1    20
 -4.5172516706425511E-02 a       621     0    32     1     1
 -2.6749124506419708E-01 a       622     0    32     1     2
 -5.2633021200024020E-02 a       623     0    32     1     3
 -1.6672819843646214E-01 a       624     0    32     1     4
  9.8773264017516516E-02 a       625     0    32     1     5
  3.1810279738920789E-02 a       626     0    32     1     6
  1.3177174720858784E-02 a       627     0    32     1     7
  3.5027951894250314E-02 a       628     0    32     1     8
  1.4531387249667361E-02 a       629     0    32     1     9
 -1.8943866753601765E-02 a       630     0    32     1    10
  1.1339324169676750E-01 a       631     0    32     1    11
  1.4037458225567331E-01 a       632     0    32     1    12
 -1.1475979593462635E-01 a       633     0    32     1    13
 -2.3139659011786943E-02 a       634     0    32     1    14
 -1.0355388232597124E-02 a       635     0    32     1    15
  5.9653185043247514E-02 a       636     0    32     1    16
  5.7782190299124569E-02 a       637     0    32     1    17
  9.7659064661787726E-02 a       638     0    32     1    18
 -1.2530719119869682E-01 a       639     0    32     1    19
 -1.7397706241575200E-01 a       640     0    32     1    20
  9.6387408978024403E-01 a       641     0    33     1     1
  8.4041131447153070E-02 a       642     0    33     1     2
  2.8150111304909881E-02 a       643     0    33     1     3
 -2.1810631784675757E-01 a       644     0    33     1     4
  1.5525888792753038E-03 a       645     0    33     1     5
 -1.2431690384160687E-01 a       646     0    33     1     6
  5.4522943215449683E-02 a       647     0    33     1     7
 -1.0486401466177644E-02 a       648     0    33     1     8
 -1.5318264616808230E-01 a       649     0    33     1     9
 -6.5223572064399371E-01 a       650     0    33     1    10
 -4.6929015220009679E-01 a       651     0    33     1    11
  2.7153460035244291E-02 a       652     0    33     1    12
  3.2134513635423240E-01 a       653     0    33     1    13
  1.6012378748198969E-02 a       654     0    33     1    14
 -4.4903682108696924E-01 a       655     0    33     1    15
  1.7180746078204837E-01 a       656     0    33     1    16
  5.5912428923694768E-01 a       657     0    33     1    17
 -4.6689953303337745E-01 a       658     0    33     1    18
  7.4202912920902853E-01 a       659     0    33     1    19
  4.1095590209609117E-01 a       660     0    33     1    20
  9.7600990992326997E-02 a       661     0    34     1     1
 -1.4672278464496535E-01 a       662     0    34     1     2
  2.6875332982913758E-01 a       663     0    34     1     3
 -2.4720871509313058E-01 a       664     0    34     1     4
  9.4655321293663053E-02 a       665     0    34     1     5
  4.4303452558529452E-02 a       666     0    34     1     6
 -7.1375398896201717E-02 a       667     0    34     1     7
 -2.2405761545074129E-01 a       668     0    34     1     8
  1.7423414596151429E-01 a       669     0    34     1     9
 -2.9678688172254875E-01 a       670     0    34     1    10
  1.1154442169056870E-01 a       671     0    34     1    11
 -2.4127064142725495E-02 a       672     0    34     1    12
 -8.3849671431791742E-02 a       673     0    34     1    13
 -4.5402868724418344E-02 a       674     0    34     1    14
  1.8279773721140877E-01 a       675     0    34     1    15
  2.1310227390250849E-01 a       676     0    34     1    16
 -8.4410963513113502E-03 a       677     0    34     1    17
  1.0253462945813886E-01 a       678     0    34     1    18
  7.2718697301108123E-02 a       679     0    34     1    19
  1.5045975650504026E-01 a       680     0    34     1    20
 -1.3122756185501305E-01 a       681     0    35     1     1
 -1.6642196590323326E-02 a       682     0    35     1     2
  1.9407465131182353E-01 a       683     0    35     1     3
 -1.4491375016757962E-01 a       684     0    35     1     4
 -1.4039423221034511E-01 a       685     0    35     1     5
  2.8987583425163443E-01 a       686     0    35     1     6
 -1.3859730568839485E-02 a       687     0    35     1     7
 -9.9739396994550547E-02 a       688     0    35     1     8
 -3.4979326951676937E-02 a       689     0    35     1     9
  1.6719820030764374E-01 a       690     0    35     1    10
 -1.5168367010129229E-02 a       691     0    35     1    11
 -1.9904491066978328E-01 a       692     0    35     1    12
 -2.1070330358000497E-01 a       693     0    35     1    13
 -2.9675703412936399E-01 a       694     0    35     1    14
  6.0220094224799096E-03 a       695     0    35     1    15
 -5.3126764507565080E-02 a       696     0    35     1    16
  7.7206228241316913E-02 a       697     0    35     1    17
 -4.5162601436323502E-02 a       698     0    35     1    18
  1.6623468992314289E-01 a       699     0    35     1    19
 -1.6432993635355644E-01 a       700     0    35     1    20
 -5.3844390314318658E-01 a       701     0    36     1     1
 -2.9599013162467908E-01 a       702     0    36     1     2
 -2.6455686599695455E-01 a       703     0    36     1     3
  2.7868324266504257E-01 a       704     0    36     1     4
  1.6487555291227973E-01 a       705     0    36     1     5
  5.1460345756074277E-02 a       706     0    36     1     6
  9.2587543644559372E-02 a       707     0    36     1     7
  2.9616116219242222E-01 a       708     0    36     1     8
  2.0408147263547330E-01 a       709     0    36     1     9
  3.9238120791274322E-01 a       710     0    36     1    10
 -1.1199339683478549E-01 a       711     0    36     1    11
 -1.7017705135922781E-01 a       712     0    36     1    12
 -1.6241221580022569E-01 a       713     0    36     1    13
  1.0919522235231936E-01 a       714     0    36     1    14
 -3.5762363775987183E-02 a       715     0    36     1    15
  2.0775642343202583E-01 a       716     0    36     1    16
 -2.8615366733270475E-01 a       717     0    36     1    17
  1.9321841838630180E-01 a       718     0    36     1    18
 -4.6919784395558550E-01 a       719     0    36     1    19
 -1.7829939274708784E-01 a       720     0    36     1    20
 -3.7433728714769637E-01 a       721     0    37     1     1
 -3.3766437902999707E-01 a       722     0    37     1     2
 -2.5780711493457786E-02 a       723     0    37     1     3
 -5.5615378415490108E-02 a       724     0    37     1     4
  1.3855291807196723E-01 a       725     0    37     1     5
  4.0054002747843459E-02 a       726     0    37     1     6
 -2.9336119858487492E-01 a       727     0    37     1     7
 -3.8101183725936610E-01 a       728     0    37     1     8
  8.7009415371075288E-02 a       729     0    37     1     9
 -8.2983851617607504E-02 a       730     0    37     1    10
  2.9141357216873925E-01 a       731     0    37     1    11
  4.7735587433805286E-02 a       732     0    37     1    12
 -5.7993015836805306E-01 a       733     0    37     1    13
  1.9238296627529677E-01 a       734     0    37     1    14
 -5.7104076852523467E-01 a       735     0    37     1    15
 -2.1182798528326552E-01 a       736     0    37     1    16
  2.5343002986107910E-01 a       737     0    37     1    17
  3.3565068051709601E-01 a       738     0    37     1    18
  1.2873419220989704E-01 a       739     0    37     1    19
 -1.6475463216277569E-01 a       740     0    37     1    20
 -1.3244005984745291E-01 a       741     0    38     1     1
  1.1188955844220692E-01 a       742     0    38     1     2
 -4.0297424976467801E-02 a       743     0    38     1     3
  4.2374022091093241E-02 a       744     0    38     1     4
 -2.8611515282346574E-02 a       745     0    38     1     5
  1.7898966216468076E-01 a       746     0    38     1     6
 -1.2033583347242451E-01 a       747     0    38     1     7
  2.5887120969325428E-01 a       748     0    38     1     8
 -5.2950798119288267E-02 a       749     0    38     1     9
 -1.3932328267924579E-01 a       750     0    38     1    10
  3.1194726408446335E-02 a       751     0    38     1    11
  9.1267227445890869E-03 a       752     0    38     1    12
  7.0113550925510068E-02 a       753     0    38     1    13
 -8.7717594070253757E-02 a       754     0    38     1    14
  2.5720633112918693E-03 a       755     0    38     1    15
 -8.4253150794657422E-02 a       756     0    38     1    16
  2.0911179018730571E-02 a       757     0    38     1    17
 -1.0196143078126282E-01 a       758     0    38     1    18
  3.7637830593322485E-02 a       759     0    38     1    19
  1.1245487638749253E-01 a       760     0    38     1    20
 -2.6049356759785963E-01 a       761     0    39     1     1
  2.9982140083294789E-01 a       762     0    39     1     2
 -7.2681555977677792E-01 a       763     0    39     1     3
 -1.8529943144608604E-01 a       764     0    39     1     4
 -3.8676785201578395E-01 a       765     0    39     1     5
  3.0806249987568174E-01 a       766     0    39     1     6
  6.7522138741234944E-02 a       767     0    39     1     7
  6.2869071967010948E-01 a       768     0    39     1     8
 -5.0649254211537031E-01 a       769     0    39     1     9
  8.6417064370710495E-01 a       770     0    39     1    10
 -1.7537907270016143E-01 a       771     0    39     1    11
  7.0617078640939301E-02 a       772     0    39     1    12
 -1.6768367366318765E-01 a       773     0    39     1    13
 -3.6465448679734741E-01 a       774     0    39     1    14
  1.3100742070620359E+00 a       775     0    39     1    15
  4.5910844968418063E-01 a       776     0    39     1    16
 -1.5648278974373306E-01 a       777     0    39     1    17
 -1.6929902541922817E-01 a       778     0    39     1    18
 -1.3102758008352944E-02 a       779     0    39     1    19
 -2.0297591749146027E-01 a       780     0    39     1    20
 -2.4170581257148710E-01 a       781     0    40     1     1
 -1.7368377881005148E-01 a       782     0    40     1     2
 -1.2434062662356814E-01 a       783     0    40     1     3
 -2.1275480275668310E-01 a       784     0    40     1     4
  9.7683106452453303E-02 a       785     0    40     1     5
 -2.1004919542638089E-03 a       786     0    40     1     6
 -3.7733757286061716E-02 a       787     0    40     1     7
  3.0303717914251838E-01 a       788     0    40     1     8
 -1.2209596850447613E-01 a       789     0    40     1     9
 -2.3461042875720794E-01 a       790     0    40     1    10
  2.4378287415463398E-01 a       791     0    40     1    11
 -1.6182607154362111E-01 a       792     0    40     1    12
 -2.2645103370898478E-01 a       793     0    40     1    13
 -2.2483220622795275E-02 a       794     0    40     1    14
 -1.7396158041332860E-01 a       795     0    40     1    15
  1.9601329931714132E-01 a       796     0    40     1    16
  1.6421453759777033E-01 a       797     0    40     1    17
 -1.8561114476989815E-01 a       798     0    40     1    18
  9.3536682651127495E-02 a       799     0    40     1    19
 -4.3577790459724641E-01 a       800     0    40     1    20
  4.9750420386682641E-02 a       801     0    41     1     1
  3.5522226923134233E-02 a       802     0    41     1     2
 -1.3333377709791974E-01 a       803     0    41     1     3
  2.0005403565871160E-01 a       804     0    41     1     4
  2.5595297629271202E-01 a       805     0    41     1     5
 -2.6523232765158999E-01 a       806     0    41     1     6
 -1.5318637055055340E-02 a       807     0    41     1     7
  7.9168801756434010E-02 a       808     0    41     1     8
  6.2239025707607948E-02 a       809     0    41     1     9
  1.0344944952144118E-01 a       810     0    41     1    10
  1.0837303376308445E-01 a       811     0    41     1    11
  1.8681957404602043E-01 a       812     0    41     1    12
  2.2147947296080142E-01 a       813     0    41     1    13
  1.9408700486596470E-01 a       814     0    41     1    14
 -9.5752135340507832E-02 a       815     0    41     1    15
  6.3999418686854867E-02 a       816     0    41     1    16
 -7.2386682552697909E-02 a       817     0    41     1    17
 -1.5855233178317399E-02 a       818     0    41     1    18
 -1.4679554335834610E-01 a       819     0    41     1    19
  1.5581303114780279E-01 a       820     0    41     1    20
  5.1464613211054855E-01 a       821     0    42     1     1
  6.2694573982478241E-02 a       822     0    42     1     2
  5.4829845647553355E-01 a       823     0    42     1     3
 -1.6406611190528897E-01 a       824     0    42     1     4
 -2.0420389341201689E-01 a       825     0    42     1     5
 -2.7733230189742714E-01 a       826     0    42     1     6
 -7.5931288037023578E-02 a       827     0    42     1     7
 -6.5150142895703722E-01 a       828     0    42     1     8
 -3.4496329246780943E-01 a       829     0    42     1     9
 -4.6273664040973039E-01 a       830     0    42     1    10
  4.9191449613359811E-01 a       831     0    42     1    11
  1.1485651842438545E-01 a       832     0    42     1    12
  4.5654921243874313E-01 a       833     0    42     1    13
 -2.4228383098858644E-01 a       834     0    42     1    14
 -1.4118978682634592E-01 a       835     0    42     1    15
 -1.9366523512471248E-01 a       836     0    42     1    16
  2.3937468833528722E-01 a       837     0    42     1    17
 -5.5726902737556955E-02 a       838     0    42     1    18
  5.0441561727529327E-01 a       839     0    42     1    19
  2.5173282574951594E-01 a       840     0    42     1    20
 -1.7380001111164708E-01 a       841     0    43     1     1
 -1.3763900069885709E-01 a       842     0    43     1     2
  4.9592125560965555E-01 a       843     0    43     1     3
 -8.2479216267995592E-02 a       844     0    43     1     4
 -3.2771806097710071E-01 a       845     0    43     1     5
 -5.9343523573039736E-02 a       846     0    43     1     6
  2.2490009835187610E-01 a       847     0    43     1     7
 -3.0157422964086644E-01 a       848     0    43     1     8
  7.2565365640347670E-02 a       849     0    43     1     9
 -3.6763965359739581E-01 a       850     0    43     1    10
  2.5351712598039983E-01 a       851     0    43     1    11
 -8.9818499151528411E-02 a       852     0    43     1    12
  2.9293430444715512E-01 a       853     0    43     1    13
 -1.5722666236509011E-01 a       854     0    43     1    14
  1.4567419801349638E-01 a       855     0    43     1    15
  9.5702844739776388E-02 a       856     0    43     1    16
 -6.8331217219578036E-02 a       857     0    43     1    17
  8.7998666001182724E-01 a       858     0    43     1    18
 -1.1949040417498280E-01 a       859     0    43     1    19
  1.8053658226893271E-01 a       860     0    43     1    20
  9.7371410586931717E-02 a       861     0    44     1     1
  1.0274564504927808E-01 a       862     0    44     1     2
  9.1723500693214000E-02 a       863     0    44     1     3
 -5.1896885859142323E-02 a       864     0    44     1     4
 -9.8606897353458206E-02 a       865     0    44     1     5
 -4.6886462309644675E-02 a       866     0    44     1     6
  6.5984258124031974E-03 a       867     0    44     1     7
  8.0431172559600195E-03 a       868     0    44     1     8
  1.2526274376764545E-02 a       869     0    44     1     9
 -8.8475970689511643E-02 a       870     0    44     1    10
 -1.4227064628515126E-01 a       871     0    44     1    11
  7.3707341792048464E-02 a       872     0    44     1    12
 -5.4703743590466480E-02 a       873     0    44     1    13
  1.0928179905646283E-02 a       874     0    44     1    14
  1.0575356836832009E-01 a       875     0    44     1    15
 -8.6794720587281743E-02 a       876     0    44     1    16
 -2.1851593932431971E-02 a       877     0    44     1    17
  6.5811746769640911E-02 a       878     0    44     1    18
 -1.0522696381791356E-01 a       879     0    44     1    19
  1.5871998112340946E-01 a       880     0    44     1    20
 -4.1073498453946887E-02 a       881     0    45     1     1
 -2.2295797027990005E-01 a       882     0    45     1     2
 -6.9184764826484679E-01 a       883     0    45     1     3
  3.3126183117678665E-01 a       884     0    45     1     4
  1.7113996556610228E-01 a       885     0    45     1     5
  2.5232405348544491E-02 a       886     0    45     1     6
  1.9273886739500165E-01 a       887     0    45     1     7
  5.2116981139446672E-01 a       888     0    45     1     8
 -1.3923155574076013E-01 a       889     0    45     1     9
  1.6273041672094465E-01 a       890     0    45     1    10
 -2.7372772424887715E-01 a       891     0    45     1    11
 -1.1776793298882826E-01 a       892     0    45     1    12
 -2.7188081230243411E-01 a       893     0    45     1    13
  1.5189546888893490E-01 a       894     0    45     1    14
 -2.2637116833623008E-01 a       895     0    45     1    15
  2.0462725263330872E-01 a       896     0    45     1    16
 -9.4514227161489380E-03 a       897     0    45     1    17
 -2.1920700857703931E-01 a       898     0    45     1    18
 -2.1634975814439975E-02 a       899     0    45     1    19
 -1.6681640092899469E-01 a       900     0    45     1    20
  7.9491938208503712E-02 a       901     0    46     1     1
  1.1018512541889543E-01 a       902     0    46     1     2
  1.2303212561278823E-02 a       903     0    46     1     3
  1.5425539973056965E-01 a       904     0    46     1     4
 -1.5040907205465281E-01 a       905     0    46     1     5
  5.5977708293573909E-02 a       906     0    46     1     6
 -1.0345421979073288E-02 a       907     0    46     1     7
  3.2639808663258396E-01 a       908     0    46     1     8
 -6.9408860528719293E-03 a       909     0    46     1     9
  5.3256678263045601E-02 a       910     0    46     1    10
  1.1685690117310467E-01 a       911     0    46     1    11
  1.1771916202044844E-01 a       912     0    46     1    12
 -5.9780687941044894E-02 a       913     0    46     1    13
 -1.1405816921701831E-01 a       914     0    46     1    14
 -8.6915661953514564E-02 a       915     0    46     1    15
 -2.4429172745832350E-01 a       916     0    46     1    16
  5.4185940368647365E-02 a       917     0    46     1    17
 -5.8002763313622571E-02 a       918     0    46     1    18
 -8.5485707606184125E-02 a       919     0    46     1    19
 -5.5684179274820847E-02 a       920     0    46     1    20
  6.9332720230288400E-02 a       921     0    47     1     1
 -6.9142843052728151E-02 a       922     0    47     1     2
  2.3088780540189601E-02 a       923     0    47     1     3
  1.0627272682055550E-01 a       924     0    47     1     4
  1.0217062538724643E-01 a       925     0    47     1     5
 -7.9563531807117036E-03 a       926     0    47     1     6
  1.0947792726560980E-01 a       927     0    47     1     7
  4.8189682169043208E-02 a       928     0    47     1     8
 -8.7459091631061442E-02 a       929     0    47     1     9
 -2.5405709487058353E-01 a       930     0    47     1    10
  1.0004528515204877E-01 a       931     0    47     1    11
 -8.1583895846002466E-02 a       932     0    47     1    12
  5.0677376961259547E-02 a       933     0    47     1    13
 -1.2984779065910496E-01 a       934     0    47     1    14
 -7.6975142964637228E-02 a       935     0    47     1    15
  7.6709874327170247E-02 a       936     0    47     1    16
 -1.7873689566319222E-02 a       937     0    47     1    17
 -4.3126008667419030E-02 a       938     0    47     1    18
  4.2557521378497297E-02 a       939     0    47     1    19
  1.4588735894387084E-01 a       940     0    47     1    20
 -2.7133911849628364E-02 a       941     0    48     1     1
  1.9598496869194643E-01 a       942     0    48     1     2
  2.3333056791327395E-01 a       943     0    48     1     3
 -1.6288688530801652E-02 a       944     0    48     1     4
 -2.2331356737349987E-02 a       945     0    48     1     5
  7.0980148531807466E-02 a       946     0    48     1     6
 -4.6351788225808009E-02 a       947     0    48     1     7
 -1.4555677279930643E-01 a       948     0    48     1     8
 -3.9149766197197677E-02 a       949     0    48     1     9
 -1.5530856281506952E-01 a       950     0    48     1    10
  4.0668474700000533E-02 a       951     0    48     1    11
  8.0616897750130395E-02 a       952     0    48     1    12
  7.4009185978941891E-02 a       953     0    48     1    13
 -3.5308405853175469E-02 a       954     0    48     1    14
  1.1623197585740107E-01 a       955     0    48     1    15
 -1.8172165846079841E-01 a       956     0    48     1    16
  5.2427694129422157E-02 a       957     0    48     1    17
 -1.5431665356820082E-01 a       958     0    48     1    18
 -5.4387504992553348E-02 a       959     0    48     1    19
  1.0368581361011206E-01 a       960     0    48     1    20
  3.8906653641409339E-01 a       961     0    49     1     1
  4.4345505303110000E-01 a       962     0    49     1     2
  1.2703256814931066E-01 a       963     0    49     1     3
 -3.2204413335549764E-01 a       964     0    49     1     4
 -2.7136409141912732E-01 a       965     0    49     1     5
 -2.5508864106605988E-01 a       966     0    49     1     6
 -2.8109816736334459E-01 a       967     0    49     1     7
 -1.3955708050274235E-01 a       968     0    49     1     8
 -1.0017743263045095E-01 a       969     0    49     1     9
 -2.8324616823948856E-01 a       970     0    49     1    10
 -3.0713941569192543E-01 a       971     0    49     1    11
 -1.7977707475011187E-01 a       972     0    49     1    12
  3.5208184385040781E-01 a       973     0    49     1    13
  3.6194100767196324E-01 a       974     0    49     1    14
  3.8506039966757305E-01 a       975     0    49     1    15
  1.4734275866988335E-02 a       976     0    49     1    16
 -7.0120262092824029E-02 a       977     0    49     1    17
 -3.9210095734013584E-01 a       978     0    49     1    18
 -1.9970238833826032E-01 a       979     0    49     1    19
  4.4447237740238357E-02 a       980     0    49     1    20
 -5.1734437823658828E-03 a       981     0    50     1     1
  7.2417868531618579E-02 a       982     0    50     1     2
  1.1722952402164000E-01 a       983     0    50     1     3
  3.2421618925417173E-02 a       984     0    50     1     4
  5.5785244844464607E-02 a       985     0    50     1     5
 -6.4958375883542689E-03 a       986     0    50     1     6
 -6.9230535990334862E-03 a       987     0    50     1     7
  5.0245369427170264E-03 a       988     0    50     1     8
  1.1575707460509496E-01 a       989     0    50     1     9
  1.1093850046288901E-01 a       990     0    50     1    10
  3.7419249828260677E-02 a       991     0    50     1    11
  4.1691363375349212E-02 a       992     0    50     1    12
 -9.6310680666212026E-02 a       993     0    50     1    13
 -1.1468466194504546E-02 a       994     0    50     1    14
  4.4309515473799722E-02 a       995     0    50     1    15
 -5.9781863305773363E-02 a       996     0    50     1    16
 -1.1621707571382900E-02 a       997     0    50     1    17
 -1.0581234065676523E-01 a       998     0    50     1    18
 -2.9383482758833897E-02 a       999     0    50     1    19
 -1.7479076067627164E-01 a      1000     0    50     1    20
 -4.3847605622804148E-01 a      1001     0    51     1     1
 -3.1824911734556333E-01 a      1002     0    51     1     2
  3.7205765814745256E-01 a      1003     0    51     1     3
  7.3680441112855910E-01 a      1004     0    51     1     4
  1.2114055860201133E-01 a      1005     0    51     1     5
  1.5353195940584322E-02 a      1006     0    51     1     6
 -3.0769118082613900E-01 a      1007     0    51     1     7
  5.7015227126954227E-01 a      1008     0    51     1     8
  1.2031653886829445E+00 a      1009     0    51     1     9
  2.0230249525408248E-01 a      1010     0    51     1    10
 -3.4419264765318935E-01 a      1011     0    51     1    11
  3.7372014565216001E-02 a      1012     0    51     1    12
  1.0418261429522552E-01 a      1013     0    51     1    13
 -3.8118082929210269E-02 a      1014     0    51     1    14
  2.3803246331151837E-01 a      1015     0    51     1    15
 -1.8129863906762805E-01 a      1016     0    51     1    16
 -2.6710352018844186E-01 a      1017     0    51     1    17
  6.4603524763956943E-01 a      1018     0    51     1    18
 -7.8230556745903915E-02 a      1019     0    51     1    19
  3.0236524604719071E-02 a      1020     0    51     1    20
  2.1253350039047839E-01 a      1021     0    52     1     1
 -5.5801316029965478E-02 a      1022     0    52     1     2
 -1.6096847560750172E-01 a      1023     0    52     1     3
  1.9262109858871965E-01 a      1024     0    52     1     4
  4.4741405446825905E-01 a      1025     0    52     1     5
 -5.4775495488995019E-02 a      1026     0    52     1     6
  1.3952172398629323E-01 a      1027     0    52     1     7
  5.3680531797303838E-02 a      1028     0    52     1     8
 -3.8440020648333767E-02 a      1029     0    52     1     9
  2.8723499452142992E-01 a      1030     0    52     1    10
  3.1002029554383161E-02 a      1031     0    52     1    11
 -1.7030484249959940E-01 a      1032     0    52     1    12
  2.3027595155727448E-01 a      1033     0    52     1    13
 -1.3888875103763368E-01 a      1034     0    52     1    14
  1.6005839643438258E-01 a      1035     0    52     1    15
 -3.4404916345253533E-01 a      1036     0    52     1    16
  8.8163542895699915E-03 a      1037     0    52     1    17
 -1.8871146239816255E-01 a      1038     0    52     1    18
 -1.0667199466793192E-01 a      1039     0    52     1    19
  4.7265838974903482E-02 a      1040     0    52     1    20
 -2.8460149482045855E-02 a      1041     0    53     1     1
 -4.7915130174069197E-02 a      1042     0    53     1     2
 -2.2950321017989220E-02 a      1043     0    53     1     3
 -1.0434523657406627E-01 a      1044     0    53     1     4
 -1.5294363856595614E-01 a      1045     0    53     1     5
  2.3500239510984098E-02 a      1046     0    53     1     6
 -9.4535964797326316E-02 a      1047     0    53     1     7
 -6.2013277634577924E-02 a      1048     0    53     1     8
  7.7614685727831478E-02 a      1049     0    53     1     9
 -7.3459033156630715E-02 a      1050     0    53     1    10
 -1.1837667113885890E-01 a      1051     0    53     1    11
 -1.2649750209665561E-01 a      1052     0    53     1    12
 -7.1042173189159175E-02 a      1053     0    53     1    13
  2.7760951084072682E-02 a      1054     0    53     1    14
  7.5852322446856316E-02 a      1055     0    53     1    15
  4.2229824595274940E-02 a      1056     0    53     1    16
  3.0374927679797031E-02 a      1057     0    53     1    17
  2.6381450060438145E-02 a      1058     0    53     1    18
  5.1052217712282077E-02 a      1059     0    53     1    19
 -5.9140068890293898E-02 a      1060     0    53     1    20
 -3.1760128727852766E-01 a      1061     0    54     1     1
  1.7006518422126509E-02 a      1062     0    54     1     2
 -3.3494868448446552E-01 a      1063     0    54     1     3
  1.5577554649257079E-02 a      1064     0    54     1     4
  2.8523049393463706E-01 a      1065     0    54     1     5
  1.2928101685029236E-01 a      1066     0    54     1     6
  1.1882035183793528E-03 a      1067     0    54     1     7
  2.4782739491772507E-01 a      1068     0    54     1     8
  2.1860727289064544E-01 a      1069     0    54     1     9
  2.2030621724154775E-01 a      1070     0    54     1    10
 -1.6075448867015907E-01 a      1071     0    54     1    11
  1.0896885101505134E-01 a      1072     0    54     1    12
 -2.2192634040095421E-01 a      1073     0    54     1    13
  1.8978088722111158E-01 a      1074     0    54     1    14
 -1.5094523149064076E-01 a      1075     0    54     1    15
  1.1506150135308005E-01 a      1076     0    54     1    16
 -1.6119771060833191E-02 a      1077     0    54     1    17
 -9.2028487336494776E-03 a      1078     0    54     1    18
 -1.5086300136163083E-01 a      1079     0    54     1    19
 -2.3425886835019699E-01 a      1080     0    54     1    20
 -1.5105702110966766E+00 b      1081     1     1
 -6.4559566273218363E-02 b      1082     1     2
  5.4131408103821432E-01 b      1083     1     3
 -7.9116204845517446E-01 b      1084     1     4
 -1.0268943597927891E+00 b      1085     1     5
 -5.3389573945313673E-01 b      1086     1     6
  1.0205146756171730E+00 b      1087     1     7
  1.2023401425225076E-01 b      1088     1     8
  5.5169851346963428E-01 b      1089     1     9
  4.6978800856939407E-01 b      1090     1    10
  4.9809640584281617E-01 b      1091     1    11
  1.2022998977696633E+00 b      1092     1    12
  5.8201823278003995E-01 b      1093     1    13
  5.1559305761733254E-01 b      1094     1    14
  6.4866744086748507E-01 b      1095     1    15
  3.2836928660240863E-02 b      1096     1    16
  5.5349078841460175E-01 b      1097     1    17
 -9.5420663498713698E-01 b      1098     1    18
  6.9963626059638817E-01 b      1099     1    19
 -4.5619706092147810E-01 b      1100     1    20
  2.5230117354049131E-01 a      1101     1     1     2     1
 -5.0027360032318036E-01 a      1102     1     1     2     2
 -3.6998136487794536E-01 a      1103     1     1     2     3
 -3.4781896512958882E-01 a      1104     1     1     2     4
 -4.1199871745632888E-01 a      1105     1     1     2     5
 -6.0324532258623631E-01 a      1106     1     1     2     6
  4.2067929752131350E-01 a      1107     1     1     2     7
 -3.7723394557130185E-01 a      1108     1     1     2     8
 -4.3235875179152494E-01 a      1109     1     1     2     9
 -9.5421388885043901E-01 a      1110     1     1     2    10
  2.5613582970588628E-01 a      1111     1     1     2    11
  4.1015257079529176E-03 a      1112     1     1     2    12
  1.9302108012105024E-01 a      1113     1     1     2    13
 -4.2606799476877871E-01 a      1114     1     1     2    14
  1.5727620645216783E-01 a      1115     1     1     2    15
 -5.0490762572847303E-01 a      1116     1     1     2    16
  4.6836498036443391E-01 a      1117     1     1     2    17
 -7.5748182667559769E-02 a      1118     1     1     2    18
 -1.1842190915017928E-01 a      1119     1     1     2    19
  4.0523506201431392E-01 a      1120     1     1     2    20
 -1.1223552605856447E-01 a      1121     1     2     2     1
 -3.7198464205572740E-02 a      1122     1     2     2     2
 -8.7131488706622753E-03 a      1123     1     2     2     3
  9.1705356530806553E-02 a      1124     1     2     2     4
 -2.0659536106045661E-02 a      1125     1     2     2     5
  2.2162769906450874E-01 a      1126     1     2     2     6
  5.5601860002891623E-01 a      1127     1     2     2     7
 -3.0180821897507193E-01 a      1128     1     2     2     8
 -2.4658142529071364E-02 a      1129     1     2     2     9
  7.9540481809566432E-01 a      1130     1     2     2    10
 -1.0703008752589942E-01 a      1131     1     2     2    11
  5.5987732690595038E-01 a      1132     1     2     2    12
 -3.8915450852276701E-01 a      1133     1     2     2    13
  4.8118547420165358E-01 a      1134     1     2     2    14
  4.1296274167784891E-01 a      1135     1     2     2    15
 -9.0953867565785018E-01 a      1136     1     2     2    16
  3.0929493203503783E-01 a      1137     1     2     2    17
 -1.7409482262522658E-01 a      1138     1     2     2    18
 -6.0547882475087848E-02 a      1139     1     2     2    19
 -2.9627661046470627E-01 a      1140     1     2     2    20
 -4.8250079639531579E-01 a      1141     1     3     2     1
  4.6249380460369910E-01 a      1142     1     3     2     2
  3.8208782952207782E-01 a      1143     1     3     2     3
  1.6062455421581162E-01 a      1144     1     3     2     4
  2.6340249312811703E-01 a      1145     1     3     2     5
  5.0624021584100032E-01 a      1146     1     3     2     6
 -3.5586189557229747E-01 a      1147     1     3     2     7
  4.2715217691923218E-01 a      1148     1     3     2     8
 -4.4171507772714563E-01 a      1149     1     3     2     9
 -5.0058806135767220E-01 a      1150     1     3     2    10
  2.8592647420926115E-01 a      1151     1     3     2    11
 -9.9062611613946283E-01 a      1152     1     3     2    12
  6.0914954228935614E-01 a      1153     1     3     2    13
 -1.3965939218791168E+00 a      1154     1     3     2    14
 -4.8097676086578350E-01 a      1155     1     3     2    15
 -1.3899092546477745E-01 a      1156     1     3     2    16
 -9.0205972436899803E-02 a      1157     1     3     2    17
 -1.1633830740124398E-01 a      1158     1     3     2    18
 -5.8838875600027207E-01 a      1159     1     3     2    19
 -8.9005302936934316E-02 a      1160     1     3     2    20
  1.1462296517861478E-01 a      1161     1     4     2     1
  7.3927555367204278E-01 a      1162     1     4     2     2
  4.1734371335657605E-01 a      1163     1     4     2     3
  2.1509086054698162E-01 a      1164     1     4     2     4
  2.7982938343522834E-01 a      1165     1     4     2     5
 -3.8565599458194677E-01 a      1166     1     4     2     6
 -3.5944901883259450E-01 a      1167     1     4     2     7
  3.4899066401284221E-02 a      1168     1     4     2     8
  5.8219252669055466E-01 a      1169     1     4     2     9
 -4.3657524427169574E-02 a      1170     1     4     2    10
  2.4778574349447277E-01 a      1171     1     4     2    11
 -2.5044149524713136E-02 a      1172     1     4     2    12
 -4.0885206978478050E-01 a      1173     1     4     2    13
  9.2963095201346227E-02 a      1174     1     4     2    14
  3.1717060912824641E-01 a      1175     1     4     2    15
 -2.0691381281054819E-01 a      1176     1     4     2    16
 -5.5407782877362433E-01 a      1177     1     4     2    17
 -7.5517673956232390E-01 a      1178     1     4     2    18
  5.6959000866599263E-01 a      1179     1     4     2    19
  4.3335024617109835E-01 a      1180     1     4     2    20
 -3.1267875621591829E-01 a      1181     1     5     2     1
 -2.8211015388220290E-01 a      1182     1     5     2     2
 -1.8691697602455754E-01 a      1183     1     5     2     3
  3.4554558939476759E-01 a      1184     1     5     2     4
 -4.1008058022313332E-01 a      1185     1     5     2     5
 -1.6335773546158991E-01 a      1186     1     5     2     6
  2.0581295602535066E-01 a      1187     1     5     2     7
 -5.7934257300179337E-01 a      1188     1     5     2     8
 -4.4396225176135135E-01 a      1189     1     5     2     9
  9.5223295470776265E-02 a      1190     1     5     2    10
  2.0814611273428701E-01 a      1191     1     5     2    11
 -8.1852045273336851E-02 a      1192     1     5     2    12
 -4.0222040938785286E-01 a      1193     1     5     2    13
  2.4395919908022537E-01 a      1194     1     5     2    14
 -7.5415652987034648E-02 a      1195     1     5     2    15
 -1.8471574003547600E-01 a      1196     1     5     2    16
 -4.6376984826394752E-01 a      1197     1     5     2    17
 -7.7211950657701464E-02 a      1198     1     5     2    18
  4.6035390977168178E-01 a      1199     1     5     2    19
  1.0705208680508917E-01 a      1200     1     5     2    20
  2.0010545411054351E-01 a      1201     1     6     2     1
 -6.9935850054874182E-01 a      1202     1     6     2     2
  2.1864626897138084E-01 a      1203     1     6     2     3
 -3.0641301870040877E-01 a      1204     1     6     2     4
 -2.4451885118437322E-01 a      1205     1     6     2     5
  1.7486346280119602E-01 a      1206     1     6     2     6
 -5.0443103801852507E-01 a      1207     1     6     2     7
  4.3360328217459349E-01 a      1208     1     6     2     8
 -1.8509302639691236E-01 a      1209     1     6     2     9
 -6.0205428917571235E-01 a      1210     1     6     2    10
 -5.8857531682807751E-01 a      1211     1     6     2    11
 -1.6534138643236326E-01 a      1212     1     6     2    12
  5.1100461916520934E-01 a      1213     1     6     2    13
 -5.1066652725744943E-01 a      1214     1     6     2    14
  4.6048687611007905E-01 a      1215     1     6     2    15
  1.7760744151344401E-01 a      1216     1     6     2    16
  4.8509013662209061E-01 a      1217     1     6     2    17
  2.3648366943299773E-01 a      1218     1     6     2    18
  4.7618015625147359E-01 a      1219     1     6     2    19
  5.1548450473405794E-01 a      1220     1     6     2    20
  5.9121167798988829E-02 a      1221     1     7     2     1
 -1.1220925757083310E-01 a      1222     1     7     2     2
  1.0505982458515140E-01 a      1223     1     7     2     3
 -7.4578886206374950E-01 a      1224     1     7     2     4
 -3.1593692423018038E-01 a      1225     1     7     2     5
 -7.2960441640576734E-01 a      1226     1     7     2     6
  2.5637023661315117E-01 a      1227     1     7     2     7
 -4.2029912371682820E-01 a      1228     1     7     2     8
  7.3097354403641778E-03 a      1229     1     7     2     9
 -9.5878836048580229E-01 a      1230     1     7     2    10
 -2.5998322800549262E-01 a      1231     1     7     2    11
  4.4648201167884127E-01 a      1232     1     7     2    12
  4.5267192997890360E-01 a      1233     1     7     2    13
  3.9195118252466132E-01 a      1234     1     7     2    14
  2.9161140201538582E-01 a      1235     1     7     2    15
 -7.0263428504626135E-02 a      1236     1     7     2    16
  1.2144417498887985E-01 a      1237     1     7     2    17
  8.5521657423940967E-02 a      1238     1     7     2    18
  1.8745069836858898E-02 a      1239     1     7     2    19
  1.5574408886327551E-01 a      1240     1     7     2    20
 -2.9801120078998394E-01 a      1241     1     8     2     1
 -4.4848048112904340E-02 a      1242     1     8     2     2
 -5.3579015502353800E-01 a      1243     1     8     2     3
  2.9691694644998651E-01 a      1244     1     8     2     4
  1.8111552615942444E-01 a      1245     1     8     2     5
  8.1231269306951648E-01 a      1246     1     8     2     6
  2.7579798770776154E-01 a      1247     1     8     2     7
  4.0485137942128255E-02 a      1248     1     8     2     8
  2.1890224936446157E-01 a      1249     1     8     2     9
  1.0213021592771623E-01 a      1250     1     8     2    10
 -6.3601703612496202E-02 a      1251     1     8     2    11
  5.0102992555801147E-02 a      1252     1     8     2    12
  2.8557035464814368E-01 a      1253     1     8     2    13
  6.7637154472562952E-02 a      1254     1     8     2    14
 -1.2000782569911492E-01 a      1255     1     8     2    15
  3.6684499994388553E-01 a      1256     1     8     2    16
  1.3875073815698555E-01 a      1257     1     8     2    17
 -8.2144508276827594E-02 a      1258     1     8     2    18
 -5.4926744345173861E-01 a      1259     1     8     2    19
  5.6671509467716452E-01 a      1260     1     8     2    20
  5.7304331005455722E-01 a      1261     1     9     2     1
 -6.3046579232240818E-01 a      1262     1     9     2     2
  3.0819232951614889E-01 a      1263     1     9     2     3
  9.3844888219451073E-01 a      1264     1     9     2     4
 -9.9159247718893229E-02 a      1265     1     9     2     5
 -6.0798446540903561E-01 a      1266     1     9     2     6
  9.9778259809703262E-01 a      1267     1     9     2     7
 -3.2856650213968269E-01 a      1268     1     9     2     8
 -6.9014230834418142E-02 a      1269     1     9     2     9
 -3.8265072675216405E-01 a      1270     1     9     2    10
 -5.5555612810301871E-02 a      1271     1     9     2    11
 -3.8608290541237655E-01 a      1272     1     9     2    12
  1.7083440085426843E-01 a      1273     1     9     2    13
 -5.5511513842901528E-01 a      1274     1     9     2    14
  3.0891147214889220E-01 a      1275     1     9     2    15
  6.1153805856355148E-01 a      1276     1     9     2    16
 -3.2276832987910725E-01 a      1277     1     9     2    17
  2.7584304268413407E-01 a      1278     1     9     2    18
  2.8514072159906306E-01 a      1279     1     9     2    19
  5.4848525015253768E-01 a      1280     1     9     2    20
  8.7963561192010897E-01 a      1281     1    10     2     1
 -1.2522737090451699E-01 a      1282     1    10     2     2
 -9.1972735837602271E-01 a      1283     1    10     2     3
  3.7550308186248665E-01 a      1284     1    10     2     4
  5.4893908468517361E-01 a      1285     1    10     2     5
  3.7296050798788988E-01 a      1286     1    10     2     6
  2.4952480900714388E-01 a      1287     1    10     2     7
  3.8202456295400450E-02 a      1288     1    10     2     8
 -6.1089972834688444E-01 a      1289     1    10     2     9
  5.4374409097086449E-02 a      1290     1    10     2    10
 -4.0867509054961121E-01 a      1291     1    10     2    11
  4.8254866257426660E-01 a      1292     1    10     2    12
  2.6218746565294770E-01 a      1293     1    10     2    13
  6.9843526693277924E-01 a      1294     1    10     2    14
  4.3376553203845564E-01 a      1295     1    10     2    15
 -4.2887094077112020E-01 a      1296     1    10     2    16
 -9.2303072758603577E-01 a      1297     1    10     2    17
 -4.6159587572239436E-01 a      1298     1    10     2    18
  2.4194210423402476E-01 a      1299     1    10     2    19
  2.6243665634587610E-01 a      1300     1    10     2    20
  3.5411803883835863E-01 a      1301     1    11     2     1
  3.6157135618574532E-01 a      1302     1    11     2     2
  1.8287317079533025E-01 a      1303     1    11     2     3
 -2.0795109215430005E-01 a      1304     1    11     2     4
  2.0065805183868465E-01 a      1305     1    11     2     5
 -6.9773442036860173E-02 a      1306     1    11     2     6
  3.0718205650011116E-01 a      1307     1    11     2     7
  2.7423793826791759E-01 a      1308     1    11     2     8
  5.3266719342020707E-01 a      1309     1    11     2     9
  5.0331031145030758E-01 a      1310     1    11     2    10
 -2.2965775235998859E-01 a      1311     1    11     2    11
  3.5438127412729170E-01 a      1312     1    11     2    12
 -3.8298073405355781E-01 a      1313     1    11     2    13
  2.1495904628370954E-01 a      1314     1    11     2    14
 -7.9597443365951770E-01 a      1315     1    11     2    15
 -7.0986963102284611E-02 a      1316     1    11     2    16
 -7.3574647951828026E-02 a      1317     1    11     2    17
 -8.7721020664112248E-02 a      1318     1    11     2    18
  6.7146919682649053E-01 a      1319     1    11     2    19
 -4.2470014209478374E-01 a      1320     1    11     2    20
 -4.7725083146145592E-01 a      1321     1    12     2     1
 -2.7575353557034743E-01 a      1322     1    12     2     2
  3.0452759526345985E-01 a      1323     1    12     2     3
 -5.3661916442001804E-03 a      1324     1    12     2     4
  2.8039510794888475E-02 a      1325     1    12     2     5
  8.5181174853425426E-02 a      1326     1    12     2     6
  4.6931128596763061E-01 a      1327     1    12     2     7
  3.1437549970287737E-01 a      1328     1    12     2     8
  1.0302473009668714E-01 a      1329     1    12     2     9
 -1.2063055309219032E-03 a      1330     1    12     2    10
  3.1398024886068149E-01 a      1331     1    12     2    11
  1.1097943249812380E-01 a      1332     1    12     2    12
 -3.7043369594109532E-01 a      1333     1    12     2    13
  2.0837122192739083E-01 a      1334     1    12     2    14
 -1.0881249023429497E-02 a      1335     1    12     2    15
 -4.6736946752265268E-01 a      1336     1    12     2    16
  3.6675534379859853E-01 a      1337     1    12     2    17
  8.4364248794893382E-01 a      1338     1    12     2    18
  3.3696300439779231E-01 a      1339     1    12     2    19
 -1.4969508485042618E-01 a      1340     1    12     2    20
 -9.6326248741248066E-01 a      1341     1    13     2     1
  1.2731572050239287E-01 a      1342     1    13     2     2
 -6.0206762975314387E-01 a      1343     1    13     2     3
  6.1485466002116584E-01 a      1344     1    13     2     4
  2.6345976625208489E-01 a      1345     1    13     2     5
  1.9166469598441405E-01 a      1346     1    13     2     6
  1.4654207088739633E-02 a      1347     1    13     2     7
 -1.0855675687981008E-01 a      1348     1    13     2     8
 -1.1309081124038819E-02 a      1349     1    13     2     9
 -6.7470406517027084E-02 a      1350     1    13     2    10
  8.2192610109389386E-02 a      1351     1    13     2    11
 -4.0930167592416300E-01 a      1352     1    13     2    12
 -1.2310331159388521E-01 a      1353     1    13     2    13
 -3.5289478986238620E-01 a      1354     1    13     2    14
  2.2311931660460288E-01 a      1355     1    13     2    15
 -2.4855510333202233E-01 a      1356     1    13     2    16
 -2.3786278881947956E-01 a      1357     1    13     2    17
 -4.5656965330305249E-01 a      1358     1    13     2    18
 -6.6644894053231041E-01 a      1359     1    13     2    19
 -5.6896823024986165E-01 a      1360     1    13     2    20
  1.0424353334980729E+00 a      1361     1    14     2     1
  3.6821263831555640E-01 a      1362     1    14     2     2
 -2.2451495878244407E-01 a      1363     1    14     2     3
  6.7660211406503412E-02 a      1364     1    14     2     4
 -5.7582064956505152E-01 a      1365     1    14     2     5
 -1.5441509048245794E-01 a      1366     1    14     2     6
  8.9598612260682900E-02 a      1367     1    14     2     7
  1.1089243828339236E-01 a      1368     1    14     2     8
  3.6813727652546457E-01 a      1369     1    14     2     9
 -1.6443935170045129E-01 a      1370     1    14     2    10
 -2.6148276821494160E-01 a      1371     1    14     2    11
 -3.2625305870862725E-01 a      1372     1    14     2    12
  6.0014138046045695E-01 a      1373     1    14     2    13
 -5.3113091727345885E-01 a      1374     1    14     2    14
 -2.9588946788559167E-01 a      1375     1    14     2    15
  6.0908399338141135E-02 a      1376     1    14     2    16
  7.8937907709279920E-01 a      1377     1    14     2    17
  1.0462966502157428E-01 a      1378     1    14     2    18
  4.3306401766215358E-01 a      1379     1    14     2    19
  3.6517131749586862E-01 a      1380     1    14     2    20
 -5.2052900374378896E-01 a      1381     1    15     2     1
 -5.8870818281548964E-01 a      1382     1    15     2     2
  5.0669698575333255E-01 a      1383     1    15     2     3
 -7.9712743699152863E-03 a      1384     1    15     2     4
  2.1138693244116474E-02 a      1385     1    15     2     5
 -5.7203663801994820E-01 a      1386     1    15     2     6
  2.7430910751816906E-01 a      1387     1    15     2     7
  5.1413232763529537E-01 a      1388     1    15     2     8
  3.0277433146104521E-01 a      1389     1    15     2     9
 -6.1267515696019836E-01 a      1390     1    15     2    10
 -1.8252663213031328E-01 a      1391     1    15     2    11
  1.3605909165767738E-01 a      1392     1    15     2    12
  3.5674132486063598E-01 a      1393     1    15     2    13
  7.6182866376274375E-02 a      1394     1    15     2    14
 -5.1632697604003785E-01 a      1395     1    15     2    15
  7.9934530976071394E-01 a      1396     1    15     2    16
  3.5952784041297753E-01 a      1397     1    15     2    17
 -3.3766298359152636E-01 a      1398     1    15     2    18
  3.5115536233606676E-01 a      1399     1    15     2    19
 -3.0764156805373954E-01 a      1400     1    15     2    20
 -1.0421020765210742E+00 a      1401     1    16     2     1
  1.2511988428020837E-01 a      1402     1    16     2     2
 -3.7408316551054577E-01 a      1403     1    16     2     3
 -3.3015974572886236E-01 a      1404     1    16     2     4
 -6.6458034049947698E-02 a      1405     1    16     2     5
  3.3036381885006888E-01 a      1406     1    16     2     6
  5.1295315567234334E-01 a      1407     1    16     2     7
 -5.0498376466529360E-01 a      1408     1    16     2     8
  4.6588853958230260E-03 a      1409     1    16     2     9
 -5.0971204301262452E-01 a      1410     1    16     2    10
  2.8690363687820486E-01 a      1411     1    16     2    11
  4.6844648663187005E-01 a      1412     1    16     2    12
 -5.0521637101986157E-02 a      1413     1    16     2    13
  2.8229842450749087E-01 a      1414     1    16     2    14
  4.5881522107829237E-01 a      1415     1    16     2    15
 -2.0888233826729866E-01 a      1416     1    16     2    16
  1.9348109053626480E-01 a      1417     1    16     2    17
  3.8380744672400630E-01 a      1418     1    16     2    18
  5.6810442945902519E-02 a      1419     1    16     2    19
 -5.1877035738232036E-01 a      1420     1    16     2    20
  6.0329094975155440E-01 a      1421     1    17     2     1
  1.0793035993132034E+00 a      1422     1    17     2     2
 -2.6782469345834720E-01 a      1423     1    17     2     3
  1.2224285364178607E-01 a      1424     1    17     2     4
 -3.9298844065593846E-01 a      1425     1    17     2     5
 -5.3222701199490674E-01 a      1426     1    17     2     6
  7.6618816979342907E-01 a      1427     1    17     2     7
  1.0012640565277101E-02 a      1428     1    17     2     8
 -4.4967404378746029E-01 a      1429     1    17     2     9
  1.1203753336135061E-01 a      1430     1    17     2    10
  7.4438221312617536E-01 a      1431     1    17     2    11
 -2.6514684270037225E-01 a      1432     1    17     2    12
  8.5204459921145698E-02 a      1433     1    17     2    13
 -6.1271499790986872E-01 a      1434     1    17     2    14
  8.5796760264488348E-02 a      1435     1    17     2    15
 -2.3582681934221839E-01 a      1436     1    17     2    16
 -7.4858698878573701E-02 a      1437     1    17     2    17
 -8.2207978569879236E-01 a      1438     1    17     2    18
 -5.6362709458326310E-01 a      1439     1    17     2    19
  4.3502961500792087E-01 a      1440     1    17     2    20
  3.2430465804294167E-01 a      1441     1    18     2     1
 -3.6954994095383770E-01 a      1442     1    18     2     2
 -5.1492454362502404E-01 a      1443     1    18     2     3
  1.8967718946480738E-01 a      1444     1    18     2     4
  4.7458980747675744E-01 a      1445     1    18     2     5
  6.2420087996718365E-01 a      1446     1    18     2     6
  1.3137134165300340E-01 a      1447     1    18     2     7
  1.8654227106104540E-01 a      1448     1    18     2     8
 -5.0946423848659750E-01 a      1449     1    18     2     9
  9.6822743988070625E-01 a      1450     1    18     2    10
  2.1286798025488440E-01 a      1451     1    18     2    11
 -4.3263207486113270E-01 a      1452     1    18     2    12
 -4.8162982720135028E-01 a      1453     1    18     2    13
 -6.1944312978155747E-01 a      1454     1    18     2    14
 -6.9298754393689754E-01 a      1455     1    18     2    15
  4.4934659586320369E-01 a      1456     1    18     2    16
 -7.1549292983410218E-01 a      1457     1    18     2    17
 -5.4867398046168171E-02 a      1458     1    18     2    18
 -2.7482048881819615E-01 a      1459     1    18     2    19
 -4.8412549779548553E-01 a      1460     1    18     2    20
 -8.0564879243434362E-02 a      1461     1    19     2     1
 -3.3678908144029635E-01 a      1462     1    19     2     2
  5.8688380953185537E-01 a      1463     1    19     2     3
  2.3306999820145391E-01 a      1464     1    19     2     4
  1.9756297313819598E-02 a      1465     1    19     2     5
 -2.2048799786640583E-01 a      1466     1    19     2     6
  2.5388717145030704E-01 a      1467     1    19     2     7
 -6.6749525515976149E-01 a      1468     1    19     2     8
  2.9054176836202050E-01 a      1469     1    19     2     9
 -4.8607988855175588E-01 a      1470     1    19     2    10
  8.1219700097764830E-02 a      1471     1    19     2    11
 -4.0062700493526232E-01 a      1472     1    19     2    12
  6.4448074721469850E-01 a      1473     1    19     2    13
 -2.2456189466376758E-01 a      1474     1    19     2    14
  2.3686118287361310E-01 a      1475     1    19     2    15
 -6.1034301740872954E-01 a      1476     1    19     2    16
  5.7775726116714159E-02 a      1477     1    19     2    17
 -1.6635662675227769E-01 a      1478     1    19     2    18
 -3.1415663321318515E-01 a      1479     1    19     2    19
  2.4971794832635563E-01 a      1480     1    19     2    20
  4.6438369257172832E-02 a      1481     1    20     2     1
 -2.2502893085740497E-01 a      1482     1    20     2     2
  1.1253424203893894E-01 a      1483     1    20     2     3
 -3.1129290531506942E-01 a      1484     1    20     2     4
  3.6234760367760949E-01 a      1485     1    20     2     5
 -3.5487016781951791E-02 a      1486     1    20     2     6
 -2.1320426473342896E-01 a      1487     1    20     2     7
  3.1448330103983763E-01 a      1488     1    20     2     8
 -3.7297898100968241E-01 a      1489     1    20     2     9
  4.7169898619788087E-01 a      1490     1    20     2    10
 -2.3393888301709601E-01 a      1491     1    20     2    11
  5.3608160761136947E-02 a      1492     1    20     2    12
 -1.1907722612050704E-01 a      1493     1    20     2    13
 -1.7552586400040562E-01 a      1494     1    20     2    14
 -1.4390180024689442E-01 a      1495     1    20     2    15
 -4.3687588106856901E-01 a      1496     1    20     2    16
  8.6852639325182557E-03 a      1497     1    20     2    17
 -3.6238910306279581E-01 a      1498     1    20     2    18
  1.8050066186293748E-01 a      1499     1    20     2    19
  4.3071885650764158E-01 a      1500     1    20     2    20
  1.6717401701138319E+00 b      1501     2     1
  9.9839225962910472E-01 b      1502     2     2
  5.2764429627764731E-01 b      1503     2     3
  8.9087822281229212E-01 b      1504     2     4
 -1.3704517331364414E+00 b      1505     2     5
 -9.8179146830742703E-01 b      1506     2     6
  1.9576598941807813E-01 b      1507     2     7
 -1.3189933714793518E+00 b      1508     2     8
  1.4331502221140648E+00 b      1509     2     9
  1.3512533331623271E+00 b      1510     2    10
 -3.3173882432493423E-01 b      1511     2    11
  6.9980984709573502E-01 b      1512     2    12
 -6.5502658741532338E-01 b      1513     2    13
  2.1997823997461222E-01 b      1514     2    14
  2.2099726883060816E-01 b      1515     2    15
 -7.5034316350248442E-01 b      1516     2    16
  1.2998514784719504E+00 b      1517     2    17
  1.2939383804497209E+00 b      1518     2    18
 -5.2976619447747564E-01 b      1519     2    19
 -1.1423659898798910E-01 b      1520     2    20
 -8.6433784327867816E-02 a      1521     2     1     3     1
 -1.0387125736904226E+00 a      1522     2     2     3     1
  1.0325917429087272E-01 a      1523     2     3     3     1
 -2.2025929767878660E-01 a      1524     2     4     3     1
 -8.4410617737419547E-01 a      1525     2     5     3     1
  7.0048698733700376E-01 a      1526     2     6     3     1
  8.1017067486540972E-01 a      1527     2     7     3     1
  4.0191825206459891E-01 a      1528     2     8     3     1
 -1.1824257399873124E-01 a      1529     2     9     3     1
 -4.2956270017552606E-01 a      1530     2    10     3     1
 -8.5431153629141077E-01 a      1531     2    11     3     1
 -1.4065169000242919E+00 a      1532     2    12     3     1
 -1.3006059739008129E+00 a      1533     2    13     3     1
  7.6394430329059826E-01 a      1534     2    14     3     1
 -3.5430054751037121E-01 a      1535     2    15     3     1
 -3.6806506980173757E-02 a      1536     2    16     3     1
 -6.9041883049690789E-01 a      1537     2    17     3     1
 -9.0451237561061837E-01 a      1538     2    18     3     1
 -4.8303962440789999E-01 a      1539     2    19     3     1
  3.3709321808936010E-03 a      1540     2    20     3     1
 -4.0697047983866580E-01 b      1541     3     1
