################################################################################
# Neural network connection values (weights and biases).
################################################################################
# Col  Name       Description
################################################################################
# 1    connection Neural network connection value.
# 2    t          Connection type (a = weight, b = bias).
# 3    index      Index enumerating weights.
# 4    l_s        Starting point layer (end point layer for biases).
# 5    n_s        Starting point neuron in starting layer (end point neuron for biases).
# 6    l_e        End point layer.
# 7    n_e        End point neuron in end layer.
################################################################################
#                      1 2         3     4     5     6     7
#             connection t     index   l_s   n_s   l_e   n_e
############################################################
 -1.7323230781558080E-01 a         1     0     1     1     1
  3.8431019704020637E-02 a         2     0     1     1     2
 -9.7940428128262411E-02 a         3     0     1     1     3
  1.6837486328886567E-01 a         4     0     1     1     4
 -1.1750380387013216E-02 a         5     0     1     1     5
  6.2212318000280424E-02 a         6     0     1     1     6
  7.7697331305113707E-02 a         7     0     1     1     7
 -5.4727008907425843E-02 a         8     0     1     1     8
  1.7729078966083697E-01 a         9     0     1     1     9
 -1.8786196732663471E-01 a        10     0     1     1    10
  1.6916023660659224E-01 a        11     0     1     1    11
  2.7028326581955125E-02 a        12     0     1     1    12
 -5.7076761325429583E-02 a        13     0     1     1    13
 -8.6374682171678263E-02 a        14     0     1     1    14
  5.3187452456307772E-02 a        15     0     1     1    15
  3.0191342347939415E-01 a        16     0     1     1    16
 -1.3170773709868280E-01 a        17     0     1     1    17
  1.2797172500321755E-02 a        18     0     1     1    18
  2.6509019060476841E-02 a        19     0     1     1    19
 -5.0941678839728770E-02 a        20     0     1     1    20
  2.9028514203773198E-01 a        21     0     2     1     1
  2.9819038011690907E-01 a        22     0     2     1     2
 -2.7726751078203327E-01 a        23     0     2     1     3
 -8.9356193903321768E-01 a        24     0     2     1     4
 -7.8823400027569301E-01 a        25     0     2     1     5
 -6.5255790852772633E-01 a        26     0     2     1     6
  8.0755635147180871E-01 a        27     0     2     1     7
  4.4291782344510738E-01 a        28     0     2     1     8
  4.5518517806656028E-01 a        29     0     2     1     9
  6.9001175699494222E-01 a        30     0     2     1    10
  3.7049333074587382E-01 a        31     0     2     1    11
  9.2674134037862410E-01 a        32     0     2     1    12
  3.9594701226501550E-01 a        33     0     2     1    13
  1.8001975072667017E-01 a        34     0     2     1    14
  3.9571213135722438E-01 a        35     0     2     1    15
  5.9791212819547845E-01 a        36     0     2     1    16
  6.7243057762149605E-01 a        37     0     2     1    17
  3.8306220821438769E-01 a        38     0     2     1    18
 -3.4712361495253846E-01 a        39     0     2     1    19
  4.0370853899716214E-01 a        40     0     2     1    20
 -1.1429856877313083E-01 a        41     0     3     1     1
 -2.6917809297735512E-01 a        42     0     3     1     2
  1.5758364447164473E-02 a        43     0     3     1     3
  7.6937709211205629E-02 a        44     0     3     1     4
 -6.4087200640942079E-03 a        45     0     3     1     5
  5.5624797630764444E-02 a        46     0     3     1     6
  1.0350248821828789E-01 a        47     0     3     1     7
 -9.0617700754341158E-03 a        48     0     3     1     8
 -8.6414481292086051E-03 a        49     0     3     1     9
  1.2129274077837812E-02 a        50     0     3     1    10
  4.0943683765605386E-02 a        51     0     3     1    11
 -8.8726042330257229E-02 a        52     0     3     1    12
 -1.1744195248586006E-01 a        53     0     3     1    13
 -6.9706723431652184E-02 a        54     0     3     1    14
  2.5516103549444804E-02 a        55     0     3     1    15
  1.0857522230185548E-01 a        56     0     3     1    16
 -5.9940406501540512E-02 a        57     0     3     1    17
 -1.1893538067009408E-01 a        58     0     3     1    18
 -1.1078587844774994E-01 a        59     0     3     1    19
  3.5741561921248902E-02 a        60     0     3     1    20
  9.9453623473187813E-02 a        61     0     4     1     1
 -1.0863166743963271E-01 a        62     0     4     1     2
  3.0018252268399881E-01 a        63     0     4     1     3
 -3.2686567452730997E-01 a        64     0     4     1     4
 -1.5475702738084104E-01 a        65     0     4     1     5
 -1.9006545562772825E-01 a        66     0     4     1     6
 -1.5782202826260844E-01 a        67     0     4     1     7
 -8.0431808929767284E-02 a        68     0     4     1     8
 -1.2444379043636032E-01 a        69     0     4     1     9
  2.3119971073232026E-01 a        70     0     4     1    10
 -1.7810283379951858E-02 a        71     0     4     1    11
  1.6829918058218532E-01 a        72     0     4     1    12
  2.9362991525594090E-01 a        73     0     4     1    13
  2.3724222823125277E-01 a        74     0     4     1    14
  3.0827624504863701E-02 a        75     0     4     1    15
  1.5332650344648108E-02 a        76     0     4     1    16
  1.9405539643721781E-01 a        77     0     4     1    17
  1.0091629737658402E-01 a        78     0     4     1    18
 -1.8340793272289979E-01 a        79     0     4     1    19
 -1.2439465562750376E-02 a        80     0     4     1    20
 -4.9399365513576021E-01 a        81     0     5     1     1
  2.6738677878300932E-01 a        82     0     5     1     2
  1.1170992265042665E+00 a        83     0     5     1     3
  9.2266844017812855E-01 a        84     0     5     1     4
  2.4564747382592186E-01 a        85     0     5     1     5
  5.3272620884901756E-01 a        86     0     5     1     6
 -2.5269243225952115E-01 a        87     0     5     1     7
 -1.1536628479891187E+00 a        88     0     5     1     8
 -6.4279028213409151E-01 a        89     0     5     1     9
 -1.5952267931205357E+00 a        90     0     5     1    10
  6.2895009640118049E-01 a        91     0     5     1    11
  4.6334275580826273E-01 a        92     0     5     1    12
  1.2942298619526558E+00 a        93     0     5     1    13
 -1.4476030021049163E-01 a        94     0     5     1    14
  3.4541683911301989E-02 a        95     0     5     1    15
 -3.5334707619222289E-01 a        96     0     5     1    16
 -7.8792148007091223E-01 a        97     0     5     1    17
  7.3918267786344394E-01 a        98     0     5     1    18
 -1.8372362761281336E-02 a        99     0     5     1    19
  1.0463048671979328E-01 a       100     0     5     1    20
  9.7732752519919114E-02 a       101     0     6     1     1
  3.5169404813060678E-01 a       102     0     6     1     2
  1.1969076373505139E-01 a       103     0     6     1     3
 -1.5260711474897878E-01 a       104     0     6     1     4
  5.2181003475769767E-02 a       105     0     6     1     5
 -1.8826572725054030E-01 a       106     0     6     1     6
 -2.4986803376964545E-01 a       107     0     6     1     7
 -4.7163148131571637E-02 a       108     0     6     1     8
  1.6273732539284928E-02 a       109     0     6     1     9
 -2.9441733149429418E-02 a       110     0     6     1    10
 -6.8653481016345178E-02 a       111     0     6     1    11
  1.3263708558075726E-01 a       112     0     6     1    12
 -2.2431945240338074E-02 a       113     0     6     1    13
  1.4631103766887235E-01 a       114     0     6     1    14
 -5.3170942843151985E-02 a       115     0     6     1    15
 -3.7849091498570847E-01 a       116     0     6     1    16
 -3.8560191575480490E-02 a       117     0     6     1    17
  1.6960989140757310E-01 a       118     0     6     1    18
  8.9434798042152291E-02 a       119     0     6     1    19
 -6.5438398654070945E-02 a       120     0     6     1    20
 -6.6056425114589881E-02 a       121     0     7     1     1
  2.7238124936847269E-02 a       122     0     7     1     2
  2.5384235672235339E-01 a       123     0     7     1     3
  5.9986603431100294E-02 a       124     0     7     1     4
  8.6183025963502774E-02 a       125     0     7     1     5
 -8.2341056435702373E-02 a       126     0     7     1     6
  1.2918787092439535E-01 a       127     0     7     1     7
 -4.0786583584694301E-03 a       128     0     7     1     8
  9.6766720598070413E-02 a       129     0     7     1     9
 -3.9390392311081636E-02 a       130     0     7     1    10
  2.6470865014850969E-01 a       131     0     7     1    11
 -8.9871070168425535E-02 a       132     0     7     1    12
 -3.8054232152866366E-02 a       133     0     7     1    13
  8.0797550934419524E-02 a       134     0     7     1    14
  1.8537772578868200E-01 a       135     0     7     1    15
  3.5597887816040386E-01 a       136     0     7     1    16
 -1.0294139533082036E-01 a       137     0     7     1    17
 -1.6297871876696274E-01 a       138     0     7     1    18
 -2.8511892180534965E-01 a       139     0     7     1    19
  1.6099716719441388E-02 a       140     0     7     1    20
  8.4648158010597907E-01 a       141     0     8     1     1
 -2.2737979296855401E-01 a       142     0     8     1     2
 -2.5148424274323905E-01 a       143     0     8     1     3
 -1.2148038857427033E+00 a       144     0     8     1     4
 -4.7446144575504018E-01 a       145     0     8     1     5
 -6.6589909583461226E-01 a       146     0     8     1     6
  1.1930593003569328E+00 a       147     0     8     1     7
  1.0276520128569764E+00 a       148     0     8     1     8
  3.6539111701381549E-01 a       149     0     8     1     9
  5.5428263620869356E-01 a       150     0     8     1    10
  1.1843065296680987E-02 a       151     0     8     1    11
  5.5829930098586100E-01 a       152     0     8     1    12
  1.8689976181855328E-01 a       153     0     8     1    13
 -2.2355858480974092E-01 a       154     0     8     1    14
  3.6535488339198208E-01 a       155     0     8     1    15
  6.7410460491776514E-01 a       156     0     8     1    16
  5.2693497994611405E-01 a       157     0     8     1    17
 -1.9492460001831222E-02 a       158     0     8     1    18
 -6.3060991433227676E-01 a       159     0     8     1    19
  3.6780435281577367E-01 a       160     0     8     1    20
 -9.5439829993209629E-02 a       161     0     9     1     1
 -6.5161839636815447E-02 a       162     0     9     1     2
  3.8087173667112909E-02 a       163     0     9     1     3
  4.5596630274538658E-03 a       164     0     9     1     4
 -1.0874940522875896E-01 a       165     0     9     1     5
  5.5125304946025244E-02 a       166     0     9     1     6
  1.6124654168071506E-01 a       167     0     9     1     7
  1.1546727330271704E-02 a       168     0     9     1     8
 -6.9561317880910342E-02 a       169     0     9     1     9
  1.2655325882449843E-02 a       170     0     9     1    10
  1.6434504996302163E-01 a       171     0     9     1    11
 -1.5563519239486245E-01 a       172     0     9     1    12
  3.3426334155889481E-01 a       173     0     9     1    13
  1.6147504846553065E-01 a       174     0     9     1    14
 -5.0283177986625793E-02 a       175     0     9     1    15
 -4.3312119824692151E-02 a       176     0     9     1    16
  5.8934512047141244E-02 a       177     0     9     1    17
  7.8866822671706138E-02 a       178     0     9     1    18
 -4.1290449737203133E-01 a       179     0     9     1    19
 -1.6641796975648165E-01 a       180     0     9     1    20
 -5.0294323956950653E-02 a       181     0    10     1     1
  1.6220852344780330E-02 a       182     0    10     1     2
  3.9621706805571222E-01 a       183     0    10     1     3
 -1.5242051608487406E-01 a       184     0    10     1     4
 -8.9141079152940284E-02 a       185     0    10     1     5
  1.1478412770901653E-01 a       186     0    10     1     6
  1.1101064298017196E-01 a       187     0    10     1     7
 -5.0390810880616151E-02 a       188     0    10     1     8
 -1.3984472413751806E-01 a       189     0    10     1     9
  2.2279466011627649E-01 a       190     0    10     1    10
  9.4748858777260775E-02 a       191     0    10     1    11
  1.3028247909908600E-01 a       192     0    10     1    12
  1.2254768145346383E-01 a       193     0    10     1    13
  2.0654360979229941E-01 a       194     0    10     1    14
 -6.3002651158063664E-03 a       195     0    10     1    15
  4.9199555925297490E-02 a       196     0    10     1    16
 -1.5999636042406028E-02 a       197     0    10     1    17
 -6.0547229919744767E-02 a       198     0    10     1    18
 -4.7370914650142065E-01 a       199     0    10     1    19
 -1.2119839582415869E-02 a       200     0    10     1    20
 -7.3150474139284927E-01 a       201     0    11     1     1
  8.7677115360394087E-01 a       202     0    11     1     2
  4.4188202022927464E-01 a       203     0    11     1     3
  3.5633111774190690E-01 a       204     0    11     1     4
 -4.1494480236693437E-01 a       205     0    11     1     5
  9.2883427931909868E-01 a       206     0    11     1     6
 -3.4221271984604962E-01 a       207     0    11     1     7
 -6.6440994477264714E-01 a       208     0    11     1     8
 -7.9508411051520664E-02 a       209     0    11     1     9
 -3.5390856180360025E-01 a       210     0    11     1    10
  6.1521218630676866E-01 a       211     0    11     1    11
  3.5938696500872008E-01 a       212     0    11     1    12
  5.9943639504724799E-01 a       213     0    11     1    13
 -3.3926280560811661E-01 a       214     0    11     1    14
  4.4092740382441507E-02 a       215     0    11     1    15
 -2.3085722655717533E-01 a       216     0    11     1    16
  2.6733638829889661E-01 a       217     0    11     1    17
  8.9255741386371634E-01 a       218     0    11     1    18
 -2.1276836521717385E-01 a       219     0    11     1    19
 -6.1374407828908861E-01 a       220     0    11     1    20
 -1.1398840202843045E-01 a       221     0    12     1     1
  1.5477960361413462E-01 a       222     0    12     1     2
  4.7046609916758853E-01 a       223     0    12     1     3
 -9.8576982728718565E-02 a       224     0    12     1     4
 -1.3221600293830410E-01 a       225     0    12     1     5
 -1.3846344454646317E-01 a       226     0    12     1     6
  6.1169756548953333E-02 a       227     0    12     1     7
 -1.2671197738234660E-01 a       228     0    12     1     8
  2.5932300100995620E-02 a       229     0    12     1     9
 -1.1398616243239630E-01 a       230     0    12     1    10
  7.6343262402799608E-02 a       231     0    12     1    11
  2.5243471753506903E-02 a       232     0    12     1    12
  1.9283978454755524E-01 a       233     0    12     1    13
  1.2925625198214669E-01 a       234     0    12     1    14
  3.0656747061914724E-01 a       235     0    12     1    15
  1.4101424152252975E-01 a       236     0    12     1    16
 -3.5685157735865065E-02 a       237     0    12     1    17
  2.2787325535972357E-02 a       238     0    12     1    18
 -1.1316676525207051E-01 a       239     0    12     1    19
 -2.4400631438893094E-01 a       240     0    12     1    20
 -1.0546109918882071E-02 a       241     0    13     1     1
 -3.7197167404953053E-02 a       242     0    13     1     2
  1.9050642927042966E-01 a       243     0    13     1     3
 -6.3456789289155447E-03 a       244     0    13     1     4
 -5.0272666322186403E-02 a       245     0    13     1     5
 -1.8953317818076656E-02 a       246     0    13     1     6
  3.8088045297368138E-02 a       247     0    13     1     7
  2.4062183413216935E-03 a       248     0    13     1     8
  3.3865404036003070E-02 a       249     0    13     1     9
  2.3731661875491722E-02 a       250     0    13     1    10
  1.2392701407613799E-01 a       251     0    13     1    11
 -9.4302842477592380E-02 a       252     0    13     1    12
  8.0454130745709992E-02 a       253     0    13     1    13
  9.4139608745187731E-02 a       254     0    13     1    14
  1.3523029547411472E-01 a       255     0    13     1    15
  1.7693843534595438E-01 a       256     0    13     1    16
 -1.8493021979328804E-02 a       257     0    13     1    17
 -1.0972522346051657E-01 a       258     0    13     1    18
 -1.9114182685592224E-01 a       259     0    13     1    19
 -2.7171710001407182E-02 a       260     0    13     1    20
  2.4669809181105026E-01 a       261     0    14     1     1
 -5.0421617362173612E-02 a       262     0    14     1     2
  1.2991759063654629E-01 a       263     0    14     1     3
 -3.1695916310265349E-01 a       264     0    14     1     4
  1.5360031156402890E-01 a       265     0    14     1     5
  1.9720317992001687E-02 a       266     0    14     1     6
  4.0473558701025630E-01 a       267     0    14     1     7
  3.2205368658701022E-01 a       268     0    14     1     8
  1.1262437379299114E-01 a       269     0    14     1     9
  1.5596193268903163E-02 a       270     0    14     1    10
 -5.0890087649118432E-01 a       271     0    14     1    11
  1.5553057065335962E-01 a       272     0    14     1    12
 -1.9104970021586001E-01 a       273     0    14     1    13
 -7.8784419156126842E-02 a       274     0    14     1    14
 -1.0644540078309982E-01 a       275     0    14     1    15
 -6.1687020743158953E-03 a       276     0    14     1    16
  2.0341575738426007E-01 a       277     0    14     1    17
 -1.5746148776746713E-01 a       278     0    14     1    18
 -1.9630193316466812E-01 a       279     0    14     1    19
  4.9999641569862718E-01 a       280     0    14     1    20
 -5.0987870509799575E-02 a       281     0    15     1     1
  1.5374644714841174E-01 a       282     0    15     1     2
  2.2984220031515210E-01 a       283     0    15     1     3
 -7.0648382452042635E-02 a       284     0    15     1     4
 -8.2049875310029705E-02 a       285     0    15     1     5
 -1.5801657313933286E-02 a       286     0    15     1     6
 -2.9815749480052224E-03 a       287     0    15     1     7
 -5.1152628642885363E-03 a       288     0    15     1     8
 -5.5490589646320337E-02 a       289     0    15     1     9
  1.4133270217936957E-02 a       290     0    15     1    10
  9.7193260475818999E-02 a       291     0    15     1    11
 -2.9939001024540501E-02 a       292     0    15     1    12
  1.6970428638152474E-01 a       293     0    15     1    13
  2.8363343155802839E-01 a       294     0    15     1    14
 -6.8670978348452802E-02 a       295     0    15     1    15
 -2.0565551278261804E-01 a       296     0    15     1    16
  2.6099700652298208E-02 a       297     0    15     1    17
  1.4673795901892606E-01 a       298     0    15     1    18
 -3.6072033701990047E-01 a       299     0    15     1    19
 -1.8978940737649075E-01 a       300     0    15     1    20
  2.3947671509658097E-02 a       301     0    16     1     1
 -6.2845787656135327E-02 a       302     0    16     1     2
  5.2286245932855968E-02 a       303     0    16     1     3
 -6.9711225296977082E-03 a       304     0    16     1     4
  5.9956025894094503E-02 a       305     0    16     1     5
 -1.8761273593923204E-02 a       306     0    16     1     6
 -4.8859974181695180E-02 a       307     0    16     1     7
 -3.1160319324219428E-02 a       308     0    16     1     8
 -2.3639548484467299E-02 a       309     0    16     1     9
  7.2773113197060424E-02 a       310     0    16     1    10
  9.8789429289079279E-03 a       311     0    16     1    11
  1.1054260262908326E-01 a       312     0    16     1    12
 -2.0700891440311297E-02 a       313     0    16     1    13
  2.9467163659976026E-02 a       314     0    16     1    14
 -8.4348022602908676E-02 a       315     0    16     1    15
 -9.0384014830834233E-02 a       316     0    16     1    16
 -4.8668934456440542E-02 a       317     0    16     1    17
  2.5671018121465841E-02 a       318     0    16     1    18
 -5.8089723279593629E-02 a       319     0    16     1    19
  7.2963579122114319E-02 a       320     0    16     1    20
 -1.5179823745169840E-01 a       321     0    17     1     1
  1.4807989899437837E-01 a       322     0    17     1     2
 -4.1261811060364119E-02 a       323     0    17     1     3
  2.3545628592707535E-01 a       324     0    17     1     4
  1.4393555451854256E-01 a       325     0    17     1     5
  1.2139214246896750E-01 a       326     0    17     1     6
 -2.0390502915865544E-01 a       327     0    17     1     7
 -1.8851866143926602E-01 a       328     0    17     1     8
  4.2729138944369652E-02 a       329     0    17     1     9
  1.7828481270029600E-01 a       330     0    17     1    10
  5.1920656241032948E-01 a       331     0    17     1    11
  1.4846098473492134E-01 a       332     0    17     1    12
  6.9254619187157515E-02 a       333     0    17     1    13
 -8.6213158590097858E-02 a       334     0    17     1    14
  1.1213366198456801E-01 a       335     0    17     1    15
  2.3014931535953587E-01 a       336     0    17     1    16
 -2.0305902347761204E-01 a       337     0    17     1    17
  2.5396994784408788E-01 a       338     0    17     1    18
 -2.2541067036711782E-01 a       339     0    17     1    19
 -6.1778420416794877E-01 a       340     0    17     1    20
 -2.9714629294005146E-02 a       341     0    18     1     1
 -8.0450382215860552E-02 a       342     0    18     1     2
  1.0605444696936661E-01 a       343     0    18     1     3
 -8.4863330950139051E-02 a       344     0    18     1     4
 -2.9130814296444409E-02 a       345     0    18     1     5
 -3.7974165447638188E-02 a       346     0    18     1     6
  4.3135805530421220E-02 a       347     0    18     1     7
  2.4444828423967201E-03 a       348     0    18     1     8
 -8.3884065714187623E-03 a       349     0    18     1     9
 -7.0739349216862400E-03 a       350     0    18     1    10
 -3.6483777195418815E-02 a       351     0    18     1    11
  6.8057613855038501E-02 a       352     0    18     1    12
  2.5337407691063747E-02 a       353     0    18     1    13
 -8.2549091753978034E-03 a       354     0    18     1    14
  6.4868044365625266E-02 a       355     0    18     1    15
 -1.5076069953634005E-01 a       356     0    18     1    16
 -1.6350357352572200E-02 a       357     0    18     1    17
 -1.2359386895529321E-02 a       358     0    18     1    18
 -2.1214917181159088E-03 a       359     0    18     1    19
  3.0902658829787013E-02 a       360     0    18     1    20
 -3.8959882997139893E-02 a       361     0    19     1     1
  1.8616172318068804E-02 a       362     0    19     1     2
  6.8807690943202132E-02 a       363     0    19     1     3
 -8.9420967967801992E-03 a       364     0    19     1     4
 -1.2157679418527760E-01 a       365     0    19     1     5
  6.3022550412300898E-02 a       366     0    19     1     6
  6.4140362367021669E-02 a       367     0    19     1     7
  1.3851191602115502E-02 a       368     0    19     1     8
  5.3152528918404256E-03 a       369     0    19     1     9
 -1.0302909848869753E-03 a       370     0    19     1    10
  6.8061155724974384E-02 a       371     0    19     1    11
 -1.0157751836851218E-01 a       372     0    19     1    12
  9.7158393133618695E-02 a       373     0    19     1    13
  2.4842161850235776E-02 a       374     0    19     1    14
  1.1398728804385526E-01 a       375     0    19     1    15
  1.4558133931360526E-01 a       376     0    19     1    16
 -5.5775417764253833E-03 a       377     0    19     1    17
 -1.1263588141963701E-01 a       378     0    19     1    18
 -1.2048900371416955E-01 a       379     0    19     1    19
 -9.0669818003841482E-02 a       380     0    19     1    20
  1.1831167137145458E-01 a       381     0    20     1     1
 -2.5355129693844774E-02 a       382     0    20     1     2
  3.4304067289685147E-01 a       383     0    20     1     3
 -2.8189015698234765E-01 a       384     0    20     1     4
 -2.7726302363927491E-01 a       385     0    20     1     5
 -4.3128030965365355E-02 a       386     0    20     1     6
  3.5469293387496353E-02 a       387     0    20     1     7
  1.1052732697195934E-01 a       388     0    20     1     8
  1.4128874073331843E-01 a       389     0    20     1     9
 -6.0632229638137901E-03 a       390     0    20     1    10
 -2.1371597135539996E-01 a       391     0    20     1    11
  1.0076506253771786E-01 a       392     0    20     1    12
 -3.3265590160912339E-01 a       393     0    20     1    13
 -4.0894197720034900E-02 a       394     0    20     1    14
 -6.5188769947968322E-02 a       395     0    20     1    15
 -2.1633054092756523E-01 a       396     0    20     1    16
  2.4372056752675361E-01 a       397     0    20     1    17
 -7.9596549439963984E-02 a       398     0    20     1    18
 -1.7947577461927769E-01 a       399     0    20     1    19
  5.0621733590986229E-01 a       400     0    20     1    20
 -2.3406818015871821E-02 a       401     0    21     1     1
  2.1228034665283974E-01 a       402     0    21     1     2
 -1.0048312201817566E-02 a       403     0    21     1     3
  2.9696798095958522E-02 a       404     0    21     1     4
 -2.2319893418086479E-02 a       405     0    21     1     5
  7.3418542952548349E-02 a       406     0    21     1     6
  3.5927382049345383E-02 a       407     0    21     1     7
 -4.8101544829819605E-03 a       408     0    21     1     8
 -1.5254305011458304E-02 a       409     0    21     1     9
 -5.4681569936451763E-02 a       410     0    21     1    10
  2.1489006932819198E-02 a       411     0    21     1    11
 -9.6513688035256687E-02 a       412     0    21     1    12
  3.3222895661611219E-02 a       413     0    21     1    13
  4.7048343925779425E-02 a       414     0    21     1    14
 -1.1688793044489450E-02 a       415     0    21     1    15
  1.0115274000857308E-01 a       416     0    21     1    16
  4.4381212126239425E-02 a       417     0    21     1    17
  4.4079254160592121E-02 a       418     0    21     1    18
 -6.9158456359585924E-02 a       419     0    21     1    19
 -1.0210518029935033E-01 a       420     0    21     1    20
  3.9777398922412208E-02 a       421     0    22     1     1
 -1.0792766999658907E-02 a       422     0    22     1     2
  9.2809641015494763E-03 a       423     0    22     1     3
  3.5299033532197689E-02 a       424     0    22     1     4
  9.5982990677459815E-02 a       425     0    22     1     5
 -4.2158480472110953E-02 a       426     0    22     1     6
 -6.8899782084651737E-02 a       427     0    22     1     7
 -3.4302081208523003E-02 a       428     0    22     1     8
 -1.3441260262149712E-02 a       429     0    22     1     9
  6.5757785925237414E-02 a       430     0    22     1    10
  2.2873078437626509E-02 a       431     0    22     1    11
  2.7227401258413917E-02 a       432     0    22     1    12
 -6.4376280629512769E-02 a       433     0    22     1    13
  4.6788063201412523E-02 a       434     0    22     1    14
 -4.4379851563876298E-02 a       435     0    22     1    15
 -5.3975908119401096E-02 a       436     0    22     1    16
 -6.1201697958423604E-02 a       437     0    22     1    17
 -2.7794896673755488E-02 a       438     0    22     1    18
 -6.9421686899071135E-03 a       439     0    22     1    19
  8.0875239862062173E-02 a       440     0    22     1    20
 -9.1217234669031658E-02 a       441     0    23     1     1
 -8.5558561799469329E-02 a       442     0    23     1     2
 -1.5953351713855146E-01 a       443     0    23     1     3
 -1.9214753884067473E-03 a       444     0    23     1     4
  3.3282995447906011E-01 a       445     0    23     1     5
 -8.3744230632767452E-02 a       446     0    23     1     6
  1.9150756900700783E-01 a       447     0    23     1     7
  1.5225551105458562E-02 a       448     0    23     1     8
 -7.0080932656848408E-02 a       449     0    23     1     9
 -5.1115325111365427E-02 a       450     0    23     1    10
  4.3456933353936932E-02 a       451     0    23     1    11
 -1.4474955753931863E-03 a       452     0    23     1    12
  2.9500703673228185E-01 a       453     0    23     1    13
 -2.7652549372174859E-02 a       454     0    23     1    14
  1.9480148890712995E-01 a       455     0    23     1    15
 -1.9554821608109629E-01 a       456     0    23     1    16
 -1.3209838558186532E-01 a       457     0    23     1    17
  9.1080044086074355E-02 a       458     0    23     1    18
  3.1722735194582907E-01 a       459     0    23     1    19
 -2.7127871155536587E-01 a       460     0    23     1    20
  3.4950720317823758E-02 a       461     0    24     1     1
 -1.6619065603271710E-01 a       462     0    24     1     2
  7.2637391202599821E-02 a       463     0    24     1     3
 -8.3938265705977344E-02 a       464     0    24     1     4
  3.5151998792433845E-02 a       465     0    24     1     5
  1.4742892210602536E-02 a       466     0    24     1     6
 -2.7551804487224340E-02 a       467     0    24     1     7
  5.2255593726630543E-02 a       468     0    24     1     8
 -2.0196407489570731E-02 a       469     0    24     1     9
  8.5542604867284849E-02 a       470     0    24     1    10
 -3.1810846294430234E-02 a       471     0    24     1    11
  8.0577777119228561E-02 a       472     0    24     1    12
 -9.5569613248884272E-02 a       473     0    24     1    13
 -6.6748845400115163E-03 a       474     0    24     1    14
 -3.0788299198446084E-02 a       475     0    24     1    15
 -2.7141188630514740E-01 a       476     0    24     1    16
 -1.0858588087570190E-02 a       477     0    24     1    17
 -4.2454905204414445E-02 a       478     0    24     1    18
 -9.0554734331873332E-02 a       479     0    24     1    19
  1.1383994832086261E-01 a       480     0    24     1    20
 -2.0738007706643531E-02 a       481     0    25     1     1
  1.0594365065519973E-02 a       482     0    25     1     2
  1.6152834960593828E-02 a       483     0    25     1     3
 -1.8363854266794308E-02 a       484     0    25     1     4
 -9.1832492723161560E-02 a       485     0    25     1     5
 -1.3426095111959480E-03 a       486     0    25     1     6
  4.8660604171491241E-02 a       487     0    25     1     7
  1.8749828552882077E-02 a       488     0    25     1     8
 -9.4463373908922899E-03 a       489     0    25     1     9
 -4.1915693134325818E-02 a       490     0    25     1    10
 -1.2709801232012515E-02 a       491     0    25     1    11
 -2.1296907603084994E-03 a       492     0    25     1    12
  5.6957196140288026E-02 a       493     0    25     1    13
  3.5906994555820401E-03 a       494     0    25     1    14
  2.4943550082311389E-02 a       495     0    25     1    15
  5.7558922608355288E-02 a       496     0    25     1    16
  3.5633780087093433E-02 a       497     0    25     1    17
  2.6246484799544331E-02 a       498     0    25     1    18
  8.6717500871590567E-03 a       499     0    25     1    19
 -6.0549178781752359E-02 a       500     0    25     1    20
  7.2549094570565548E-02 a       501     0    26     1     1
  3.5970651791424380E-01 a       502     0    26     1     2
  1.4209688494722494E-01 a       503     0    26     1     3
 -6.2675544957038207E-03 a       504     0    26     1     4
 -2.9970592867801166E-01 a       505     0    26     1     5
  1.0494763993479149E-02 a       506     0    26     1     6
 -1.4905535261780770E-01 a       507     0    26     1     7
 -2.8684909287085232E-02 a       508     0    26     1     8
 -2.6562752105412625E-02 a       509     0    26     1     9
  4.9600214043450684E-02 a       510     0    26     1    10
 -1.2629057864449342E-01 a       511     0    26     1    11
 -9.9737643774556919E-02 a       512     0    26     1    12
 -1.3768555087117512E-01 a       513     0    26     1    13
  7.1183045987139967E-02 a       514     0    26     1    14
 -1.2183143235129498E-01 a       515     0    26     1    15
  1.6883243151178637E-01 a       516     0    26     1    16
  5.0606329749814258E-02 a       517     0    26     1    17
 -6.0129173860815295E-02 a       518     0    26     1    18
 -9.0015606521926667E-02 a       519     0    26     1    19
  1.0724515590477170E-01 a       520     0    26     1    20
 -2.1888201708036400E-02 a       521     0    27     1     1
  9.0185676586023514E-02 a       522     0    27     1     2
 -7.3793490761853126E-02 a       523     0    27     1     3
  3.9850098589055603E-02 a       524     0    27     1     4
 -1.6396080736810752E-02 a       525     0    27     1     5
 -6.3226967828040395E-02 a       526     0    27     1     6
 -3.7278565017215265E-04 a       527     0    27     1     7
 -2.4871373000395002E-02 a       528     0    27     1     8
  2.2486250701861926E-02 a       529     0    27     1     9
 -9.0360637608274452E-02 a       530     0    27     1    10
 -2.5441581028986218E-02 a       531     0    27     1    11
 -1.4064070609776148E-02 a       532     0    27     1    12
  2.7616308854505969E-02 a       533     0    27     1    13
 -1.4848986330871665E-02 a       534     0    27     1    14
 -1.1516102374660504E-02 a       535     0    27     1    15
  1.0878931438456529E-01 a       536     0    27     1    16
  2.8809197793220772E-02 a       537     0    27     1    17
  9.0780699319787606E-02 a       538     0    27     1    18
  1.4222900377259834E-01 a       539     0    27     1    19
 -3.9789421637944446E-02 a       540     0    27     1    20
  1.0075219497844151E-02 a       541     0    28     1     1
 -1.4365669938113865E-02 a       542     0    28     1     2
  8.0655721118002652E-03 a       543     0    28     1     3
 -8.4432412564426618E-04 a       544     0    28     1     4
  3.4844073679417963E-02 a       545     0    28     1     5
  2.8098633334186149E-03 a       546     0    28     1     6
 -1.6710754881107574E-02 a       547     0    28     1     7
 -8.5618790671196290E-03 a       548     0    28     1     8
 -1.3776118285199655E-03 a       549     0    28     1     9
  3.8252321700500441E-02 a       550     0    28     1    10
  2.8549241785938210E-02 a       551     0    28     1    11
 -1.0739620568445934E-02 a       552     0    28     1    12
 -1.0515862958617426E-02 a       553     0    28     1    13
  1.3344489792422627E-02 a       554     0    28     1    14
  7.5730804415230016E-03 a       555     0    28     1    15
 -2.7532357180796455E-02 a       556     0    28     1    16
 -3.1550017349014386E-02 a       557     0    28     1    17
 -4.4536211537726342E-02 a       558     0    28     1    18
 -3.9872798144019624E-02 a       559     0    28     1    19
  2.4476198716185015E-02 a       560     0    28     1    20
 -4.2179532316694322E-02 a       561     0    29     1     1
  6.2889143285190770E-03 a       562     0    29     1     2
 -7.7899915898295174E-02 a       563     0    29     1     3
  2.2580109064823536E-02 a       564     0    29     1     4
  1.0722181375075335E-01 a       565     0    29     1     5
  8.1823473895568308E-02 a       566     0    29     1     6
  5.4760381198859204E-02 a       567     0    29     1     7
  3.9859390428400726E-02 a       568     0    29     1     8
  1.9751083132270156E-02 a       569     0    29     1     9
 -5.8001921605763875E-02 a       570     0    29     1    10
  1.5968660642066847E-02 a       571     0    29     1    11
  1.2453630762150798E-02 a       572     0    29     1    12
 -3.4600131774613081E-02 a       573     0    29     1    13
 -4.6331632258577359E-02 a       574     0    29     1    14
  4.5041437043256527E-02 a       575     0    29     1    15
 -6.2900325934477169E-02 a       576     0    29     1    16
 -4.2128983377916117E-02 a       577     0    29     1    17
  3.9003456053311523E-03 a       578     0    29     1    18
 -4.4532512013643152E-02 a       579     0    29     1    19
 -9.8776866305721380E-03 a       580     0    29     1    20
  7.5228712165869398E-03 a       581     0    30     1     1
 -3.3458417809952352E-02 a       582     0    30     1     2
  3.4649854718874731E-02 a       583     0    30     1     3
 -1.4444790827797534E-02 a       584     0    30     1     4
  1.9283595724561953E-02 a       585     0    30     1     5
  5.2327939021707515E-02 a       586     0    30     1     6
  1.4258007303852745E-03 a       587     0    30     1     7
  1.7513587452766117E-02 a       588     0    30     1     8
 -5.2546827055194971E-03 a       589     0    30     1     9
  3.5987532898745872E-02 a       590     0    30     1    10
  4.5157314133011687E-03 a       591     0    30     1    11
  3.0384610151807843E-03 a       592     0    30     1    12
 -2.3354343269793579E-02 a       593     0    30     1    13
 -5.7959161507551713E-03 a       594     0    30     1    14
 -1.9486045803087072E-03 a       595     0    30     1    15
 -5.3387258568812400E-02 a       596     0    30     1    16
 -9.8433967010587518E-04 a       597     0    30     1    17
 -3.4943989714105471E-02 a       598     0    30     1    18
 -8.2847749015609706E-02 a       599     0    30     1    19
  2.0130386198208155E-02 a       600     0    30     1    20
 -1.7205965521707570E-02 a       601     0    31     1     1
 -1.1004553750065425E-02 a       602     0    31     1     2
 -1.2037579444002074E-01 a       603     0    31     1     3
  3.4894467724799191E-02 a       604     0    31     1     4
  1.1959388424934490E-01 a       605     0    31     1     5
 -9.7696044809692406E-02 a       606     0    31     1     6
 -7.5939364147016991E-02 a       607     0    31     1     7
 -4.3629008473556982E-02 a       608     0    31     1     8
  8.0401701472533824E-02 a       609     0    31     1     9
 -4.6160994159797263E-02 a       610     0    31     1    10
 -2.0808437331676182E-02 a       611     0    31     1    11
  1.5576066043874270E-01 a       612     0    31     1    12
 -5.3221105154443386E-02 a       613     0    31     1    13
 -3.6538298906498075E-02 a       614     0    31     1    14
 -5.2847550623000068E-02 a       615     0    31     1    15
 -3.0441118944038986E-02 a       616     0    31     1    16
  3.3726190328523649E-02 a       617     0    31     1    17
  8.1457252793375221E-02 a       618     0    31     1    18
  1.2449054750165713E-01 a       619     0    31     1    19
  4.4677830182209749E-02 a       620     0    31     1    20
  2.1009050885334268E-01 a       621     0    32     1     1
  2.9701940491193696E-01 a       622     0    32     1     2
 -5.7729769233894479E-01 a       623     0    32     1     3
  3.1629980985174544E-01 a       624     0    32     1     4
 -3.7012050717037348E-01 a       625     0    32     1     5
 -6.3819509382397874E-02 a       626     0    32     1     6
 -4.9814980494828820E-01 a       627     0    32     1     7
 -6.8974947827069269E-02 a       628     0    32     1     8
 -1.6175280890858061E-02 a       629     0    32     1     9
 -1.8353922798237479E-01 a       630     0    32     1    10
 -2.6393679828496630E-01 a       631     0    32     1    11
 -2.4489302891349457E-01 a       632     0    32     1    12
 -1.3899206502242054E-02 a       633     0    32     1    13
  2.8377315571022360E-01 a       634     0    32     1    14
 -1.7647530712016110E-01 a       635     0    32     1    15
 -4.4885130064358153E-01 a       636     0    32     1    16
 -7.2056197196379485E-02 a       637     0    32     1    17
  1.0447436267616865E-01 a       638     0    32     1    18
  7.0768096114153112E-01 a       639     0    32     1    19
 -1.4017609984070012E-01 a       640     0    32     1    20
  3.0759598790647741E-02 a       641     0    33     1     1
 -8.9817441517014915E-02 a       642     0    33     1     2
 -6.4707660173331585E-02 a       643     0    33     1     3
 -4.6633922548303841E-02 a       644     0    33     1     4
 -7.9331766883238425E-02 a       645     0    33     1     5
  3.7732324305506511E-04 a       646     0    33     1     6
  4.5624470622183930E-02 a       647     0    33     1     7
  9.6051045405296106E-04 a       648     0    33     1     8
 -3.1923266568026520E-02 a       649     0    33     1     9
  3.0190871576712859E-03 a       650     0    33     1    10
 -1.8208350178197181E-02 a       651     0    33     1    11
 -8.1367478939909380E-02 a       652     0    33     1    12
  1.1626522407670355E-01 a       653     0    33     1    13
 -1.6501035430695064E-02 a       654     0    33     1    14
 -5.8723332472863515E-03 a       655     0    33     1    15
 -3.7945119530823156E-02 a       656     0    33     1    16
  3.6753827919194793E-02 a       657     0    33     1    17
  2.2028823987311857E-02 a       658     0    33     1    18
  1.3215438424824358E-01 a       659     0    33     1    19
  8.4747956252214582E-03 a       660     0    33     1    20
  3.8369066830307053E-01 a       661     0    34     1     1
 -2.3430362168254101E-01 a       662     0    34     1     2
 -1.2899181708405403E+00 a       663     0    34     1     3
  1.7621289689097339E+00 a       664     0    34     1     4
  5.6769025008545693E-02 a       665     0    34     1     5
  2.7635044456987318E-01 a       666     0    34     1     6
 -6.0902974732800130E-01 a       667     0    34     1     7
 -2.2185966403865132E-01 a       668     0    34     1     8
  2.3259851340247081E-01 a       669     0    34     1     9
  1.0600854411537048E+00 a       670     0    34     1    10
 -2.8786494862177048E-01 a       671     0    34     1    11
 -2.2981481911190099E-01 a       672     0    34     1    12
 -2.9110950597585470E+00 a       673     0    34     1    13
 -4.3722093777696613E-01 a       674     0    34     1    14
 -9.2679996858667635E-01 a       675     0    34     1    15
  1.4261688009152698E-01 a       676     0    34     1    16
  1.1021921615081350E-01 a       677     0    34     1    17
 -3.0714049727206688E-01 a       678     0    34     1    18
  7.4793628321976680E-01 a       679     0    34     1    19
 -1.8726033877213927E-01 a       680     0    34     1    20
  2.1412802229251165E-01 a       681     0    35     1     1
  4.1146160909448165E-01 a       682     0    35     1     2
 -5.8665136201004020E-01 a       683     0    35     1     3
  3.1375549911921818E-01 a       684     0    35     1     4
 -2.3688497905396824E-01 a       685     0    35     1     5
 -1.8767765384785445E-01 a       686     0    35     1     6
 -2.0935274756355796E-01 a       687     0    35     1     7
 -1.7823177595244313E-01 a       688     0    35     1     8
  5.6170072534610017E-02 a       689     0    35     1     9
 -1.9338239688668907E-01 a       690     0    35     1    10
 -1.8258771188713788E-01 a       691     0    35     1    11
 -2.3487920250414665E-01 a       692     0    35     1    12
 -1.3940268482482671E-01 a       693     0    35     1    13
  2.0848860207194969E-01 a       694     0    35     1    14
  1.1470866745113772E-01 a       695     0    35     1    15
  2.4121531272464608E-01 a       696     0    35     1    16
 -1.5706732896008690E-01 a       697     0    35     1    17
 -8.7797463383717606E-02 a       698     0    35     1    18
  4.2444751904072064E-01 a       699     0    35     1    19
  3.2540143516174369E-01 a       700     0    35     1    20
 -1.9118539125485051E-01 a       701     0    36     1     1
  9.0371929121448008E-02 a       702     0    36     1     2
  6.3561650582738535E-02 a       703     0    36     1     3
 -1.7233776736318842E-02 a       704     0    36     1     4
  9.5605391795767464E-02 a       705     0    36     1     5
 -6.0297490217116771E-02 a       706     0    36     1     6
  1.0509626013322844E-02 a       707     0    36     1     7
 -1.5145626699213155E-01 a       708     0    36     1     8
  1.1982398249855632E-01 a       709     0    36     1     9
 -2.1290299605969232E-02 a       710     0    36     1    10
 -3.3581056500569251E-03 a       711     0    36     1    11
  8.8022838193536124E-02 a       712     0    36     1    12
 -1.1070925495774160E-01 a       713     0    36     1    13
 -1.3059831384817494E-01 a       714     0    36     1    14
  1.6671416875409253E-01 a       715     0    36     1    15
  1.2490815186456776E-02 a       716     0    36     1    16
 -5.2132783527660084E-02 a       717     0    36     1    17
  1.9903146672750675E-02 a       718     0    36     1    18
 -1.8474675289279496E-01 a       719     0    36     1    19
 -1.4573277090129590E-02 a       720     0    36     1    20
  1.3344060903104951E-01 a       721     0    37     1     1
  2.0440570678569736E-01 a       722     0    37     1     2
  3.0520679333022938E-01 a       723     0    37     1     3
 -8.5451492560133319E-02 a       724     0    37     1     4
 -2.4918745654127705E-01 a       725     0    37     1     5
  1.1181859874334983E-01 a       726     0    37     1     6
 -4.0376857703847024E-02 a       727     0    37     1     7
  1.1741989600797466E-01 a       728     0    37     1     8
 -1.5213357320805497E-02 a       729     0    37     1     9
 -7.4527739879015689E-02 a       730     0    37     1    10
 -1.8225625451274355E-01 a       731     0    37     1    11
 -2.2070811580371730E-01 a       732     0    37     1    12
 -3.7754925824266768E-02 a       733     0    37     1    13
  6.7981533220700212E-03 a       734     0    37     1    14
 -1.6605365973921791E-02 a       735     0    37     1    15
 -1.2078238091897587E-02 a       736     0    37     1    16
  5.0304376290396143E-02 a       737     0    37     1    17
  1.5101824075644005E-01 a       738     0    37     1    18
  1.6415473493514254E-02 a       739     0    37     1    19
  1.9866094269570980E-03 a       740     0    37     1    20
 -3.0362599665037269E-02 a       741     0    38     1     1
 -1.8657082702940339E-01 a       742     0    38     1     2
 -2.6876442959253327E-01 a       743     0    38     1     3
  1.5257753595586065E-01 a       744     0    38     1     4
  1.6024847546175700E-01 a       745     0    38     1     5
 -1.7562199258745356E-01 a       746     0    38     1     6
  1.6800060297020292E-01 a       747     0    38     1     7
  4.7548767730069538E-02 a       748     0    38     1     8
  6.5371060909158799E-03 a       749     0    38     1     9
 -2.0754169902927225E-01 a       750     0    38     1    10
 -1.1786968434910072E-02 a       751     0    38     1    11
  1.3608403749627118E-01 a       752     0    38     1    12
 -1.4871881975129844E-01 a       753     0    38     1    13
 -1.9226751336287828E-01 a       754     0    38     1    14
 -6.0091772561006252E-03 a       755     0    38     1    15
  1.1520159321315258E-01 a       756     0    38     1    16
  2.1820778217975519E-02 a       757     0    38     1    17
  1.1460290606417174E-01 a       758     0    38     1    18
  2.9575374386839509E-01 a       759     0    38     1    19
  2.1896514776527112E-01 a       760     0    38     1    20
 -1.0278989351822169E-01 a       761     0    39     1     1
  1.8444017526630432E-01 a       762     0    39     1     2
 -1.3365386564035894E-01 a       763     0    39     1     3
 -7.8682103357126026E-02 a       764     0    39     1     4
  3.1033939947957134E-01 a       765     0    39     1     5
 -2.2798075322742559E-01 a       766     0    39     1     6
 -1.8973783877997688E-01 a       767     0    39     1     7
  9.3043443913105636E-02 a       768     0    39     1     8
 -8.6312957852695313E-02 a       769     0    39     1     9
 -1.5439893678566741E-01 a       770     0    39     1    10
 -3.2411489955830028E-02 a       771     0    39     1    11
  2.2967932435807643E-02 a       772     0    39     1    12
 -2.1983317592918875E-01 a       773     0    39     1    13
  2.9780502921745070E-02 a       774     0    39     1    14
  7.7447309948045648E-02 a       775     0    39     1    15
  1.6000378159941381E-01 a       776     0    39     1    16
 -5.0215381246394991E-02 a       777     0    39     1    17
 -2.5698189274709595E-02 a       778     0    39     1    18
 -1.3912813368500834E-01 a       779     0    39     1    19
 -2.8393624343009249E-01 a       780     0    39     1    20
 -1.0386519904647165E+00 a       781     0    40     1     1
 -5.0488285473986330E-02 a       782     0    40     1     2
  1.2576383538406621E-01 a       783     0    40     1     3
 -2.7649486831816095E-01 a       784     0    40     1     4
  1.1823589957630301E+00 a       785     0    40     1     5
  2.4443371007991563E-01 a       786     0    40     1     6
 -6.4840689964999076E-01 a       787     0    40     1     7
  3.5152831786750410E-01 a       788     0    40     1     8
 -2.8311182547132147E-01 a       789     0    40     1     9
 -1.6677097885929397E+00 a       790     0    40     1    10
 -4.4032578692999735E-01 a       791     0    40     1    11
 -1.3174136885999472E+00 a       792     0    40     1    12
  5.0363134199579584E-01 a       793     0    40     1    13
  3.2047968414691880E-01 a       794     0    40     1    14
  8.8120275565715958E-02 a       795     0    40     1    15
  9.6127672892944083E-01 a       796     0    40     1    16
  3.0088547555948292E-01 a       797     0    40     1    17
 -4.7660881321950943E-01 a       798     0    40     1    18
 -3.1767750784181142E-01 a       799     0    40     1    19
  2.6784149434624366E-01 a       800     0    40     1    20
  9.4592779320252118E-02 a       801     0    41     1     1
 -2.0320037567898147E-01 a       802     0    41     1     2
 -2.9509904848986839E-02 a       803     0    41     1     3
  5.4971818778830728E-02 a       804     0    41     1     4
 -2.8925745693984199E-02 a       805     0    41     1     5
  1.3861974895879026E-01 a       806     0    41     1     6
 -1.9941927357174670E-02 a       807     0    41     1     7
  1.4741449653348132E-01 a       808     0    41     1     8
 -1.6896288799893500E-01 a       809     0    41     1     9
  1.8398674103079385E-01 a       810     0    41     1    10
 -9.6936983615608333E-02 a       811     0    41     1    11
  1.6405541840802590E-01 a       812     0    41     1    12
 -2.8657533878490482E-01 a       813     0    41     1    13
 -6.7462080329902419E-02 a       814     0    41     1    14
 -3.3721232691898567E-01 a       815     0    41     1    15
 -9.2913037341617669E-03 a       816     0    41     1    16
  5.6034873043030620E-02 a       817     0    41     1    17
  2.3020479028963082E-02 a       818     0    41     1    18
  3.9312284556359423E-01 a       819     0    41     1    19
  4.7687292613044101E-02 a       820     0    41     1    20
  3.0100835478712618E-01 a       821     0    42     1     1
  9.5576255429308060E-02 a       822     0    42     1     2
  1.2916802931977694E-01 a       823     0    42     1     3
  1.3397217929906466E-02 a       824     0    42     1     4
 -1.4068888750233727E-01 a       825     0    42     1     5
  1.9791191973588335E-01 a       826     0    42     1     6
 -2.8955882669246362E-02 a       827     0    42     1     7
  3.6863558927921797E-01 a       828     0    42     1     8
  5.5288497692642180E-03 a       829     0    42     1     9
  1.0053275159215266E-01 a       830     0    42     1    10
  1.4017175948995225E-01 a       831     0    42     1    11
 -7.2390530289468014E-02 a       832     0    42     1    12
  1.4435882275496829E-03 a       833     0    42     1    13
  1.0514197930173540E-01 a       834     0    42     1    14
 -2.5906859318641040E-01 a       835     0    42     1    15
 -4.7503935360844541E-03 a       836     0    42     1    16
  8.3895013354263553E-02 a       837     0    42     1    17
 -1.5635068506633870E-01 a       838     0    42     1    18
  5.5560846063794016E-02 a       839     0    42     1    19
  7.1777351127359904E-02 a       840     0    42     1    20
 -6.9092221676420491E-03 a       841     0    43     1     1
 -4.2342279367652058E-02 a       842     0    43     1     2
  3.5558253511260844E-02 a       843     0    43     1     3
 -4.2439450056694653E-02 a       844     0    43     1     4
 -1.1043368006942354E-02 a       845     0    43     1     5
  5.4827641016424462E-02 a       846     0    43     1     6
  4.1926118016093430E-02 a       847     0    43     1     7
  1.9581788904092259E-02 a       848     0    43     1     8
 -2.3690438824361275E-02 a       849     0    43     1     9
  7.4302326906865987E-02 a       850     0    43     1    10
  6.8638312385538497E-02 a       851     0    43     1    11
 -1.0341979641795087E-02 a       852     0    43     1    12
 -9.6755807776941621E-03 a       853     0    43     1    13
 -2.5543247539173671E-03 a       854     0    43     1    14
  2.3602770849236412E-02 a       855     0    43     1    15
 -5.6350392139091328E-02 a       856     0    43     1    16
 -3.0374115799527899E-02 a       857     0    43     1    17
 -7.6185324544822755E-02 a       858     0    43     1    18
 -2.1236015084929169E-01 a       859     0    43     1    19
 -6.4661293545257665E-03 a       860     0    43     1    20
  6.6313572757756541E-03 a       861     0    44     1     1
 -1.6991072461374557E-01 a       862     0    44     1     2
  2.1059548957553277E-02 a       863     0    44     1     3
 -1.4470572489654984E-01 a       864     0    44     1     4
  1.3738106686489812E-01 a       865     0    44     1     5
  2.1969570210565723E-01 a       866     0    44     1     6
  2.9999532057788571E-02 a       867     0    44     1     7
  1.2055815505304029E-01 a       868     0    44     1     8
 -1.9776983020825034E-02 a       869     0    44     1     9
  1.4478331016615090E-01 a       870     0    44     1    10
 -1.6075327722287350E-01 a       871     0    44     1    11
 -7.5430674783862257E-04 a       872     0    44     1    12
 -6.5669978835410869E-02 a       873     0    44     1    13
 -2.0791201652437821E-01 a       874     0    44     1    14
 -9.5934848156373070E-02 a       875     0    44     1    15
 -3.4625636433671614E-01 a       876     0    44     1    16
 -1.1333936179427380E-02 a       877     0    44     1    17
 -1.2778800346854896E-01 a       878     0    44     1    18
 -6.1310482136355531E-02 a       879     0    44     1    19
  9.8268448254559035E-02 a       880     0    44     1    20
 -3.1463088130749646E-03 a       881     0    45     1     1
  3.2395353787522223E-03 a       882     0    45     1     2
  3.4143179458990515E-02 a       883     0    45     1     3
  1.6265401122023175E-02 a       884     0    45     1     4
 -1.7077519697523417E-02 a       885     0    45     1     5
 -1.8998333200210035E-02 a       886     0    45     1     6
 -5.4140345469491105E-02 a       887     0    45     1     7
 -1.3046988940306616E-02 a       888     0    45     1     8
  4.1205178165730133E-02 a       889     0    45     1     9
 -2.2133612114322427E-02 a       890     0    45     1    10
 -7.1650245723475841E-03 a       891     0    45     1    11
 -1.1532118416749218E-02 a       892     0    45     1    12
  3.9827992938386757E-02 a       893     0    45     1    13
 -1.4255195207922393E-02 a       894     0    45     1    14
  2.9482048048946191E-02 a       895     0    45     1    15
  6.1434427264963426E-02 a       896     0    45     1    16
 -7.0319680654350059E-03 a       897     0    45     1    17
 -5.0573783591140184E-03 a       898     0    45     1    18
  6.7708727188378934E-02 a       899     0    45     1    19
 -2.1542558250284959E-02 a       900     0    45     1    20
 -2.7916987642758018E-01 a       901     0    46     1     1
  1.8555710148297838E-01 a       902     0    46     1     2
  4.8446029116797512E-01 a       903     0    46     1     3
 -5.3037458997320996E-01 a       904     0    46     1     4
  6.1798025940806900E-01 a       905     0    46     1     5
  7.7111854675844393E-01 a       906     0    46     1     6
 -3.5867760127893999E-01 a       907     0    46     1     7
  2.6034505805346214E-01 a       908     0    46     1     8
  1.9875543438789919E-01 a       909     0    46     1     9
  1.1402411957481813E-01 a       910     0    46     1    10
 -6.1737634803102004E-01 a       911     0    46     1    11
 -5.8465309083546113E-01 a       912     0    46     1    12
  5.8957614651999291E-01 a       913     0    46     1    13
 -1.0623371330279070E-01 a       914     0    46     1    14
  2.4763098050245899E-01 a       915     0    46     1    15
 -4.5860543909700530E-01 a       916     0    46     1    16
  1.7240017127859125E-01 a       917     0    46     1    17
 -6.2851360490406771E-01 a       918     0    46     1    18
 -5.1269758113081509E-01 a       919     0    46     1    19
 -1.0636023929411982E-01 a       920     0    46     1    20
  4.3778486460157001E-02 a       921     0    47     1     1
 -5.5018645657154042E-01 a       922     0    47     1     2
 -1.7381410691249782E-01 a       923     0    47     1     3
 -2.0129504861014047E-01 a       924     0    47     1     4
  4.1846747689364577E-01 a       925     0    47     1     5
  3.0903574856975990E-01 a       926     0    47     1     6
 -2.7757282898968954E-03 a       927     0    47     1     7
  3.0298055348701142E-01 a       928     0    47     1     8
  4.7062942845765295E-02 a       929     0    47     1     9
  1.9026853851262271E-01 a       930     0    47     1    10
 -1.2265130682588737E-01 a       931     0    47     1    11
  1.7633667287635718E-01 a       932     0    47     1    12
 -3.5606128211738497E-01 a       933     0    47     1    13
 -5.3700858360986037E-01 a       934     0    47     1    14
 -2.0843841623273163E-01 a       935     0    47     1    15
 -1.5212653423526334E-01 a       936     0    47     1    16
  1.5874553221305193E-01 a       937     0    47     1    17
 -2.2272524466049420E-01 a       938     0    47     1    18
  1.1219807010918727E-01 a       939     0    47     1    19
  3.0089555461715806E-01 a       940     0    47     1    20
  3.9015740533007985E-02 a       941     0    48     1     1
 -1.1409376140354925E-01 a       942     0    48     1     2
 -1.5173369571825321E-02 a       943     0    48     1     3
  4.2432563031197960E-02 a       944     0    48     1     4
  1.0111656528239038E-01 a       945     0    48     1     5
  5.4379968672422264E-02 a       946     0    48     1     6
  2.4803550793738804E-02 a       947     0    48     1     7
  2.8439331592212035E-02 a       948     0    48     1     8
 -3.6904618202613620E-02 a       949     0    48     1     9
  6.0572136274259468E-02 a       950     0    48     1    10
  3.6859206675910659E-02 a       951     0    48     1    11
 -7.6740635909682935E-03 a       952     0    48     1    12
 -3.8150909462321712E-02 a       953     0    48     1    13
  3.4125536259378320E-03 a       954     0    48     1    14
 -4.8330328526834651E-02 a       955     0    48     1    15
 -6.2239971920462399E-02 a       956     0    48     1    16
 -1.9781469532067662E-04 a       957     0    48     1    17
 -3.3163666947888033E-02 a       958     0    48     1    18
 -1.4129150150135317E-01 a       959     0    48     1    19
  3.6466882028849630E-02 a       960     0    48     1    20
 -1.5617749128917224E-01 a       961     0    49     1     1
 -1.1629643941645636E-01 a       962     0    49     1     2
 -3.3483810754050386E-01 a       963     0    49     1     3
  5.5391308173171304E-02 a       964     0    49     1     4
  1.0202769456885637E-01 a       965     0    49     1     5
 -7.9081250324033611E-02 a       966     0    49     1     6
  4.1983186913794233E-02 a       967     0    49     1     7
 -9.5604094278598131E-02 a       968     0    49     1     8
 -1.1329611311739386E-02 a       969     0    49     1     9
 -6.0773954725806406E-03 a       970     0    49     1    10
  1.7536802620647055E-01 a       971     0    49     1    11
  1.3012765226738440E-01 a       972     0    49     1    12
  5.8460857887808186E-02 a       973     0    49     1    13
  1.8213815964781180E-02 a       974     0    49     1    14
  1.1563946327516707E-02 a       975     0    49     1    15
  4.2038101954409358E-02 a       976     0    49     1    16
 -8.0018279057809547E-02 a       977     0    49     1    17
 -1.4138069329553338E-01 a       978     0    49     1    18
  1.0232849462664976E-02 a       979     0    49     1    19
 -5.3005945388707905E-02 a       980     0    49     1    20
 -2.6565368229429672E-02 a       981     0    50     1     1
  1.5128333244011791E-01 a       982     0    50     1     2
  1.0723381667957006E-01 a       983     0    50     1     3
 -7.5972308926794310E-02 a       984     0    50     1     4
 -7.6006966662472419E-02 a       985     0    50     1     5
  6.7916692275283838E-02 a       986     0    50     1     6
 -9.8624748442499906E-03 a       987     0    50     1     7
 -5.1287712028408899E-02 a       988     0    50     1     8
  5.0955202590123073E-04 a       989     0    50     1     9
  8.0259009589952232E-02 a       990     0    50     1    10
 -1.0231057002162628E-02 a       991     0    50     1    11
 -8.7296422320640707E-02 a       992     0    50     1    12
  1.2817209709042635E-01 a       993     0    50     1    13
  5.1374969110483337E-02 a       994     0    50     1    14
  4.4106122729183780E-02 a       995     0    50     1    15
  4.8865524944637660E-02 a       996     0    50     1    16
  1.7109114497905996E-02 a       997     0    50     1    17
 -2.0047433968126280E-02 a       998     0    50     1    18
 -8.6021932058861342E-02 a       999     0    50     1    19
 -1.8891626898582295E-01 a      1000     0    50     1    20
  1.6310324477438931E-01 a      1001     0    51     1     1
 -2.3721209508556410E-01 a      1002     0    51     1     2
  8.5236901808636814E-02 a      1003     0    51     1     3
  8.6276273282338639E-02 a      1004     0    51     1     4
 -1.1184134833023805E-01 a      1005     0    51     1     5
  1.7401252138239071E-01 a      1006     0    51     1     6
  2.2096335209733253E-01 a      1007     0    51     1     7
 -7.8190519689184085E-02 a      1008     0    51     1     8
  7.9624701462691808E-02 a      1009     0    51     1     9
  1.7782767598812108E-01 a      1010     0    51     1    10
  3.7509848638475146E-02 a      1011     0    51     1    11
 -4.4347741706552250E-02 a      1012     0    51     1    12
  1.8014058508851327E-01 a      1013     0    51     1    13
 -1.8167715049668562E-01 a      1014     0    51     1    14
 -3.8359768885276639E-02 a      1015     0    51     1    15
 -6.9250384730032935E-02 a      1016     0    51     1    16
  9.5269583640220021E-02 a      1017     0    51     1    17
  8.3817772364907964E-02 a      1018     0    51     1    18
  1.7551188484821384E-01 a      1019     0    51     1    19
  1.9197171562931387E-01 a      1020     0    51     1    20
  8.1792334782682097E-01 a      1021     0    52     1     1
 -5.0180436995406696E-01 a      1022     0    52     1     2
 -7.9427880996272959E-02 a      1023     0    52     1     3
  7.9368730890577244E-01 a      1024     0    52     1     4
 -1.6548840593479983E-01 a      1025     0    52     1     5
 -7.0399845418311013E-01 a      1026     0    52     1     6
  3.5675359547218616E-01 a      1027     0    52     1     7
 -5.5530185739705784E-01 a      1028     0    52     1     8
 -2.0132783415157082E-01 a      1029     0    52     1     9
  1.3016583873775545E+00 a      1030     0    52     1    10
  2.5217495514358113E-01 a      1031     0    52     1    11
  4.3007700019810668E-01 a      1032     0    52     1    12
  1.3612011768997623E-01 a      1033     0    52     1    13
  4.7151888993583047E-01 a      1034     0    52     1    14
 -3.1936506647411919E-02 a      1035     0    52     1    15
 -7.2735439473558661E-01 a      1036     0    52     1    16
 -7.1910502854619973E-01 a      1037     0    52     1    17
  4.6854436332227085E-02 a      1038     0    52     1    18
  7.5726484259887461E-01 a      1039     0    52     1    19
 -3.1225357503870582E-01 a      1040     0    52     1    20
 -5.4903748785022861E-02 a      1041     0    53     1     1
  1.5063397831849670E-02 a      1042     0    53     1     2
 -2.9601831870905645E-02 a      1043     0    53     1     3
 -7.1689800813231314E-02 a      1044     0    53     1     4
 -4.7489466994254928E-03 a      1045     0    53     1     5
 -8.5058150049407311E-02 a      1046     0    53     1     6
  1.3593083650327697E-03 a      1047     0    53     1     7
 -6.1882855002868505E-02 a      1048     0    53     1     8
  9.8970656841875559E-02 a      1049     0    53     1     9
 -1.0877623496793652E-01 a      1050     0    53     1    10
  5.1416956894222217E-02 a      1051     0    53     1    11
 -4.8520552854124793E-02 a      1052     0    53     1    12
  1.6364600837269369E-01 a      1053     0    53     1    13
  7.3447970093125162E-03 a      1054     0    53     1    14
  1.5783291661207330E-01 a      1055     0    53     1    15
 -3.3368452701883398E-02 a      1056     0    53     1    16
 -4.0775709692926883E-02 a      1057     0    53     1    17
  1.6510011576678530E-03 a      1058     0    53     1    18
 -1.6163654803752034E-01 a      1059     0    53     1    19
  2.0866120349094146E-03 a      1060     0    53     1    20
 -1.8722600644786369E-01 a      1061     0    54     1     1
 -1.1746621055910680E-01 a      1062     0    54     1     2
 -8.4878216444507909E-02 a      1063     0    54     1     3
  5.8643201000647101E-03 a      1064     0    54     1     4
  6.2712747859634183E-02 a      1065     0    54     1     5
 -1.5623975836646900E-01 a      1066     0    54     1     6
  4.5656106934373483E-02 a      1067     0    54     1     7
 -2.4714680949929396E-01 a      1068     0    54     1     8
 -8.5885811753833835E-02 a      1069     0    54     1     9
 -4.1366192759346512E-02 a      1070     0    54     1    10
 -8.1638226842150122E-02 a      1071     0    54     1    11
  3.5117716382267516E-02 a      1072     0    54     1    12
  4.3847117666444550E-02 a      1073     0    54     1    13
  4.2721509292299710E-02 a      1074     0    54     1    14
  1.4222328947370214E-01 a      1075     0    54     1    15
 -2.3656420297309858E-02 a      1076     0    54     1    16
 -9.4788816951443658E-02 a      1077     0    54     1    17
  6.5175960719602452E-02 a      1078     0    54     1    18
 -3.4838156473424663E-02 a      1079     0    54     1    19
 -2.4157077054190512E-02 a      1080     0    54     1    20
  4.0240310993938211E-02 b      1081     1     1
 -7.0453961315795699E-01 b      1082     1     2
  7.2489663792980319E-01 b      1083     1     3
  1.2378664875889240E+00 b      1084     1     4
  1.0786377666149536E+00 b      1085     1     5
  4.9652517601154611E-01 b      1086     1     6
 -6.8039660330837615E-01 b      1087     1     7
 -8.4792338385316712E-01 b      1088     1     8
  4.0615608774574014E-01 b      1089     1     9
 -2.5704255130323661E-01 b      1090     1    10
  5.5673218160131066E-01 b      1091     1    11
 -2.8153280798460262E-01 b      1092     1    12
  9.3297332468492089E-01 b      1093     1    13
  1.5372300353803869E-01 b      1094     1    14
  2.5591811737266307E-01 b      1095     1    15
 -5.6742082275644667E-01 b      1096     1    16
 -1.1104229970569535E+00 b      1097     1    17
  5.8312303319024757E-03 b      1098     1    18
 -8.3149131166466050E-01 b      1099     1    19
 -1.0123923110697322E+00 b      1100     1    20
  6.0940459332377217E-01 a      1101     1     1     2     1
  1.4258706376577609E-02 a      1102     1     1     2     2
 -3.7428314446729616E-01 a      1103     1     1     2     3
  5.7348060418055895E-02 a      1104     1     1     2     4
  4.3112093807263979E-01 a      1105     1     1     2     5
  5.7754791459696830E-01 a      1106     1     1     2     6
  5.9342117702786812E-01 a      1107     1     1     2     7
 -4.3696365599894516E-01 a      1108     1     1     2     8
 -8.0905756814629048E-01 a      1109     1     1     2     9
 -4.0072429237824653E-01 a      1110     1     1     2    10
 -7.7875197786557951E-02 a      1111     1     1     2    11
 -5.3001878914541678E-01 a      1112     1     1     2    12
 -9.0519985807131753E-01 a      1113     1     1     2    13
 -3.6272208053828137E-01 a      1114     1     1     2    14
 -5.4229213926159114E-01 a      1115     1     1     2    15
  2.9879914234598676E-01 a      1116     1     1     2    16
 -5.9922221388631847E-01 a      1117     1     1     2    17
  3.2691270910877362E-01 a      1118     1     1     2    18
 -5.3417062758969591E-01 a      1119     1     1     2    19
  2.4804113716280893E-01 a      1120     1     1     2    20
 -4.4810526724827643E-01 a      1121     1     2     2     1
 -4.9814853176679919E-01 a      1122     1     2     2     2
  3.6442220001154699E-02 a      1123     1     2     2     3
 -1.6523594724974000E-01 a      1124     1     2     2     4
  4.8925736416571119E-01 a      1125     1     2     2     5
 -9.4191298617261332E-02 a      1126     1     2     2     6
  1.4028339589119665E-01 a      1127     1     2     2     7
 -1.0494234202216955E-01 a      1128     1     2     2     8
  1.2847376557615331E-01 a      1129     1     2     2     9
 -1.1661488549423543E-01 a      1130     1     2     2    10
 -1.1180212365367073E+00 a      1131     1     2     2    11
 -5.0618898691846292E-01 a      1132     1     2     2    12
 -2.8845986181101013E-01 a      1133     1     2     2    13
 -3.6008934212923283E-01 a      1134     1     2     2    14
  4.7616883654653053E-01 a      1135     1     2     2    15
  2.1406991165438016E-01 a      1136     1     2     2    16
 -5.0192258949067037E-01 a      1137     1     2     2    17
 -7.1340068871337747E-01 a      1138     1     2     2    18
 -8.2822544244249688E-02 a      1139     1     2     2    19
  6.5829183088663368E-01 a      1140     1     2     2    20
 -8.6018515862862563E-03 a      1141     1     3     2     1
  1.6709309743814932E-01 a      1142     1     3     2     2
  4.1847976771103734E-01 a      1143     1     3     2     3
 -2.3799287491104035E-01 a      1144     1     3     2     4
  2.9150881735742307E-01 a      1145     1     3     2     5
  6.5638867765687259E-01 a      1146     1     3     2     6
  2.4328714431445295E-01 a      1147     1     3     2     7
  8.6328418306996779E-01 a      1148     1     3     2     8
 -6.1400377697918906E-01 a      1149     1     3     2     9
  1.9788269499117175E-01 a      1150     1     3     2    10
  1.7621547445875359E-02 a      1151     1     3     2    11
  8.6358706621307457E-01 a      1152     1     3     2    12
 -4.1926835941035295E-01 a      1153     1     3     2    13
  7.3481695997766905E-01 a      1154     1     3     2    14
  1.4453615421831326E-01 a      1155     1     3     2    15
  5.4240607788727210E-04 a      1156     1     3     2    16
  6.3865334860426293E-01 a      1157     1     3     2    17
 -1.6246542300576344E-01 a      1158     1     3     2    18
  3.0867746354524300E-01 a      1159     1     3     2    19
 -4.2655592880278104E-01 a      1160     1     3     2    20
 -3.4379976592065625E-01 a      1161     1     4     2     1
 -1.8481920973898958E-01 a      1162     1     4     2     2
  5.2302882712916288E-01 a      1163     1     4     2     3
  4.3336454040366140E-01 a      1164     1     4     2     4
  4.6780106266636579E-01 a      1165     1     4     2     5
 -4.7009383353588063E-01 a      1166     1     4     2     6
 -3.0408643014821557E-01 a      1167     1     4     2     7
  1.8785522234937052E-01 a      1168     1     4     2     8
 -3.9414580966415391E-01 a      1169     1     4     2     9
  3.0059587081937722E-01 a      1170     1     4     2    10
 -1.5416245448625023E+00 a      1171     1     4     2    11
  2.3642236751119827E-01 a      1172     1     4     2    12
  1.9059540744384515E-01 a      1173     1     4     2    13
 -5.7326328569930096E-01 a      1174     1     4     2    14
  8.2441313990981424E-01 a      1175     1     4     2    15
 -5.6183803190571369E-01 a      1176     1     4     2    16
  2.5731899426651533E-01 a      1177     1     4     2    17
 -5.9699266158833886E-01 a      1178     1     4     2    18
  4.2678738163517616E-01 a      1179     1     4     2    19
  1.6729036385620485E-01 a      1180     1     4     2    20
  8.6370463559421717E-01 a      1181     1     5     2     1
 -8.4517316299885581E-01 a      1182     1     5     2     2
  6.8426666729760122E-01 a      1183     1     5     2     3
 -7.9985138532107730E-02 a      1184     1     5     2     4
 -1.2171557397382162E+00 a      1185     1     5     2     5
  9.9357101700520561E-02 a      1186     1     5     2     6
  3.6783944403620879E-02 a      1187     1     5     2     7
  4.6148413738820387E-01 a      1188     1     5     2     8
  5.8767281966086393E-01 a      1189     1     5     2     9
  5.0765000307475949E-01 a      1190     1     5     2    10
  6.8413396809291005E-01 a      1191     1     5     2    11
 -1.3420071436138525E-01 a      1192     1     5     2    12
 -3.4775492247266204E-01 a      1193     1     5     2    13
  6.2638154525513967E-01 a      1194     1     5     2    14
 -4.9457562889684076E-01 a      1195     1     5     2    15
 -2.6681145929777533E-03 a      1196     1     5     2    16
 -2.9861783194971986E-01 a      1197     1     5     2    17
  3.4378171666941093E-01 a      1198     1     5     2    18
 -1.0122646384865296E-01 a      1199     1     5     2    19
 -4.3439628708922395E-01 a      1200     1     5     2    20
  1.6113045155587136E-01 a      1201     1     6     2     1
  9.2708441146198295E-01 a      1202     1     6     2     2
 -7.8954474039337752E-01 a      1203     1     6     2     3
 -6.8905560753156592E-01 a      1204     1     6     2     4
 -2.7793613353626828E-01 a      1205     1     6     2     5
  1.6728723756449748E-01 a      1206     1     6     2     6
  1.7592934843837377E-01 a      1207     1     6     2     7
  3.9869671243685118E-01 a      1208     1     6     2     8
 -2.4399752165649241E-01 a      1209     1     6     2     9
  3.2648269708260536E-01 a      1210     1     6     2    10
 -8.7761729540420275E-02 a      1211     1     6     2    11
  9.6161691457840440E-02 a      1212     1     6     2    12
  2.3751291887134315E-01 a      1213     1     6     2    13
  3.0171451158776047E-01 a      1214     1     6     2    14
 -4.9400721332218417E-01 a      1215     1     6     2    15
  8.1116734953455982E-01 a      1216     1     6     2    16
  3.1597089552738761E-01 a      1217     1     6     2    17
 -6.0320335859991213E-02 a      1218     1     6     2    18
 -1.0589707626635372E-01 a      1219     1     6     2    19
  1.3111464764634312E-01 a      1220     1     6     2    20
 -6.4987358935503436E-01 a      1221     1     7     2     1
 -6.9845803310813237E-01 a      1222     1     7     2     2
 -3.1775525834991070E-01 a      1223     1     7     2     3
  3.3228715657268626E-01 a      1224     1     7     2     4
  1.3359601654554067E+00 a      1225     1     7     2     5
 -2.3199894775557781E-01 a      1226     1     7     2     6
 -4.6491666189528609E-02 a      1227     1     7     2     7
 -3.4459902956054494E-01 a      1228     1     7     2     8
 -7.9505873393567805E-01 a      1229     1     7     2     9
  8.1574678015857638E-01 a      1230     1     7     2    10
 -1.1503115522233411E-01 a      1231     1     7     2    11
  4.5591092929234950E-01 a      1232     1     7     2    12
 -6.3120507924888913E-01 a      1233     1     7     2    13
 -9.8809469607688438E-02 a      1234     1     7     2    14
 -4.7790206285802678E-01 a      1235     1     7     2    15
  1.5822892439572162E-01 a      1236     1     7     2    16
  9.4458269031081510E-02 a      1237     1     7     2    17
  6.5911582148607761E-01 a      1238     1     7     2    18
  5.2781914036911202E-02 a      1239     1     7     2    19
 -2.5309450086800511E-01 a      1240     1     7     2    20
 -1.5353386955577500E-01 a      1241     1     8     2     1
 -5.0051619012003912E-01 a      1242     1     8     2     2
  1.1746669189831169E+00 a      1243     1     8     2     3
 -3.6492633140682552E-02 a      1244     1     8     2     4
 -5.8709110738089587E-01 a      1245     1     8     2     5
 -1.3322380407963872E+00 a      1246     1     8     2     6
 -1.0476060106215326E-01 a      1247     1     8     2     7
 -3.0074457233493790E-01 a      1248     1     8     2     8
 -3.1080072873965486E-01 a      1249     1     8     2     9
 -5.1197672374735725E-01 a      1250     1     8     2    10
 -1.7777415158053278E-01 a      1251     1     8     2    11
 -3.6368591937371253E-01 a      1252     1     8     2    12
 -1.8359026465790634E-01 a      1253     1     8     2    13
  2.6052148242336581E-01 a      1254     1     8     2    14
  8.5865316866718194E-02 a      1255     1     8     2    15
 -6.6491478951432606E-02 a      1256     1     8     2    16
  2.1430056808345868E-01 a      1257     1     8     2    17
 -5.1007621669154346E-01 a      1258     1     8     2    18
  4.5999044246005782E-01 a      1259     1     8     2    19
  3.5633245554882631E-01 a      1260     1     8     2    20
 -3.0222865791552067E-01 a      1261     1     9     2     1
 -2.4069998215966890E-01 a      1262     1     9     2     2
 -3.6054449801705513E-01 a      1263     1     9     2     3
  1.7480684321515105E-01 a      1264     1     9     2     4
 -6.2683422855671245E-01 a      1265     1     9     2     5
 -5.5626704451492270E-01 a      1266     1     9     2     6
  1.7348906214820514E-01 a      1267     1     9     2     7
  3.6673399984517463E-01 a      1268     1     9     2     8
 -7.1062853279088545E-01 a      1269     1     9     2     9
  4.3188160174735257E-01 a      1270     1     9     2    10
 -1.7485024606752639E-01 a      1271     1     9     2    11
 -5.3462023384917923E-01 a      1272     1     9     2    12
 -4.6172714643482493E-01 a      1273     1     9     2    13
 -5.7368243923141682E-01 a      1274     1     9     2    14
 -5.5590295962957059E-01 a      1275     1     9     2    15
  5.1484542902639285E-01 a      1276     1     9     2    16
 -1.1042531848716945E-01 a      1277     1     9     2    17
  6.5088790600386826E-01 a      1278     1     9     2    18
 -1.4865132632486228E-01 a      1279     1     9     2    19
 -5.5439717251999587E-01 a      1280     1     9     2    20
  1.1940361053115517E-01 a      1281     1    10     2     1
  2.1240832178915220E-01 a      1282     1    10     2     2
  3.2502081522891496E-01 a      1283     1    10     2     3
  1.6012562608710057E-01 a      1284     1    10     2     4
 -4.2978207075910091E-01 a      1285     1    10     2     5
 -7.7403909151114436E-01 a      1286     1    10     2     6
  1.9281644269566720E-01 a      1287     1    10     2     7
 -7.3909971487217085E-01 a      1288     1    10     2     8
 -3.0239168223355628E-01 a      1289     1    10     2     9
  3.8468165448952341E-01 a      1290     1    10     2    10
 -5.7528813032997206E-01 a      1291     1    10     2    11
 -1.1536400136542418E-01 a      1292     1    10     2    12
 -1.6856032253866238E-01 a      1293     1    10     2    13
 -4.4669911510754889E-02 a      1294     1    10     2    14
  7.5796709479567537E-01 a      1295     1    10     2    15
 -5.9642029811914499E-01 a      1296     1    10     2    16
  6.9391340896537021E-02 a      1297     1    10     2    17
  1.0322551976599179E-01 a      1298     1    10     2    18
  4.4786022669411668E-01 a      1299     1    10     2    19
 -1.6542237543753335E-01 a      1300     1    10     2    20
 -7.5568353323624093E-01 a      1301     1    11     2     1
  2.0932319426752644E-01 a      1302     1    11     2     2
  5.3017981884863519E-01 a      1303     1    11     2     3
 -6.6141137866409616E-01 a      1304     1    11     2     4
  7.5445602888527097E-01 a      1305     1    11     2     5
  6.6478130564690929E-01 a      1306     1    11     2     6
 -5.9263279488647058E-01 a      1307     1    11     2     7
  6.4832142624928968E-01 a      1308     1    11     2     8
  1.6744960594671382E-01 a      1309     1    11     2     9
 -8.6784485043178775E-03 a      1310     1    11     2    10
 -5.4064075354895247E-01 a      1311     1    11     2    11
 -4.9398980833009765E-01 a      1312     1    11     2    12
  4.9260565497777864E-01 a      1313     1    11     2    13
 -7.1486387488964256E-02 a      1314     1    11     2    14
 -1.3066507236532579E-01 a      1315     1    11     2    15
  6.2713372421705049E-01 a      1316     1    11     2    16
 -2.5264174543479190E-01 a      1317     1    11     2    17
 -7.6720153166616500E-01 a      1318     1    11     2    18
  4.7363134439447402E-01 a      1319     1    11     2    19
  5.3051496953415955E-01 a      1320     1    11     2    20
 -1.1832093933007561E+00 a      1321     1    12     2     1
  5.2513601550040212E-01 a      1322     1    12     2     2
  1.5907062416880427E-01 a      1323     1    12     2     3
  4.5379969034989459E-01 a      1324     1    12     2     4
  2.5240938092216192E-01 a      1325     1    12     2     5
  1.2231402803132604E-01 a      1326     1    12     2     6
 -4.5291539577390916E-01 a      1327     1    12     2     7
 -3.2530095497840900E-01 a      1328     1    12     2     8
  3.8262659712900338E-01 a      1329     1    12     2     9
  4.8205873260804671E-01 a      1330     1    12     2    10
  7.9490413364560461E-02 a      1331     1    12     2    11
  3.3903887929729265E-01 a      1332     1    12     2    12
  6.2324286829264997E-02 a      1333     1    12     2    13
 -3.8164435514520367E-01 a      1334     1    12     2    14
  5.7617374257540910E-01 a      1335     1    12     2    15
 -3.8688791040716441E-01 a      1336     1    12     2    16
 -2.3533976384766292E-01 a      1337     1    12     2    17
 -1.0992526539885866E-01 a      1338     1    12     2    18
 -2.3641679253860018E-01 a      1339     1    12     2    19
  2.5170107198040487E-01 a      1340     1    12     2    20
 -1.6273649366959966E-01 a      1341     1    13     2     1
  2.1008986006158602E-02 a      1342     1    13     2     2
  1.7616563050398359E-01 a      1343     1    13     2     3
 -2.7280136683237105E-01 a      1344     1    13     2     4
  9.8587855332962970E-01 a      1345     1    13     2     5
 -2.7736368441385550E-01 a      1346     1    13     2     6
  2.7434492220237516E-01 a      1347     1    13     2     7
  4.1825441491880344E-01 a      1348     1    13     2     8
  3.0134467471075338E-01 a      1349     1    13     2     9
 -9.1729414472457874E-02 a      1350     1    13     2    10
 -3.6363591726495936E-01 a      1351     1    13     2    11
 -8.3823798076450917E-01 a      1352     1    13     2    12
 -4.7031421471082896E-01 a      1353     1    13     2    13
 -4.8454216363556341E-01 a      1354     1    13     2    14
 -4.2614556309554019E-01 a      1355     1    13     2    15
  5.1951773153247471E-01 a      1356     1    13     2    16
 -4.1358149971696667E-01 a      1357     1    13     2    17
  4.0048606434098838E-01 a      1358     1    13     2    18
 -3.4648689611678934E-01 a      1359     1    13     2    19
 -5.1706005570437308E-01 a      1360     1    13     2    20
 -4.9962936376633810E-01 a      1361     1    14     2     1
 -8.7805678382972860E-02 a      1362     1    14     2     2
 -2.7460774853256686E-01 a      1363     1    14     2     3
 -2.8932229593321318E-01 a      1364     1    14     2     4
 -7.0573161084219904E-01 a      1365     1    14     2     5
 -2.9259268080392986E-01 a      1366     1    14     2     6
 -5.1378353354578177E-01 a      1367     1    14     2     7
 -3.1754484078363920E-01 a      1368     1    14     2     8
  4.6712511742619300E-01 a      1369     1    14     2     9
 -1.1542871448090402E+00 a      1370     1    14     2    10
 -1.7837819980596950E-01 a      1371     1    14     2    11
  3.1265295023750067E-01 a      1372     1    14     2    12
  3.4493957191520935E-01 a      1373     1    14     2    13
 -2.9614506224362031E-02 a      1374     1    14     2    14
 -9.7990208291092029E-01 a      1375     1    14     2    15
  4.5372575377040181E-01 a      1376     1    14     2    16
  4.3137053199582948E-01 a      1377     1    14     2    17
  2.1455144827186695E-01 a      1378     1    14     2    18
 -1.0131689594952534E-01 a      1379     1    14     2    19
  3.2761539217578500E-01 a      1380     1    14     2    20
  2.2503029493496607E-01 a      1381     1    15     2     1
  1.4537756808394274E-02 a      1382     1    15     2     2
 -5.3142062175037907E-01 a      1383     1    15     2     3
 -2.7831363919354257E-01 a      1384     1    15     2     4
 -7.9905874249197695E-01 a      1385     1    15     2     5
 -6.4045566209277094E-01 a      1386     1    15     2     6
  2.7381349328519033E-01 a      1387     1    15     2     7
  1.7490928817316689E-01 a      1388     1    15     2     8
 -3.0359610586891422E-01 a      1389     1    15     2     9
  7.7255728302472770E-01 a      1390     1    15     2    10
 -1.6969706016642640E-02 a      1391     1    15     2    11
  9.9680100923667289E-02 a      1392     1    15     2    12
 -4.7269159215437034E-01 a      1393     1    15     2    13
 -9.6412327246663310E-01 a      1394     1    15     2    14
 -1.0522090267024115E-01 a      1395     1    15     2    15
 -1.3299029568237758E-01 a      1396     1    15     2    16
  2.8482852365625172E-01 a      1397     1    15     2    17
  6.7832135209271172E-01 a      1398     1    15     2    18
 -5.2288604494322703E-02 a      1399     1    15     2    19
 -2.2463735209603052E-02 a      1400     1    15     2    20
 -5.5072297074481502E-01 a      1401     1    16     2     1
  5.2353519276087068E-01 a      1402     1    16     2     2
  4.4393269859797885E-01 a      1403     1    16     2     3
  2.9401059588720257E-01 a      1404     1    16     2     4
  3.3440194102198928E-01 a      1405     1    16     2     5
 -1.4502736661881141E-01 a      1406     1    16     2     6
 -6.3564492904856928E-01 a      1407     1    16     2     7
 -1.7701082467549004E-01 a      1408     1    16     2     8
  4.0420728570826414E-01 a      1409     1    16     2     9
  4.0328590607022714E-02 a      1410     1    16     2    10
  6.2788425317991592E-01 a      1411     1    16     2    11
  2.9493803278979075E-01 a      1412     1    16     2    12
  4.1592990419625331E-01 a      1413     1    16     2    13
  8.7697370757512572E-01 a      1414     1    16     2    14
 -2.8135490253952955E-01 a      1415     1    16     2    15
 -4.6545902580451137E-01 a      1416     1    16     2    16
  7.9085587233948776E-02 a      1417     1    16     2    17
  1.6926335103823664E-01 a      1418     1    16     2    18
  2.8153921400362591E-01 a      1419     1    16     2    19
  3.7146996249212888E-01 a      1420     1    16     2    20
 -2.8858809658132872E-01 a      1421     1    17     2     1
  9.6436476982538077E-01 a      1422     1    17     2     2
  4.4403605424307752E-01 a      1423     1    17     2     3
 -3.4525850712037298E-01 a      1424     1    17     2     4
  1.1213973535240189E+00 a      1425     1    17     2     5
  9.2769523921610295E-02 a      1426     1    17     2     6
 -1.1463655256790879E+00 a      1427     1    17     2     7
  1.1356010538770007E-01 a      1428     1    17     2     8
  4.4355095858289217E-01 a      1429     1    17     2     9
  2.7716086862835890E-02 a      1430     1    17     2    10
 -5.3206765721064986E-01 a      1431     1    17     2    11
  1.6973610391673272E-01 a      1432     1    17     2    12
 -1.1992913012296398E-01 a      1433     1    17     2    13
  2.1203503659724462E-01 a      1434     1    17     2    14
  2.5152602609781377E-01 a      1435     1    17     2    15
  3.9690586700074992E-01 a      1436     1    17     2    16
 -1.0083758230711151E-01 a      1437     1    17     2    17
 -3.8845895394481911E-01 a      1438     1    17     2    18
 -5.8354843683787583E-01 a      1439     1    17     2    19
  9.7602081474150282E-02 a      1440     1    17     2    20
 -2.1276530983827127E-03 a      1441     1    18     2     1
  4.2616587890125274E-01 a      1442     1    18     2     2
  5.1278288193118560E-01 a      1443     1    18     2     3
 -5.2081342519038509E-01 a      1444     1    18     2     4
  1.8425803477438088E-01 a      1445     1    18     2     5
 -2.7621467859626403E-01 a      1446     1    18     2     6
 -3.3400519842212151E-03 a      1447     1    18     2     7
 -5.7876353833345898E-02 a      1448     1    18     2     8
  1.0131267090980502E-01 a      1449     1    18     2     9
  3.9922552879757806E-01 a      1450     1    18     2    10
 -2.8180009917941667E-01 a      1451     1    18     2    11
  6.4432185637586681E-02 a      1452     1    18     2    12
  3.5716637088845604E-01 a      1453     1    18     2    13
 -4.9160549511904222E-01 a      1454     1    18     2    14
  1.7066220841337854E-02 a      1455     1    18     2    15
 -3.8140208664687592E-02 a      1456     1    18     2    16
  4.7810398282444083E-01 a      1457     1    18     2    17
  6.9897899100346239E-01 a      1458     1    18     2    18
  4.7706406799297546E-01 a      1459     1    18     2    19
 -5.6036506542782183E-01 a      1460     1    18     2    20
  4.2323794705620660E-01 a      1461     1    19     2     1
  4.5026675238090413E-01 a      1462     1    19     2     2
 -4.7387912742855570E-01 a      1463     1    19     2     3
 -4.1141151502220036E-01 a      1464     1    19     2     4
  1.7456590372981023E-01 a      1465     1    19     2     5
 -1.7952937886320814E-02 a      1466     1    19     2     6
  8.5247073843758681E-02 a      1467     1    19     2     7
  1.1267062245347374E-01 a      1468     1    19     2     8
 -8.0539502155626763E-01 a      1469     1    19     2     9
 -7.7538319816421375E-01 a      1470     1    19     2    10
  2.2836577601645361E-01 a      1471     1    19     2    11
  2.6941039261704181E-01 a      1472     1    19     2    12
 -8.2104126378222819E-01 a      1473     1    19     2    13
 -5.4023408725230641E-02 a      1474     1    19     2    14
  2.1000634499589588E-01 a      1475     1    19     2    15
  3.7660280022492310E-01 a      1476     1    19     2    16
  2.1196498879174153E-01 a      1477     1    19     2    17
  1.2011711626377976E-01 a      1478     1    19     2    18
  1.8810084167106600E-01 a      1479     1    19     2    19
  4.0582774887842404E-03 a      1480     1    19     2    20
 -5.2475521877401587E-01 a      1481     1    20     2     1
 -1.0347406717282762E-01 a      1482     1    20     2     2
  7.2563378704236714E-01 a      1483     1    20     2     3
 -4.7997807342718335E-01 a      1484     1    20     2     4
  2.2150556944846683E-01 a      1485     1    20     2     5
 -3.9733297020378805E-01 a      1486     1    20     2     6
  8.4233474395427121E-01 a      1487     1    20     2     7
  5.3283515889855948E-01 a      1488     1    20     2     8
 -5.0774381760502874E-01 a      1489     1    20     2     9
 -3.2286881858313507E-02 a      1490     1    20     2    10
  8.4673421764456458E-01 a      1491     1    20     2    11
 -3.6648405995877548E-01 a      1492     1    20     2    12
 -7.8802476492575588E-02 a      1493     1    20     2    13
  5.5955159064113225E-01 a      1494     1    20     2    14
 -4.7247139447189451E-01 a      1495     1    20     2    15
  4.8122261976671001E-02 a      1496     1    20     2    16
  1.6470019608688163E-01 a      1497     1    20     2    17
 -1.4241532821372593E-01 a      1498     1    20     2    18
  4.0214868652840896E-01 a      1499     1    20     2    19
 -2.2851052691767129E-01 a      1500     1    20     2    20
  9.8958945938970988E-01 b      1501     2     1
 -1.0877411040903087E+00 b      1502     2     2
 -1.1016365561481722E+00 b      1503     2     3
 -7.2658214395892895E-01 b      1504     2     4
 -5.0032231971924435E-01 b      1505     2     5
  3.9375102373874105E-01 b      1506     2     6
  1.3426077382974536E-01 b      1507     2     7
 -4.6154673964075588E-01 b      1508     2     8
 -1.0202995332996347E+00 b      1509     2     9
 -4.1216860388016219E-01 b      1510     2    10
  1.7057431487074128E+00 b      1511     2    11
  5.8313371075160247E-01 b      1512     2    12
 -7.8927661628693935E-01 b      1513     2    13
  4.8764149226359982E-01 b      1514     2    14
 -1.0490484110366447E+00 b      1515     2    15
  4.3371022206372245E-01 b      1516     2    16
  1.4903305756132287E-01 b      1517     2    17
  1.2436126360259607E+00 b      1518     2    18
 -8.5177498592470857E-01 b      1519     2    19
 -1.4646000740388267E+00 b      1520     2    20
 -2.3120031798456464E-01 a      1521     2     1     3     1
  3.6843224017112181E-01 a      1522     2     2     3     1
  1.0296814031230832E+00 a      1523     2     3     3     1
  1.4582320489836547E+00 a      1524     2     4     3     1
  7.6555080404075004E-01 a      1525     2     5     3     1
 -1.2206941844114898E+00 a      1526     2     6     3     1
  3.1626536671325395E-01 a      1527     2     7     3     1
 -6.7061390187177194E-01 a      1528     2     8     3     1
  4.1144456042721955E-01 a      1529     2     9     3     1
  2.5104193954340572E-02 a      1530     2    10     3     1
  7.1222575595392551E-02 a      1531     2    11     3     1
 -3.6207825105447466E-01 a      1532     2    12     3     1
 -2.1368564703154999E-01 a      1533     2    13     3     1
 -2.6502459375462129E-02 a      1534     2    14     3     1
  1.0759301480433181E+00 a      1535     2    15     3     1
  1.2807328328521301E+00 a      1536     2    16     3     1
  7.3868536059356671E-01 a      1537     2    17     3     1
 -6.0858794744232503E-01 a      1538     2    18     3     1
  1.1218373891732751E+00 a      1539     2    19     3     1
  1.9702937386484595E-02 a      1540     2    20     3     1
  7.6991615775983402E-01 b      1541     3     1
