################################################################################
# Neural network connection values (weights and biases).
################################################################################
# Col  Name       Description
################################################################################
# 1    connection Neural network connection value.
# 2    t          Connection type (a = weight, b = bias).
# 3    index      Index enumerating weights.
# 4    l_s        Starting point layer (end point layer for biases).
# 5    n_s        Starting point neuron in starting layer (end point neuron for biases).
# 6    l_e        End point layer.
# 7    n_e        End point neuron in end layer.
################################################################################
#                      1 2         3     4     5     6     7
#             connection t     index   l_s   n_s   l_e   n_e
############################################################
  1.1851645284142252E-02 a         1     0     1     1     1
 -6.4879308320875354E-03 a         2     0     1     1     2
 -8.0923349973899869E-02 a         3     0     1     1     3
 -2.8044057871224954E-02 a         4     0     1     1     4
  1.6163186438787547E-01 a         5     0     1     1     5
 -1.5199542097875229E-01 a         6     0     1     1     6
  3.2679383777463572E-01 a         7     0     1     1     7
  7.8667194818380914E-02 a         8     0     1     1     8
  7.5475209792155495E-02 a         9     0     1     1     9
 -1.1977088569878799E-01 a        10     0     1     1    10
 -4.4607644588275507E-02 a        11     0     1     1    11
 -5.7165956073480115E-02 a        12     0     1     1    12
  2.3563308200994906E-01 a        13     0     1     1    13
  1.0801138084968467E-01 a        14     0     1     1    14
  3.6643413558075660E-01 a        15     0     1     1    15
 -1.1528668902099411E-01 a        16     0     1     1    16
 -2.6491466342390396E-03 a        17     0     1     1    17
 -3.7419788261582689E-02 a        18     0     1     1    18
 -3.7523144949347602E-02 a        19     0     1     1    19
 -5.9608953300580608E-02 a        20     0     1     1    20
 -7.2074463745399886E-01 a        21     0     2     1     1
  9.8728944896472093E-01 a        22     0     2     1     2
 -6.3777541635924551E-01 a        23     0     2     1     3
 -5.3067325484970418E-01 a        24     0     2     1     4
  1.0377444317395310E+00 a        25     0     2     1     5
 -7.4327528282905930E-01 a        26     0     2     1     6
  7.9052101349633988E-02 a        27     0     2     1     7
 -3.4475197892446130E-01 a        28     0     2     1     8
  3.8085459832606167E-01 a        29     0     2     1     9
 -8.9857963641608349E-02 a        30     0     2     1    10
 -5.9942873985364176E-01 a        31     0     2     1    11
 -1.2515721613710867E-02 a        32     0     2     1    12
 -4.5579821439940349E-01 a        33     0     2     1    13
 -4.1116548487964111E-01 a        34     0     2     1    14
  4.3154444310546636E-01 a        35     0     2     1    15
  4.7295736800271729E-02 a        36     0     2     1    16
  4.1440085802966115E-01 a        37     0     2     1    17
  4.9790990973788968E-01 a        38     0     2     1    18
  3.9120425519520796E-01 a        39     0     2     1    19
  8.1109659426982228E-01 a        40     0     2     1    20
  4.5888369776025298E-02 a        41     0     3     1     1
 -1.0099934664046122E-01 a        42     0     3     1     2
 -1.2171999877592334E-01 a        43     0     3     1     3
  1.9956891712668998E-01 a        44     0     3     1     4
  1.8293549665360639E-01 a        45     0     3     1     5
  6.0866924858491824E-03 a        46     0     3     1     6
 -4.4166023593161683E-03 a        47     0     3     1     7
  4.2823699041864151E-02 a        48     0     3     1     8
 -7.4975687340445490E-02 a        49     0     3     1     9
 -1.8910797606821617E-01 a        50     0     3     1    10
  1.7295357240631812E-01 a        51     0     3     1    11
  5.5172644986958654E-02 a        52     0     3     1    12
  3.7428793330172333E-01 a        53     0     3     1    13
  8.5855847174540145E-02 a        54     0     3     1    14
  1.9249335619300040E-01 a        55     0     3     1    15
  7.9711418322802957E-02 a        56     0     3     1    16
  1.1369639982451249E-01 a        57     0     3     1    17
  1.0848794828691623E-01 a        58     0     3     1    18
  9.3563316631858889E-03 a        59     0     3     1    19
 -1.7289441807156705E-01 a        60     0     3     1    20
  3.5309667063680487E-02 a        61     0     4     1     1
  6.0149130693496644E-02 a        62     0     4     1     2
  9.1889338585507921E-02 a        63     0     4     1     3
 -1.9844620041483535E-01 a        64     0     4     1     4
  4.8885326459017865E-02 a        65     0     4     1     5
  2.1861958426756251E-01 a        66     0     4     1     6
 -2.1993737350172726E-01 a        67     0     4     1     7
 -7.0920781252284154E-02 a        68     0     4     1     8
  1.4579494363870030E-01 a        69     0     4     1     9
  1.2793755878906743E-01 a        70     0     4     1    10
  3.9819821544993450E-01 a        71     0     4     1    11
 -1.2447819397447585E-01 a        72     0     4     1    12
 -3.2790423512225164E-02 a        73     0     4     1    13
  4.0960019984903860E-02 a        74     0     4     1    14
 -1.9830229557900717E-01 a        75     0     4     1    15
 -4.7844263960040691E-02 a        76     0     4     1    16
 -9.5931105369292835E-02 a        77     0     4     1    17
  1.2914344485005069E-01 a        78     0     4     1    18
 -2.9504451831883627E-01 a        79     0     4     1    19
  1.2945733464452935E-01 a        80     0     4     1    20
  1.7348777655242540E+00 a        81     0     5     1     1
  8.8224808255711079E-02 a        82     0     5     1     2
 -3.5639122012225932E-01 a        83     0     5     1     3
  7.0865098862800777E-02 a        84     0     5     1     4
  3.4413499145015177E-03 a        85     0     5     1     5
  7.3490663432095693E-01 a        86     0     5     1     6
  3.8476919679296243E-02 a        87     0     5     1     7
 -1.4005793839578543E-02 a        88     0     5     1     8
 -6.1606889274116838E-01 a        89     0     5     1     9
  5.4018306232045987E-01 a        90     0     5     1    10
  4.9668709655583737E-01 a        91     0     5     1    11
 -1.2950568673189526E+00 a        92     0     5     1    12
 -2.6965740783653680E-01 a        93     0     5     1    13
  2.5856697852642435E-01 a        94     0     5     1    14
 -7.8282138482999208E-01 a        95     0     5     1    15
 -7.1599841920558860E-01 a        96     0     5     1    16
  1.7433156955475121E-01 a        97     0     5     1    17
 -9.8420111284742584E-01 a        98     0     5     1    18
  8.3292544504463017E-01 a        99     0     5     1    19
 -1.0498845208600753E+00 a       100     0     5     1    20
  2.9114535388249020E-02 a       101     0     6     1     1
  2.9736907381808614E-01 a       102     0     6     1     2
 -1.3688936197552475E-02 a       103     0     6     1     3
 -3.1130573400349643E-01 a       104     0     6     1     4
 -1.2435194941784010E-01 a       105     0     6     1     5
  1.4690713911589373E-01 a       106     0     6     1     6
  1.4812522365666450E-01 a       107     0     6     1     7
 -1.1266336032646942E-01 a       108     0     6     1     8
  1.2246953996461371E-01 a       109     0     6     1     9
  9.7353809735228142E-02 a       110     0     6     1    10
  3.9241227368831538E-02 a       111     0     6     1    11
 -2.5529912030297330E-01 a       112     0     6     1    12
 -3.8279839160728335E-01 a       113     0     6     1    13
 -6.4430608892776506E-02 a       114     0     6     1    14
  2.8774892324934148E-01 a       115     0     6     1    15
 -1.6324393379529406E-01 a       116     0     6     1    16
 -4.7945791764686677E-02 a       117     0     6     1    17
 -6.3877369235282103E-02 a       118     0     6     1    18
  1.6022953423191605E-01 a       119     0     6     1    19
  4.5690437251283100E-01 a       120     0     6     1    20
  2.5607448207641431E-01 a       121     0     7     1     1
 -1.4445037308420755E-01 a       122     0     7     1     2
 -2.7552513119794553E-01 a       123     0     7     1     3
 -8.2583546886106016E-03 a       124     0     7     1     4
  8.3631645819127173E-02 a       125     0     7     1     5
 -9.3889452823227193E-02 a       126     0     7     1     6
  1.1319933259671518E-01 a       127     0     7     1     7
 -4.4219281944206872E-02 a       128     0     7     1     8
  8.8236701329838463E-02 a       129     0     7     1     9
  1.8488415627551841E-01 a       130     0     7     1    10
  4.1220016091548010E-02 a       131     0     7     1    11
  8.3973575751966997E-02 a       132     0     7     1    12
  9.6106276707525543E-02 a       133     0     7     1    13
  2.0711598508906828E-01 a       134     0     7     1    14
  1.0503150246394742E-01 a       135     0     7     1    15
  1.2012641344681618E-01 a       136     0     7     1    16
  5.3043808024234314E-02 a       137     0     7     1    17
  1.1920811004105378E-01 a       138     0     7     1    18
  4.5949017237965434E-02 a       139     0     7     1    19
  3.4350919420988230E-01 a       140     0     7     1    20
 -1.1593577873042669E+00 a       141     0     8     1     1
  1.6683879582631678E-01 a       142     0     8     1     2
 -2.4154420017691150E-01 a       143     0     8     1     3
  2.6940811222112382E-01 a       144     0     8     1     4
  5.4477894879049860E-01 a       145     0     8     1     5
 -6.0086969772229193E-01 a       146     0     8     1     6
 -1.0402001593979616E-01 a       147     0     8     1     7
 -6.2187344140428014E-01 a       148     0     8     1     8
  1.5180535604503822E+00 a       149     0     8     1     9
  5.0333276426280948E-01 a       150     0     8     1    10
 -2.5953980205009575E-01 a       151     0     8     1    11
  3.8558715070515504E-01 a       152     0     8     1    12
 -2.9827263839906493E-01 a       153     0     8     1    13
 -1.6781283641724104E-01 a       154     0     8     1    14
 -5.3638504857504898E-01 a       155     0     8     1    15
  5.9265473383503420E-01 a       156     0     8     1    16
  6.5081683038402371E-01 a       157     0     8     1    17
  4.8762048284073622E-01 a       158     0     8     1    18
 -8.3488175812394827E-01 a       159     0     8     1    19
  1.0662264164026678E+00 a       160     0     8     1    20
 -4.9585392290022720E-02 a       161     0     9     1     1
 -2.6696274412539978E-01 a       162     0     9     1     2
  1.1267280742595104E-01 a       163     0     9     1     3
  6.0311324855703986E-02 a       164     0     9     1     4
  2.6753612663358600E-01 a       165     0     9     1     5
 -1.7400723962032996E-01 a       166     0     9     1     6
  1.8102560835593304E-01 a       167     0     9     1     7
  1.2766674993284807E-01 a       168     0     9     1     8
 -1.5685008835418221E-02 a       169     0     9     1     9
  2.3607122388251248E-01 a       170     0     9     1    10
  1.0269434213223536E-01 a       171     0     9     1    11
  1.9422673836671536E-01 a       172     0     9     1    12
  6.6904922325446148E-02 a       173     0     9     1    13
  2.1226506088720523E-01 a       174     0     9     1    14
 -1.2278090996164273E-01 a       175     0     9     1    15
 -1.1547723067247040E-01 a       176     0     9     1    16
  6.0462516781826604E-02 a       177     0     9     1    17
 -7.1119723488929767E-02 a       178     0     9     1    18
 -6.6587871700397441E-02 a       179     0     9     1    19
 -1.1936860124740913E-02 a       180     0     9     1    20
  4.0279528610835266E-02 a       181     0    10     1     1
 -6.7290100153696089E-02 a       182     0    10     1     2
  4.5578017358862771E-02 a       183     0    10     1     3
 -1.5783519808535540E-01 a       184     0    10     1     4
  1.0551752153353891E-01 a       185     0    10     1     5
  1.0674751233041109E-01 a       186     0    10     1     6
  1.9914726780113684E-01 a       187     0    10     1     7
 -4.6271292903922713E-02 a       188     0    10     1     8
  3.0372002516974822E-01 a       189     0    10     1     9
  1.2123210070968558E-01 a       190     0    10     1    10
  3.7088480728688683E-01 a       191     0    10     1    11
 -7.4274612838032397E-02 a       192     0    10     1    12
 -1.4577459332764676E-02 a       193     0    10     1    13
 -1.3433209864035667E-01 a       194     0    10     1    14
  6.4089109439404407E-02 a       195     0    10     1    15
 -3.7204862626367477E-02 a       196     0    10     1    16
  4.3100896941474891E-02 a       197     0    10     1    17
  6.5790140056098068E-02 a       198     0    10     1    18
 -6.1167889925484775E-02 a       199     0    10     1    19
  1.1838738529629900E-01 a       200     0    10     1    20
  1.4965109548191748E+00 a       201     0    11     1     1
  3.5405606756120844E-01 a       202     0    11     1     2
 -5.9874326267195488E-01 a       203     0    11     1     3
 -5.5079259728502206E-01 a       204     0    11     1     4
 -2.0699254099440906E-01 a       205     0    11     1     5
 -4.3023081876026929E-02 a       206     0    11     1     6
 -2.6965052997120825E-01 a       207     0    11     1     7
  7.1175074519054443E-02 a       208     0    11     1     8
 -1.1518063968479897E+00 a       209     0    11     1     9
 -4.9329186347357845E-01 a       210     0    11     1    10
 -2.7200836630395658E-01 a       211     0    11     1    11
 -5.8853374753294350E-02 a       212     0    11     1    12
 -9.5616208951630255E-01 a       213     0    11     1    13
 -7.9758993821563220E-03 a       214     0    11     1    14
 -2.4504382680096309E-01 a       215     0    11     1    15
 -5.0042663627443018E-01 a       216     0    11     1    16
  2.9317630504946901E-01 a       217     0    11     1    17
 -2.8277943116243026E-01 a       218     0    11     1    18
  1.1725650857287191E+00 a       219     0    11     1    19
 -6.7427758737182197E-01 a       220     0    11     1    20
  2.6812322850161024E-01 a       221     0    12     1     1
 -1.3883370230854541E-01 a       222     0    12     1     2
 -3.1287431135892224E-01 a       223     0    12     1     3
 -1.9513413784648437E-02 a       224     0    12     1     4
 -2.0952688292095907E-02 a       225     0    12     1     5
 -9.5864299462566818E-02 a       226     0    12     1     6
  1.5180046520913584E-01 a       227     0    12     1     7
 -1.2906239710581260E-01 a       228     0    12     1     8
 -1.1981932229934467E-01 a       229     0    12     1     9
  2.0955754980042388E-01 a       230     0    12     1    10
  2.1219631384883353E-01 a       231     0    12     1    11
  4.3210305773932658E-02 a       232     0    12     1    12
 -2.9766168814865929E-01 a       233     0    12     1    13
  1.4450676256279563E-01 a       234     0    12     1    14
  1.8783209909176291E-01 a       235     0    12     1    15
 -9.9434854890446275E-02 a       236     0    12     1    16
  2.5935782523366258E-01 a       237     0    12     1    17
 -5.4900020339179095E-02 a       238     0    12     1    18
 -1.0875222387910964E-02 a       239     0    12     1    19
  7.4474281971991529E-01 a       240     0    12     1    20
  1.2888825214083979E-01 a       241     0    13     1     1
  1.3651883640815210E-02 a       242     0    13     1     2
 -1.2408257699025223E-01 a       243     0    13     1     3
 -3.4740673222124513E-02 a       244     0    13     1     4
  5.5496690975662365E-02 a       245     0    13     1     5
  1.3831037384860076E-01 a       246     0    13     1     6
 -2.3442130771702593E-02 a       247     0    13     1     7
 -4.1683735983382243E-02 a       248     0    13     1     8
  1.1424622783914723E-01 a       249     0    13     1     9
  1.1460928743995880E-01 a       250     0    13     1    10
  1.2824295255981369E-01 a       251     0    13     1    11
 -1.4573633656394526E-02 a       252     0    13     1    12
  1.4114182715199866E-01 a       253     0    13     1    13
  2.3367418398046561E-01 a       254     0    13     1    14
  1.1178833478311723E-01 a       255     0    13     1    15
  1.1431305731193261E-01 a       256     0    13     1    16
 -1.0929740440892040E-01 a       257     0    13     1    17
  1.0819387104845006E-01 a       258     0    13     1    18
 -4.1355075582612227E-02 a       259     0    13     1    19
  1.3545368419402368E-01 a       260     0    13     1    20
 -5.5937957799408533E-01 a       261     0    14     1     1
 -1.3784578982202306E-01 a       262     0    14     1     2
  2.8548891373417867E-01 a       263     0    14     1     3
  5.0062674751860624E-02 a       264     0    14     1     4
  1.8213205360227379E-02 a       265     0    14     1     5
 -9.3212528096827951E-02 a       266     0    14     1     6
  1.4061017617999821E-01 a       267     0    14     1     7
 -1.0375391923498822E-01 a       268     0    14     1     8
  7.3605845584117224E-01 a       269     0    14     1     9
  1.2426472143971505E-01 a       270     0    14     1    10
 -4.3773094222905190E-01 a       271     0    14     1    11
 -3.1397425389516076E-01 a       272     0    14     1    12
 -2.2066140297454401E-01 a       273     0    14     1    13
 -1.9445487361261177E-01 a       274     0    14     1    14
 -1.9250731787454328E-01 a       275     0    14     1    15
  7.0172158720426661E-02 a       276     0    14     1    16
  2.3499745784625795E-01 a       277     0    14     1    17
  1.1241611809423770E-01 a       278     0    14     1    18
 -3.7000049403554969E-01 a       279     0    14     1    19
  2.2453458393539777E-01 a       280     0    14     1    20
 -1.4854885183459314E-02 a       281     0    15     1     1
  1.3301696092255556E-02 a       282     0    15     1     2
  9.7932921551589266E-02 a       283     0    15     1     3
 -1.3192076124875865E-01 a       284     0    15     1     4
  2.2474111563814697E-01 a       285     0    15     1     5
  1.5768087736493075E-01 a       286     0    15     1     6
  2.2111869680998267E-01 a       287     0    15     1     7
 -2.5125868921784332E-02 a       288     0    15     1     8
  9.4107473024980973E-02 a       289     0    15     1     9
  1.7686233741427035E-01 a       290     0    15     1    10
  4.3300292082622593E-02 a       291     0    15     1    11
 -3.4297993781454574E-02 a       292     0    15     1    12
 -1.0674780742170147E-01 a       293     0    15     1    13
 -4.4876007114626928E-02 a       294     0    15     1    14
  1.6676518820849323E-01 a       295     0    15     1    15
 -1.0086205009037434E-01 a       296     0    15     1    16
  6.6895823820078797E-03 a       297     0    15     1    17
 -6.6923714743375398E-02 a       298     0    15     1    18
  1.3290437131459890E-01 a       299     0    15     1    19
  2.5623233163517473E-01 a       300     0    15     1    20
 -3.9540417061443060E-02 a       301     0    16     1     1
 -1.0147235198573183E-01 a       302     0    16     1     2
  6.6948423611605440E-02 a       303     0    16     1     3
  2.9452008423858322E-02 a       304     0    16     1     4
  9.2885408247368989E-02 a       305     0    16     1     5
 -1.4262841988145200E-01 a       306     0    16     1     6
  1.3473461647888896E-01 a       307     0    16     1     7
  2.1872814698701060E-02 a       308     0    16     1     8
  7.9097359633963513E-02 a       309     0    16     1     9
  8.4843897712886238E-02 a       310     0    16     1    10
  2.0357750472639993E-01 a       311     0    16     1    11
  2.7598187776604104E-02 a       312     0    16     1    12
  4.3039274114654899E-02 a       313     0    16     1    13
 -8.1224363598594626E-02 a       314     0    16     1    14
 -4.3899311892954367E-02 a       315     0    16     1    15
 -2.8011281984533204E-02 a       316     0    16     1    16
  6.4070665888491724E-02 a       317     0    16     1    17
 -1.1883035492916183E-01 a       318     0    16     1    18
  9.4122617876429338E-02 a       319     0    16     1    19
  4.3285702461749100E-02 a       320     0    16     1    20
  3.3429761428969829E-01 a       321     0    17     1     1
  1.5974687148050991E-03 a       322     0    17     1     2
 -6.8402989640794720E-02 a       323     0    17     1     3
  3.8855691638670864E-02 a       324     0    17     1     4
 -3.9961511531792343E-01 a       325     0    17     1     5
  1.5571898179518012E-01 a       326     0    17     1     6
 -1.7641679353098597E-01 a       327     0    17     1     7
  7.8502139723880089E-04 a       328     0    17     1     8
 -1.6593722004776559E-01 a       329     0    17     1     9
 -5.6781914740099548E-01 a       330     0    17     1    10
  8.3860193712369485E-04 a       331     0    17     1    11
  5.9865800200085506E-01 a       332     0    17     1    12
  6.0362162411240740E-02 a       333     0    17     1    13
  2.2958275804320247E-01 a       334     0    17     1    14
 -2.6599295793038452E-01 a       335     0    17     1    15
 -3.7323497999634948E-02 a       336     0    17     1    16
  3.1342848951289096E-02 a       337     0    17     1    17
 -2.5561050118483247E-01 a       338     0    17     1    18
  3.1689088891177175E-01 a       339     0    17     1    19
  3.0264290507335806E-01 a       340     0    17     1    20
  1.4221941432785487E-01 a       341     0    18     1     1
 -1.0808303507983705E-01 a       342     0    18     1     2
 -1.3115454586224326E-01 a       343     0    18     1     3
  8.9605099437871649E-02 a       344     0    18     1     4
  1.0458922036597084E-02 a       345     0    18     1     5
 -6.4037094684289461E-02 a       346     0    18     1     6
  2.1230202950404814E-02 a       347     0    18     1     7
 -2.5494405118923237E-02 a       348     0    18     1     8
  4.9917004193428538E-02 a       349     0    18     1     9
  4.6701417751895445E-03 a       350     0    18     1    10
  1.7213287851003611E-01 a       351     0    18     1    11
  3.5005849295151617E-02 a       352     0    18     1    12
 -9.0886098864852202E-02 a       353     0    18     1    13
  1.4417232985521589E-01 a       354     0    18     1    14
 -3.3355894573646426E-02 a       355     0    18     1    15
  7.9121157858319968E-02 a       356     0    18     1    16
 -2.5245716743432397E-02 a       357     0    18     1    17
  8.1074506678182195E-02 a       358     0    18     1    18
  9.0938465228705162E-02 a       359     0    18     1    19
  1.6272631003091231E-01 a       360     0    18     1    20
  6.3016694836174406E-02 a       361     0    19     1     1
  8.6631434752495420E-02 a       362     0    19     1     2
 -6.3721933182626922E-02 a       363     0    19     1     3
 -5.8428829531739439E-02 a       364     0    19     1     4
 -4.4374438996289900E-02 a       365     0    19     1     5
  2.3268511846901463E-01 a       366     0    19     1     6
 -6.1763027619439664E-02 a       367     0    19     1     7
 -4.2505334060597311E-02 a       368     0    19     1     8
  2.6972927806646303E-02 a       369     0    19     1     9
  6.0580609456614923E-03 a       370     0    19     1    10
  1.2016770402528415E-02 a       371     0    19     1    11
 -6.0924554490977438E-02 a       372     0    19     1    12
 -5.7924856479251311E-03 a       373     0    19     1    13
  6.5523924201938574E-02 a       374     0    19     1    14
  1.1690463714692682E-01 a       375     0    19     1    15
  4.5351234803503344E-02 a       376     0    19     1    16
 -7.1977988451072811E-02 a       377     0    19     1    17
  1.6756232158156723E-01 a       378     0    19     1    18
 -1.1274741767574488E-01 a       379     0    19     1    19
 -1.4969370206014524E-02 a       380     0    19     1    20
  1.2908243527653145E-02 a       381     0    20     1     1
  1.8673663011966130E-01 a       382     0    20     1     2
 -2.3912067579261082E-01 a       383     0    20     1     3
 -1.7461131707544714E-01 a       384     0    20     1     4
  4.7686163133342402E-01 a       385     0    20     1     5
  7.7637809330744115E-02 a       386     0    20     1     6
  1.9581934272113299E-01 a       387     0    20     1     7
 -8.6052134672685021E-02 a       388     0    20     1     8
 -1.6485592204022979E-02 a       389     0    20     1     9
  2.0774869672477891E-02 a       390     0    20     1    10
 -1.4685318979792300E-01 a       391     0    20     1    11
 -6.0986294646111305E-01 a       392     0    20     1    12
 -1.5269023876241142E-01 a       393     0    20     1    13
  3.5591134488308784E-04 a       394     0    20     1    14
  4.5589443613910324E-01 a       395     0    20     1    15
  2.3627807263017106E-01 a       396     0    20     1    16
  2.9572530084981702E-01 a       397     0    20     1    17
  6.1274583268587612E-01 a       398     0    20     1    18
  1.6300013951790507E-01 a       399     0    20     1    19
 -4.1183254221036170E-01 a       400     0    20     1    20
 -1.3201842445823009E-01 a       401     0    21     1     1
  7.9609399412559331E-02 a       402     0    21     1     2
  8.2563129734151836E-02 a       403     0    21     1     3
 -4.0251892254081628E-02 a       404     0    21     1     4
  7.2618370575604788E-02 a       405     0    21     1     5
  5.7738210172812797E-02 a       406     0    21     1     6
  4.4777407231432538E-02 a       407     0    21     1     7
  2.3007824153029559E-04 a       408     0    21     1     8
 -3.9153207334582864E-02 a       409     0    21     1     9
  9.9184650043303763E-02 a       410     0    21     1    10
 -7.7857137765202561E-02 a       411     0    21     1    11
 -8.6458736623672150E-03 a       412     0    21     1    12
 -6.9465138225805564E-02 a       413     0    21     1    13
 -1.0426648563256838E-01 a       414     0    21     1    14
  1.6308396047782978E-02 a       415     0    21     1    15
 -1.0782387344688069E-01 a       416     0    21     1    16
  6.3254532240428957E-02 a       417     0    21     1    17
 -9.6797031139952791E-02 a       418     0    21     1    18
 -4.0598600559718444E-02 a       419     0    21     1    19
  1.6994496684070597E-02 a       420     0    21     1    20
 -4.3351953272933647E-02 a       421     0    22     1     1
 -8.1426253034710655E-02 a       422     0    22     1     2
  4.5493246637740729E-02 a       423     0    22     1     3
  5.5726170514848523E-02 a       424     0    22     1     4
  1.0366195592529481E-01 a       425     0    22     1     5
 -1.3391000271940304E-01 a       426     0    22     1     6
  7.3704982620621029E-02 a       427     0    22     1     7
  1.9203676810520560E-02 a       428     0    22     1     8
 -5.7123250345182744E-03 a       429     0    22     1     9
  1.0739588505315528E-01 a       430     0    22     1    10
  6.7734954475940162E-02 a       431     0    22     1    11
  3.2118592666156263E-02 a       432     0    22     1    12
  1.4246832010820151E-01 a       433     0    22     1    13
 -8.0238264112801300E-02 a       434     0    22     1    14
 -3.8544554936974784E-02 a       435     0    22     1    15
  5.0788612341526353E-02 a       436     0    22     1    16
 -6.5949668382258242E-02 a       437     0    22     1    17
 -1.3537751745873358E-01 a       438     0    22     1    18
  1.6998319524503308E-01 a       439     0    22     1    19
  3.8006332095195749E-04 a       440     0    22     1    20
 -2.9595361667788300E-01 a       441     0    23     1     1
  3.4260785682849786E-02 a       442     0    23     1     2
  2.6658039816120976E-01 a       443     0    23     1     3
  4.0800659301890413E-01 a       444     0    23     1     4
 -2.6974738456357583E-01 a       445     0    23     1     5
 -2.4320332738785738E-02 a       446     0    23     1     6
 -6.4804755626117025E-02 a       447     0    23     1     7
  1.0261455615517774E-01 a       448     0    23     1     8
  3.7864918951107768E-01 a       449     0    23     1     9
 -8.7646560776705518E-02 a       450     0    23     1    10
  3.5564401925900491E-02 a       451     0    23     1    11
  4.4824008125301346E-01 a       452     0    23     1    12
 -1.3179274512575884E-01 a       453     0    23     1    13
  8.6486019490356045E-02 a       454     0    23     1    14
 -3.8467228961736111E-01 a       455     0    23     1    15
 -3.2125020998419912E-01 a       456     0    23     1    16
  2.6238567402952812E-01 a       457     0    23     1    17
 -5.5859742875127261E-01 a       458     0    23     1    18
 -3.2090337791066553E-01 a       459     0    23     1    19
  8.8552566566632296E-02 a       460     0    23     1    20
  9.8914772779949256E-02 a       461     0    24     1     1
 -5.8316721346219007E-02 a       462     0    24     1     2
 -6.0788841673077756E-02 a       463     0    24     1     3
  7.5085397905164164E-02 a       464     0    24     1     4
 -6.2056100316448121E-02 a       465     0    24     1     5
  3.0800367243295115E-02 a       466     0    24     1     6
 -4.2376280869541212E-02 a       467     0    24     1     7
 -3.7672549489157239E-04 a       468     0    24     1     8
  1.5338440209430260E-01 a       469     0    24     1     9
 -1.0091317227431693E-01 a       470     0    24     1    10
  3.0211539476439002E-02 a       471     0    24     1    11
  7.3448261476872691E-03 a       472     0    24     1    12
 -7.2011852905321902E-02 a       473     0    24     1    13
  1.6971202139754210E-01 a       474     0    24     1    14
 -7.9592786744093647E-02 a       475     0    24     1    15
  1.6651128448361585E-01 a       476     0    24     1    16
 -5.9788794140150099E-02 a       477     0    24     1    17
  1.2470674385958028E-01 a       478     0    24     1    18
  1.6872680423938669E-01 a       479     0    24     1    19
 -3.6911820081150910E-02 a       480     0    24     1    20
  3.1226107192136535E-02 a       481     0    25     1     1
  4.2240942011942832E-02 a       482     0    25     1     2
 -2.8651397134866891E-02 a       483     0    25     1     3
 -3.9524957088086128E-02 a       484     0    25     1     4
 -5.3630198886490933E-02 a       485     0    25     1     5
  7.3068666208062252E-02 a       486     0    25     1     6
 -3.8899028900261645E-02 a       487     0    25     1     7
 -1.1478207003283966E-02 a       488     0    25     1     8
 -2.1422129537988256E-02 a       489     0    25     1     9
 -3.3418094722789109E-02 a       490     0    25     1    10
 -1.7912506261835069E-02 a       491     0    25     1    11
 -2.3801268605798884E-02 a       492     0    25     1    12
 -7.2379377443858667E-02 a       493     0    25     1    13
  3.8868306244783907E-02 a       494     0    25     1    14
  3.6483072478504817E-02 a       495     0    25     1    15
 -5.0923021257687863E-02 a       496     0    25     1    16
  3.1301438514824052E-02 a       497     0    25     1    17
  7.0724869629282885E-02 a       498     0    25     1    18
 -1.5133193537268283E-01 a       499     0    25     1    19
  9.9702823225016526E-03 a       500     0    25     1    20
  2.1681536921167871E-01 a       501     0    26     1     1
 -1.3718298978621424E-01 a       502     0    26     1     2
 -9.3630633250462905E-02 a       503     0    26     1     3
 -2.6913528724253760E-01 a       504     0    26     1     4
 -1.4802726271761285E-01 a       505     0    26     1     5
 -2.2829225866648675E-01 a       506     0    26     1     6
 -1.0372442995750580E-01 a       507     0    26     1     7
 -4.3670542330095596E-02 a       508     0    26     1     8
 -3.7135777479270293E-01 a       509     0    26     1     9
  1.1055263616988664E-02 a       510     0    26     1    10
  5.5803995760119664E-02 a       511     0    26     1    11
 -6.9064342758282576E-02 a       512     0    26     1    12
  6.2947462819995983E-02 a       513     0    26     1    13
 -1.4947970873201477E-01 a       514     0    26     1    14
  5.3378173862736196E-02 a       515     0    26     1    15
  6.7636142906218749E-02 a       516     0    26     1    16
  6.9338807762840876E-02 a       517     0    26     1    17
  4.0314908073816311E-02 a       518     0    26     1    18
  1.0361716710866584E-01 a       519     0    26     1    19
  7.7820591597232036E-02 a       520     0    26     1    20
 -6.4964907975153433E-02 a       521     0    27     1     1
  4.2269063555010755E-02 a       522     0    27     1     2
  1.8830208888311425E-02 a       523     0    27     1     3
 -2.7712056344166843E-02 a       524     0    27     1     4
  2.6346421429528408E-02 a       525     0    27     1     5
 -6.1825752474527533E-02 a       526     0    27     1     6
  1.7468041364396492E-02 a       527     0    27     1     7
  8.0897983827506823E-03 a       528     0    27     1     8
 -1.1775420359510747E-01 a       529     0    27     1     9
  1.9713272300215117E-02 a       530     0    27     1    10
  3.9884948024217640E-03 a       531     0    27     1    11
  8.2127822158727746E-03 a       532     0    27     1    12
  2.4114584263393933E-02 a       533     0    27     1    13
 -8.5966891117226038E-02 a       534     0    27     1    14
  4.5338523979862336E-02 a       535     0    27     1    15
 -1.3828672530006667E-01 a       536     0    27     1    16
  9.4699106791538326E-02 a       537     0    27     1    17
 -7.7511672744655258E-02 a       538     0    27     1    18
 -1.1357743224348937E-01 a       539     0    27     1    19
  3.5117450883928453E-02 a       540     0    27     1    20
 -2.2641583809219063E-02 a       541     0    28     1     1
 -1.5110134910211367E-02 a       542     0    28     1     2
  6.6324872095205375E-03 a       543     0    28     1     3
  1.9459070057076953E-02 a       544     0    28     1     4
  2.7127098018521621E-02 a       545     0    28     1     5
  4.2532510350722285E-03 a       546     0    28     1     6
  2.2939380099201444E-02 a       547     0    28     1     7
 -6.6507160375710436E-04 a       548     0    28     1     8
  1.8172240830027546E-02 a       549     0    28     1     9
  3.9131836889062438E-02 a       550     0    28     1    10
  2.3698904397417030E-02 a       551     0    28     1    11
  7.1602082163019524E-03 a       552     0    28     1    12
  4.0649323176930090E-02 a       553     0    28     1    13
 -5.5262099369846000E-03 a       554     0    28     1    14
 -2.0154168520419111E-02 a       555     0    28     1    15
  5.5832767550244258E-02 a       556     0    28     1    16
 -5.6841414120090750E-02 a       557     0    28     1    17
 -1.6536883760338381E-02 a       558     0    28     1    18
  9.2935260982231871E-02 a       559     0    28     1    19
 -4.7019011116035681E-03 a       560     0    28     1    20
 -1.3527367818554212E-01 a       561     0    29     1     1
  9.7034336111606403E-02 a       562     0    29     1     2
  4.3246996645104036E-02 a       563     0    29     1     3
  1.9439836516678796E-01 a       564     0    29     1     4
  7.4196869123668352E-02 a       565     0    29     1     5
  1.3568783550247959E-01 a       566     0    29     1     6
 -1.4256271889275012E-02 a       567     0    29     1     7
  4.2092224211837163E-02 a       568     0    29     1     8
  2.4949730512943083E-01 a       569     0    29     1     9
 -2.0473188392236885E-02 a       570     0    29     1    10
 -6.3835436925177305E-02 a       571     0    29     1    11
  3.9781294639065351E-02 a       572     0    29     1    12
 -3.2955530221797341E-02 a       573     0    29     1    13
  4.1893028724625893E-02 a       574     0    29     1    14
 -7.5485835330249759E-02 a       575     0    29     1    15
 -4.3862504832399445E-02 a       576     0    29     1    16
  2.1396583165122367E-02 a       577     0    29     1    17
 -7.7743427520159933E-02 a       578     0    29     1    18
 -9.8109206675082813E-02 a       579     0    29     1    19
 -7.1061854620822290E-02 a       580     0    29     1    20
  2.1306864299832192E-02 a       581     0    30     1     1
 -1.3402394993946987E-02 a       582     0    30     1     2
 -9.0272997500534698E-03 a       583     0    30     1     3
  1.8294044941364721E-02 a       584     0    30     1     4
 -2.4165078148799531E-02 a       585     0    30     1     5
  3.3440032887286246E-02 a       586     0    30     1     6
 -7.6475002682074526E-03 a       587     0    30     1     7
  1.9864284532727199E-03 a       588     0    30     1     8
  7.4070805182351429E-02 a       589     0    30     1     9
 -3.3711845825010377E-02 a       590     0    30     1    10
  2.1818302043795493E-02 a       591     0    30     1    11
 -6.8976592687436682E-04 a       592     0    30     1    12
 -2.5976746247545607E-02 a       593     0    30     1    13
  6.0045810900610883E-02 a       594     0    30     1    14
 -2.2595239941447205E-02 a       595     0    30     1    15
  5.7050308610970227E-02 a       596     0    30     1    16
 -2.0750062896069801E-02 a       597     0    30     1    17
  4.4338676676678707E-02 a       598     0    30     1    18
  6.1064168653846777E-02 a       599     0    30     1    19
 -1.6614697992446279E-02 a       600     0    30     1    20
 -2.8736154868326060E-02 a       601     0    31     1     1
  3.3546417794547291E-02 a       602     0    31     1     2
  3.6034575949493719E-02 a       603     0    31     1     3
 -8.9033915672255288E-03 a       604     0    31     1     4
 -5.1366363639917444E-02 a       605     0    31     1     5
 -7.1942052073380195E-03 a       606     0    31     1     6
 -6.9661269334795731E-02 a       607     0    31     1     7
  4.9956891172812865E-02 a       608     0    31     1     8
  4.1794816804318465E-02 a       609     0    31     1     9
  3.2736227756392539E-02 a       610     0    31     1    10
  2.6125259996517186E-02 a       611     0    31     1    11
  2.5821655558246830E-02 a       612     0    31     1    12
 -3.6336963439123101E-03 a       613     0    31     1    13
  3.1684576316849317E-02 a       614     0    31     1    14
  1.5108321309935226E-02 a       615     0    31     1    15
 -4.0585041113277216E-02 a       616     0    31     1    16
  9.9827962492867073E-02 a       617     0    31     1    17
 -2.4728709131755573E-02 a       618     0    31     1    18
 -1.3718115135967150E-02 a       619     0    31     1    19
  6.9577825533202770E-02 a       620     0    31     1    20
 -7.0758828296765941E-02 a       621     0    32     1     1
 -1.5743883174202691E-02 a       622     0    32     1     2
  2.2442505702091306E-01 a       623     0    32     1     3
  2.4433271182925470E-01 a       624     0    32     1     4
 -1.6678669953615430E-01 a       625     0    32     1     5
 -2.6118860382782111E-01 a       626     0    32     1     6
 -2.7889668828779446E-01 a       627     0    32     1     7
  2.2506545920773696E-01 a       628     0    32     1     8
 -4.0585626825913218E-01 a       629     0    32     1     9
 -2.8303726819590508E-01 a       630     0    32     1    10
 -1.6579780331505689E-01 a       631     0    32     1    11
  5.5495092513189945E-02 a       632     0    32     1    12
  9.7793765058570986E-02 a       633     0    32     1    13
  2.2499458970037622E-01 a       634     0    32     1    14
  2.2135446594733939E-02 a       635     0    32     1    15
  6.7630987248206612E-02 a       636     0    32     1    16
 -6.0321688565545561E-01 a       637     0    32     1    17
 -3.9844537506179739E-01 a       638     0    32     1    18
  3.7991453815278414E-01 a       639     0    32     1    19
 -1.2565024343857975E-01 a       640     0    32     1    20
  5.5303560534035569E-03 a       641     0    33     1     1
  2.2494061608812923E-02 a       642     0    33     1     2
 -6.8381719487757933E-04 a       643     0    33     1     3
 -1.2797014745714549E-01 a       644     0    33     1     4
 -1.1671376424200312E-01 a       645     0    33     1     5
 -1.2238088982002336E-01 a       646     0    33     1     6
 -2.2369993677136581E-02 a       647     0    33     1     7
 -2.1629756503438478E-02 a       648     0    33     1     8
 -1.9416960586696594E-01 a       649     0    33     1     9
 -7.2170853548880379E-02 a       650     0    33     1    10
 -1.0300465660283351E-01 a       651     0    33     1    11
 -2.2933299873290045E-02 a       652     0    33     1    12
  2.3975368402868867E-02 a       653     0    33     1    13
 -9.4572482698039237E-02 a       654     0    33     1    14
 -6.5644434369196022E-02 a       655     0    33     1    15
 -3.4538327933734507E-02 a       656     0    33     1    16
 -1.4566525409103728E-01 a       657     0    33     1    17
 -1.9546933445491532E-02 a       658     0    33     1    18
 -1.4178414903403777E-01 a       659     0    33     1    19
 -7.7329333858255050E-02 a       660     0    33     1    20
 -3.8219702089100199E-01 a       661     0    34     1     1
 -5.4489621127007637E-01 a       662     0    34     1     2
  8.5233919944275172E-01 a       663     0    34     1     3
  2.7164512499100768E-01 a       664     0    34     1     4
 -2.2286906625436503E-01 a       665     0    34     1     5
 -1.0810540906769489E-01 a       666     0    34     1     6
 -1.1470465667748460E+00 a       667     0    34     1     7
 -2.2529100553867878E-01 a       668     0    34     1     8
 -3.2570017404812091E-01 a       669     0    34     1     9
 -9.1529107857841852E-01 a       670     0    34     1    10
 -2.7238595605728033E-01 a       671     0    34     1    11
  9.4699437021940369E-01 a       672     0    34     1    12
 -4.2673498309742028E-02 a       673     0    34     1    13
 -5.7145502024267616E-02 a       674     0    34     1    14
  1.2905039895029065E+00 a       675     0    34     1    15
  1.1192201990613594E-01 a       676     0    34     1    16
  4.5220532560731663E-02 a       677     0    34     1    17
  7.2158722933409059E-01 a       678     0    34     1    18
 -3.0956789051684608E-01 a       679     0    34     1    19
 -9.0995325887010337E-01 a       680     0    34     1    20
 -4.9220278032893619E-03 a       681     0    35     1     1
  1.7484046314418966E-01 a       682     0    35     1     2
  6.6419653023311723E-02 a       683     0    35     1     3
  2.8327997528040716E-01 a       684     0    35     1     4
  1.6227829296026014E-01 a       685     0    35     1     5
 -5.0577316597187498E-02 a       686     0    35     1     6
 -3.2776210652146642E-01 a       687     0    35     1     7
  3.5357424352037514E-01 a       688     0    35     1     8
 -1.2588955257584145E-01 a       689     0    35     1     9
 -2.5317673620519809E-01 a       690     0    35     1    10
 -3.0190368802333412E-01 a       691     0    35     1    11
 -1.4503040606194331E-01 a       692     0    35     1    12
  3.7729176024879507E-01 a       693     0    35     1    13
  9.8212373414854781E-02 a       694     0    35     1    14
  1.2135935169915724E-01 a       695     0    35     1    15
  1.2253905314004819E-01 a       696     0    35     1    16
 -6.0988405486154174E-01 a       697     0    35     1    17
 -5.7450153163587125E-01 a       698     0    35     1    18
 -6.4522200055397688E-02 a       699     0    35     1    19
 -2.0751895275944490E-01 a       700     0    35     1    20
  3.3251797378492022E-02 a       701     0    36     1     1
 -1.6948472879007203E-02 a       702     0    36     1     2
 -1.1102388551264354E-01 a       703     0    36     1     3
  1.3165122960919098E-01 a       704     0    36     1     4
  1.3149178933430672E-01 a       705     0    36     1     5
  4.6091030919569516E-02 a       706     0    36     1     6
 -3.9234453489904883E-02 a       707     0    36     1     7
  1.9342825403922861E-02 a       708     0    36     1     8
  1.0884115737589177E-01 a       709     0    36     1     9
 -1.1800533432065445E-01 a       710     0    36     1    10
  6.9600762355606333E-02 a       711     0    36     1    11
  3.5142285448159789E-02 a       712     0    36     1    12
 -1.6057258497483662E-01 a       713     0    36     1    13
  9.0916470634602287E-02 a       714     0    36     1    14
 -2.4005592432362641E-02 a       715     0    36     1    15
 -1.0567454020603205E-01 a       716     0    36     1    16
  2.6452331213167662E-01 a       717     0    36     1    17
  3.4522693559457404E-02 a       718     0    36     1    18
  1.5408185923446818E-01 a       719     0    36     1    19
 -7.9353344716049518E-02 a       720     0    36     1    20
  1.7758303476962882E-02 a       721     0    37     1     1
 -2.5240819786438151E-01 a       722     0    37     1     2
 -1.1819867213605581E-01 a       723     0    37     1     3
  1.6240425730109895E-01 a       724     0    37     1     4
  1.7215652982840476E-01 a       725     0    37     1     5
 -7.9007702895453252E-02 a       726     0    37     1     6
  1.6987040468741685E-01 a       727     0    37     1     7
 -2.0900321961589452E-01 a       728     0    37     1     8
 -1.4347213544134761E-02 a       729     0    37     1     9
  1.0018850841553613E-01 a       730     0    37     1    10
 -1.6404744178259015E-01 a       731     0    37     1    11
  2.4209470910090507E-02 a       732     0    37     1    12
 -1.0061335453536369E-01 a       733     0    37     1    13
  6.0520116543413098E-02 a       734     0    37     1    14
 -1.7783543446939384E-01 a       735     0    37     1    15
  4.1591706884991295E-02 a       736     0    37     1    16
 -1.5499350201205819E-01 a       737     0    37     1    17
  2.5282672396884531E-02 a       738     0    37     1    18
  1.9095180720748334E-01 a       739     0    37     1    19
 -6.7187203827267519E-02 a       740     0    37     1    20
 -3.1208918385291534E-01 a       741     0    38     1     1
  3.6152925886287923E-01 a       742     0    38     1     2
 -8.8810406863491231E-02 a       743     0    38     1     3
  8.8601991359912577E-02 a       744     0    38     1     4
 -4.6705772189066963E-02 a       745     0    38     1     5
  2.4629421689000930E-01 a       746     0    38     1     6
  3.5617534040712291E-03 a       747     0    38     1     7
 -4.3908825212932073E-02 a       748     0    38     1     8
 -1.6039334690165774E-01 a       749     0    38     1     9
 -2.8924621334000350E-01 a       750     0    38     1    10
 -1.3026191300890874E-01 a       751     0    38     1    11
 -1.3004482535310768E-01 a       752     0    38     1    12
 -1.8880612792326928E-02 a       753     0    38     1    13
 -1.4085585474822934E-01 a       754     0    38     1    14
  3.2519139857861090E-02 a       755     0    38     1    15
 -1.6033745535644728E-01 a       756     0    38     1    16
 -9.8807815437643970E-02 a       757     0    38     1    17
  1.2039190210491854E-01 a       758     0    38     1    18
 -4.8812057592838097E-02 a       759     0    38     1    19
 -2.0848952631924328E-01 a       760     0    38     1    20
 -1.1113111115711002E-02 a       761     0    39     1     1
  8.6797064173718616E-02 a       762     0    39     1     2
 -6.6632944332640748E-02 a       763     0    39     1     3
 -8.1465997422217259E-03 a       764     0    39     1     4
  2.0006891370414323E-02 a       765     0    39     1     5
  2.2353176124989896E-01 a       766     0    39     1     6
 -1.8912171908309264E-01 a       767     0    39     1     7
  2.0006636741947059E-01 a       768     0    39     1     8
  6.0982481668371703E-02 a       769     0    39     1     9
  5.7142997510978615E-02 a       770     0    39     1    10
 -3.1291602891627751E-01 a       771     0    39     1    11
  1.2603829200837957E-01 a       772     0    39     1    12
 -1.8188656388078142E-01 a       773     0    39     1    13
  2.0392474753320178E-01 a       774     0    39     1    14
 -1.1362530394838660E-01 a       775     0    39     1    15
 -6.2831837337584878E-02 a       776     0    39     1    16
  3.5558989779619349E-01 a       777     0    39     1    17
 -1.4976065531849447E-01 a       778     0    39     1    18
 -2.9662941152126199E-01 a       779     0    39     1    19
  1.9115971065326662E-01 a       780     0    39     1    20
 -3.5300264005895082E-01 a       781     0    40     1     1
  5.2607163637776866E-01 a       782     0    40     1     2
 -5.8641302165874243E-01 a       783     0    40     1     3
  4.5800327987672973E-01 a       784     0    40     1     4
 -2.4903561706959473E-01 a       785     0    40     1     5
  1.1262141436027062E+00 a       786     0    40     1     6
  1.2403018687837701E+00 a       787     0    40     1     7
  1.3158067266372737E+00 a       788     0    40     1     8
 -1.4757533833167089E+00 a       789     0    40     1     9
  5.4206561349791682E-01 a       790     0    40     1    10
  3.7476676842828605E-01 a       791     0    40     1    11
 -9.4641713951378692E-01 a       792     0    40     1    12
  6.1539298447547786E-01 a       793     0    40     1    13
 -2.6663779628746631E-01 a       794     0    40     1    14
  3.9175622022105400E-01 a       795     0    40     1    15
 -8.5492501191789327E-01 a       796     0    40     1    16
 -5.9471909879453422E-01 a       797     0    40     1    17
  2.0765656062675475E-01 a       798     0    40     1    18
 -5.0873864725740936E-01 a       799     0    40     1    19
  3.2951271828795792E-01 a       800     0    40     1    20
 -1.7624123010789547E-01 a       801     0    41     1     1
  3.7805432271003026E-02 a       802     0    41     1     2
  1.2276115642001492E-01 a       803     0    41     1     3
 -1.8908051120516425E-01 a       804     0    41     1     4
 -3.4635593773986484E-01 a       805     0    41     1     5
 -1.8119209259990610E-01 a       806     0    41     1     6
 -1.1464479924523656E-01 a       807     0    41     1     7
 -1.3935008986646943E-01 a       808     0    41     1     8
  2.9495559086342788E-02 a       809     0    41     1     9
 -2.6781463494599961E-01 a       810     0    41     1    10
  2.5203022584653656E-01 a       811     0    41     1    11
  1.0214514085093852E-01 a       812     0    41     1    12
  2.6327445695296303E-01 a       813     0    41     1    13
 -1.0935324210959001E-01 a       814     0    41     1    14
 -1.4040593440996951E-01 a       815     0    41     1    15
 -1.7051908879605421E-01 a       816     0    41     1    16
  1.8593720839854819E-01 a       817     0    41     1    17
  3.5978813560454675E-01 a       818     0    41     1    18
 -3.2677816105534990E-01 a       819     0    41     1    19
 -5.8011730356642799E-01 a       820     0    41     1    20
 -5.5050462127184931E-02 a       821     0    42     1     1
  8.6186799347850909E-02 a       822     0    42     1     2
  1.4916900330092991E-01 a       823     0    42     1     3
 -4.5391010260813436E-02 a       824     0    42     1     4
 -1.3822606082052044E-01 a       825     0    42     1     5
  1.4931356053487302E-01 a       826     0    42     1     6
  1.2287159969837264E-01 a       827     0    42     1     7
 -1.1840319373815121E-01 a       828     0    42     1     8
 -8.9467932551695759E-02 a       829     0    42     1     9
  3.3666432308839367E-01 a       830     0    42     1    10
 -2.5626615770962174E-01 a       831     0    42     1    11
 -7.4474950950027638E-02 a       832     0    42     1    12
  6.4365610790239197E-02 a       833     0    42     1    13
 -7.1869323658715276E-02 a       834     0    42     1    14
  1.4451442976971757E-01 a       835     0    42     1    15
  4.5504746071380880E-01 a       836     0    42     1    16
 -1.6191396130065419E-01 a       837     0    42     1    17
  1.3828090403959942E-01 a       838     0    42     1    18
  1.2112966691535618E-01 a       839     0    42     1    19
  1.6863906989502295E-01 a       840     0    42     1    20
  3.6242156615676133E-02 a       841     0    43     1     1
 -3.7225754063309129E-02 a       842     0    43     1     2
  1.9389880544764211E-02 a       843     0    43     1     3
 -3.8900349646494782E-02 a       844     0    43     1     4
 -3.5992824696445727E-02 a       845     0    43     1     5
  7.3475095511763178E-02 a       846     0    43     1     6
 -1.4017563698544922E-02 a       847     0    43     1     7
 -4.8175519941962584E-02 a       848     0    43     1     8
  3.0309056625328970E-02 a       849     0    43     1     9
  1.0786623132174547E-01 a       850     0    43     1    10
 -1.0397372484066845E-01 a       851     0    43     1    11
 -6.3564364101933628E-03 a       852     0    43     1    12
 -8.4191304253666027E-02 a       853     0    43     1    13
 -8.8909831892941160E-02 a       854     0    43     1    14
 -3.8365818030397382E-02 a       855     0    43     1    15
  5.5571071480071690E-02 a       856     0    43     1    16
 -7.5205431490716318E-02 a       857     0    43     1    17
  1.6480482994009026E-02 a       858     0    43     1    18
 -3.3125002300457341E-03 a       859     0    43     1    19
 -2.5873404098215931E-02 a       860     0    43     1    20
 -9.9110727103898150E-02 a       861     0    44     1     1
 -3.6651978162902638E-02 a       862     0    44     1     2
  1.1803642064536481E-01 a       863     0    44     1     3
  1.2067511918836166E-01 a       864     0    44     1     4
  3.1864779541198436E-02 a       865     0    44     1     5
 -1.0762283539956982E-03 a       866     0    44     1     6
 -4.1194593449169255E-03 a       867     0    44     1     7
 -7.4840556506939031E-03 a       868     0    44     1     8
  2.5302793990741040E-01 a       869     0    44     1     9
  2.4374690009807368E-01 a       870     0    44     1    10
 -2.7002613522996977E-02 a       871     0    44     1    11
  3.1865122976090725E-02 a       872     0    44     1    12
 -8.9543733855050031E-02 a       873     0    44     1    13
 -1.3748733540421923E-01 a       874     0    44     1    14
 -9.3588525922661536E-02 a       875     0    44     1    15
  4.3258397549598079E-02 a       876     0    44     1    16
  2.7949055951101137E-01 a       877     0    44     1    17
 -9.6836479618472460E-03 a       878     0    44     1    18
  7.8656134081992041E-02 a       879     0    44     1    19
 -3.1594991671850226E-01 a       880     0    44     1    20
 -3.7128664176510909E-02 a       881     0    45     1     1
  3.4801644879182470E-02 a       882     0    45     1     2
 -1.7877640133120241E-02 a       883     0    45     1     3
  4.9034603100555872E-02 a       884     0    45     1     4
  3.6065597553400754E-02 a       885     0    45     1     5
 -6.1715685055433803E-02 a       886     0    45     1     6
  2.5204974016871939E-02 a       887     0    45     1     7
  3.9446266419476343E-02 a       888     0    45     1     8
 -4.9401049316788369E-02 a       889     0    45     1     9
 -1.5999656254607147E-01 a       890     0    45     1    10
  1.5278952447485780E-01 a       891     0    45     1    11
  1.1349253927623093E-02 a       892     0    45     1    12
  1.5023439352607471E-01 a       893     0    45     1    13
  3.0339250121462814E-02 a       894     0    45     1    14
  8.2010499989299393E-02 a       895     0    45     1    15
 -4.4547595869267230E-02 a       896     0    45     1    16
  1.2665719878605930E-01 a       897     0    45     1    17
 -9.4759357482775072E-03 a       898     0    45     1    18
  1.3110056162033031E-02 a       899     0    45     1    19
  4.7769783634470315E-03 a       900     0    45     1    20
 -2.9579078327324265E-01 a       901     0    46     1     1
 -1.6285387992762038E-01 a       902     0    46     1     2
  4.8508565156519773E-01 a       903     0    46     1     3
  1.7935708510221943E-01 a       904     0    46     1     4
 -4.3626739554666527E-01 a       905     0    46     1     5
  6.0036924066639652E-01 a       906     0    46     1     6
  1.1142084883151247E-01 a       907     0    46     1     7
  3.9783126031436700E-01 a       908     0    46     1     8
  2.6842528124874698E-01 a       909     0    46     1     9
  4.6862184474443375E-02 a       910     0    46     1    10
  5.7698093646815399E-02 a       911     0    46     1    11
  9.4641992178546866E-02 a       912     0    46     1    12
 -3.2327166209343849E-01 a       913     0    46     1    13
  1.2418077132304914E-01 a       914     0    46     1    14
 -8.2771739257313048E-01 a       915     0    46     1    15
  2.0229484934385661E-01 a       916     0    46     1    16
 -1.6813850954025600E-01 a       917     0    46     1    17
 -2.5179076078078022E-01 a       918     0    46     1    18
 -1.1971682669138062E-01 a       919     0    46     1    19
  2.1899854722756476E-01 a       920     0    46     1    20
 -2.0881751986237371E-01 a       921     0    47     1     1
  4.8934713531156977E-02 a       922     0    47     1     2
  1.3565285831875817E-01 a       923     0    47     1     3
  5.2666196755113394E-02 a       924     0    47     1     4
 -1.9304193753302665E-01 a       925     0    47     1     5
  2.3068631882440954E-01 a       926     0    47     1     6
 -1.8145760859784180E-01 a       927     0    47     1     7
 -8.8503833198185902E-02 a       928     0    47     1     8
  1.3777220026136211E-01 a       929     0    47     1     9
 -5.9766018287996790E-02 a       930     0    47     1    10
 -1.2527489173310155E-01 a       931     0    47     1    11
 -3.8451779104565167E-02 a       932     0    47     1    12
  1.1670040603296279E-01 a       933     0    47     1    13
 -2.9210636980232468E-01 a       934     0    47     1    14
 -4.1217841226377244E-01 a       935     0    47     1    15
  3.5404919382515054E-01 a       936     0    47     1    16
 -1.4488790462203857E-01 a       937     0    47     1    17
  4.3557632952551412E-01 a       938     0    47     1    18
  1.0595477503528357E-01 a       939     0    47     1    19
 -6.7082753548170782E-01 a       940     0    47     1    20
  2.5853341854910093E-02 a       941     0    48     1     1
 -2.8587620616428804E-03 a       942     0    48     1     2
 -1.0137925133748215E-02 a       943     0    48     1     3
  9.0581440288231077E-03 a       944     0    48     1     4
  2.1883059123070790E-02 a       945     0    48     1     5
  2.0894890566296093E-01 a       946     0    48     1     6
  2.0746176171236381E-02 a       947     0    48     1     7
 -3.8190043802521688E-02 a       948     0    48     1     8
  1.6097415776049023E-01 a       949     0    48     1     9
  1.4065904097469742E-01 a       950     0    48     1    10
 -1.0807199306118547E-02 a       951     0    48     1    11
 -4.3538898467165993E-02 a       952     0    48     1    12
 -1.9948617636629556E-02 a       953     0    48     1    13
  2.4427273064720877E-02 a       954     0    48     1    14
  6.4398791535644054E-02 a       955     0    48     1    15
  1.3341473593460451E-01 a       956     0    48     1    16
 -1.2060436593126496E-01 a       957     0    48     1    17
  1.5848087213489659E-01 a       958     0    48     1    18
  9.3488654046283204E-02 a       959     0    48     1    19
 -4.5575039417019604E-02 a       960     0    48     1    20
  6.2036662091301577E-02 a       961     0    49     1     1
  1.4258077775669672E-01 a       962     0    49     1     2
  8.1636039896954074E-02 a       963     0    49     1     3
 -1.4450087367799072E-01 a       964     0    49     1     4
 -1.5623153173780041E-01 a       965     0    49     1     5
  5.4192405679701610E-03 a       966     0    49     1     6
 -1.3609918531926130E-01 a       967     0    49     1     7
  1.5272499039840920E-01 a       968     0    49     1     8
 -3.2442228632183247E-02 a       969     0    49     1     9
 -8.3590197697288149E-02 a       970     0    49     1    10
  2.0753904995948747E-02 a       971     0    49     1    11
 -1.9127015054459753E-02 a       972     0    49     1    12
  4.7320012380193489E-02 a       973     0    49     1    13
 -2.5066905285651769E-01 a       974     0    49     1    14
  1.3285421631700833E-01 a       975     0    49     1    15
 -2.8065975579406936E-02 a       976     0    49     1    16
  3.1930527991424040E-02 a       977     0    49     1    17
  3.6973080185581403E-02 a       978     0    49     1    18
 -1.1964944950685219E-01 a       979     0    49     1    19
  5.2756565554288204E-02 a       980     0    49     1    20
  2.0632184677685123E-01 a       981     0    50     1     1
 -1.9767985987146092E-01 a       982     0    50     1     2
  5.6112084930707185E-02 a       983     0    50     1     3
 -1.2674787504129156E-01 a       984     0    50     1     4
  2.8423693755615332E-03 a       985     0    50     1     5
 -1.6478673107421882E-01 a       986     0    50     1     6
  1.5895302350929921E-02 a       987     0    50     1     7
  2.6145004173752574E-02 a       988     0    50     1     8
 -2.8362272520201130E-02 a       989     0    50     1     9
  1.1595251620246651E-01 a       990     0    50     1    10
 -7.7768060940147529E-02 a       991     0    50     1    11
  5.5003173838842040E-02 a       992     0    50     1    12
 -1.9658463265382033E-02 a       993     0    50     1    13
 -3.5083453715829438E-02 a       994     0    50     1    14
  3.0430412766827945E-02 a       995     0    50     1    15
  2.7936480321435194E-02 a       996     0    50     1    16
  8.5041875874426062E-02 a       997     0    50     1    17
 -1.0024753175917558E-01 a       998     0    50     1    18
 -7.7542238157296717E-02 a       999     0    50     1    19
  1.4870870523647151E-01 a      1000     0    50     1    20
 -1.1490682087666262E-01 a      1001     0    51     1     1
 -5.0515843572552802E-02 a      1002     0    51     1     2
  1.0507045656760505E-01 a      1003     0    51     1     3
  4.5340283987449957E-02 a      1004     0    51     1     4
 -3.5284915040336595E-02 a      1005     0    51     1     5
 -1.7432305472449355E-01 a      1006     0    51     1     6
  1.6156007777543308E-01 a      1007     0    51     1     7
 -1.5403211656493007E-01 a      1008     0    51     1     8
  6.1928545329198573E-02 a      1009     0    51     1     9
  4.4027812921893825E-02 a      1010     0    51     1    10
  2.9119507262270361E-01 a      1011     0    51     1    11
 -3.1854559773208904E-02 a      1012     0    51     1    12
  1.1203875986611148E-01 a      1013     0    51     1    13
  1.4009328306985167E-01 a      1014     0    51     1    14
  3.1907717435253917E-03 a      1015     0    51     1    15
  1.5932257191731105E-02 a      1016     0    51     1    16
 -1.4108162310009390E-02 a      1017     0    51     1    17
 -1.6004858106999070E-02 a      1018     0    51     1    18
 -2.1154706482253371E-02 a      1019     0    51     1    19
 -2.9944263406180738E-01 a      1020     0    51     1    20
 -1.7995934625700684E-02 a      1021     0    52     1     1
 -4.4961286731500244E-01 a      1022     0    52     1     2
  7.3076081945404925E-01 a      1023     0    52     1     3
 -2.4098874966213019E-01 a      1024     0    52     1     4
  4.4843651397029466E-01 a      1025     0    52     1     5
 -4.8037854930542223E-01 a      1026     0    52     1     6
 -3.6356948505698111E-01 a      1027     0    52     1     7
 -7.3422374789072087E-01 a      1028     0    52     1     8
  7.0226541164802658E-01 a      1029     0    52     1     9
  2.7636142947590286E-03 a      1030     0    52     1    10
  1.0970231105614145E+00 a      1031     0    52     1    11
  6.9871197734972879E-01 a      1032     0    52     1    12
  7.7107730410982855E-01 a      1033     0    52     1    13
  5.2552300348620695E-01 a      1034     0    52     1    14
  3.2084004812721689E-01 a      1035     0    52     1    15
  5.4850574326416923E-01 a      1036     0    52     1    16
 -8.4264702441519179E-02 a      1037     0    52     1    17
 -4.9194330604701247E-01 a      1038     0    52     1    18
  3.3272614787485011E-01 a      1039     0    52     1    19
 -2.5112697799723745E-02 a      1040     0    52     1    20
  7.1113378177277004E-02 a      1041     0    53     1     1
 -8.0234459527706060E-03 a      1042     0    53     1     2
 -5.6443365632582197E-02 a      1043     0    53     1     3
  1.1170983782087547E-01 a      1044     0    53     1     4
  1.2626145868189978E-01 a      1045     0    53     1     5
  4.9538064833057185E-02 a      1046     0    53     1     6
  5.0741430978923814E-02 a      1047     0    53     1     7
  8.2589770040558813E-02 a      1048     0    53     1     8
  1.0588806701357387E-01 a      1049     0    53     1     9
  1.0558080947974868E-01 a      1050     0    53     1    10
 -1.6489884907234847E-01 a      1051     0    53     1    11
 -6.2965486839775375E-02 a      1052     0    53     1    12
 -1.6068705733063146E-01 a      1053     0    53     1    13
  6.6837502906437779E-02 a      1054     0    53     1    14
  4.1694909071073816E-02 a      1055     0    53     1    15
  6.0681286698604502E-02 a      1056     0    53     1    16
 -8.4313740700513243E-02 a      1057     0    53     1    17
 -1.6640453334829017E-01 a      1058     0    53     1    18
  1.8101093079276551E-01 a      1059     0    53     1    19
  2.5386677892392656E-01 a      1060     0    53     1    20
  3.2454578213660171E-02 a      1061     0    54     1     1
 -5.7435551812105440E-02 a      1062     0    54     1     2
 -8.0121829101361161E-02 a      1063     0    54     1     3
 -1.6831145728289972E-02 a      1064     0    54     1     4
  2.7311911765786075E-02 a      1065     0    54     1     5
 -8.6822832668335237E-02 a      1066     0    54     1     6
 -5.0497290303240058E-02 a      1067     0    54     1     7
  9.5593769526412603E-02 a      1068     0    54     1     8
  6.0857368603696220E-02 a      1069     0    54     1     9
 -2.7565341442021468E-01 a      1070     0    54     1    10
  1.9743671328088550E-01 a      1071     0    54     1    11
  1.5327116169171130E-02 a      1072     0    54     1    12
  1.2760888110372362E-02 a      1073     0    54     1    13
  3.5290269770534115E-02 a      1074     0    54     1    14
 -4.5606393609307398E-02 a      1075     0    54     1    15
 -3.0346204022436046E-01 a      1076     0    54     1    16
 -4.9388855925168604E-02 a      1077     0    54     1    17
 -7.6045564994384668E-02 a      1078     0    54     1    18
 -2.7097215866090194E-02 a      1079     0    54     1    19
 -4.4843387574599866E-02 a      1080     0    54     1    20
 -9.0925535011777858E-02 b      1081     1     1
  5.5013177387067691E-01 b      1082     1     2
  7.4663381316279465E-01 b      1083     1     3
  4.1868156722939351E-02 b      1084     1     4
  1.0485492406994534E+00 b      1085     1     5
  6.7158736356541437E-01 b      1086     1     6
 -5.9177020710260431E-02 b      1087     1     7
 -4.3884321323002390E-01 b      1088     1     8
  1.1277091833719328E+00 b      1089     1     9
  9.3350555252002676E-01 b      1090     1    10
 -1.1538620958522223E+00 b      1091     1    11
 -6.1044282569362873E-01 b      1092     1    12
 -7.8231150326298871E-01 b      1093     1    13
  1.2788913248139604E+00 b      1094     1    14
  3.3054204302697160E-01 b      1095     1    15
  2.5252172677887719E-01 b      1096     1    16
 -1.2025504790835388E+00 b      1097     1    17
 -4.2051679252501117E-01 b      1098     1    18
 -1.2645889306639195E+00 b      1099     1    19
  9.3532840595120759E-01 b      1100     1    20
  1.1169105587195824E+00 a      1101     1     1     2     1
  2.0254679703863462E-02 a      1102     1     1     2     2
  1.4428544958282541E-01 a      1103     1     1     2     3
 -4.5966346728571994E-01 a      1104     1     1     2     4
  1.1660666669009070E-03 a      1105     1     1     2     5
 -4.3217103495788650E-01 a      1106     1     1     2     6
 -2.7127285463327544E-01 a      1107     1     1     2     7
  4.1936626826562518E-01 a      1108     1     1     2     8
 -1.0326832966647435E-01 a      1109     1     1     2     9
 -3.3587166302275213E-02 a      1110     1     1     2    10
  2.8177865357510018E-01 a      1111     1     1     2    11
 -1.4077792854220661E-01 a      1112     1     1     2    12
 -4.8218594245822721E-01 a      1113     1     1     2    13
  7.7829964848324079E-02 a      1114     1     1     2    14
 -6.6276623643405130E-01 a      1115     1     1     2    15
 -4.8571473601878273E-01 a      1116     1     1     2    16
 -8.8943762983079755E-01 a      1117     1     1     2    17
  3.6816344116594607E-01 a      1118     1     1     2    18
  1.8533397296985674E-01 a      1119     1     1     2    19
 -3.1834418020221289E-01 a      1120     1     1     2    20
 -5.8988330805018385E-01 a      1121     1     2     2     1
 -5.6601300418989628E-02 a      1122     1     2     2     2
  4.6986800909364002E-01 a      1123     1     2     2     3
  2.3987714240583974E-01 a      1124     1     2     2     4
  6.6044681926349935E-01 a      1125     1     2     2     5
 -5.4351701997781621E-01 a      1126     1     2     2     6
 -2.2795076572028611E-01 a      1127     1     2     2     7
  4.3802574138707129E-01 a      1128     1     2     2     8
  3.3290435536833904E-02 a      1129     1     2     2     9
 -1.1429593910402303E-01 a      1130     1     2     2    10
  1.3133236553089467E-01 a      1131     1     2     2    11
 -7.1611474043199941E-01 a      1132     1     2     2    12
  6.7855253751943456E-02 a      1133     1     2     2    13
  1.9517648070675597E-01 a      1134     1     2     2    14
 -3.5743178289023514E-01 a      1135     1     2     2    15
  2.9189957749197765E-01 a      1136     1     2     2    16
 -3.3887648926371211E-01 a      1137     1     2     2    17
  4.2888228526819283E-01 a      1138     1     2     2    18
  7.2352866409558481E-01 a      1139     1     2     2    19
 -4.0372453098622435E-01 a      1140     1     2     2    20
  1.4989253073670117E-01 a      1141     1     3     2     1
 -3.7244746189906419E-01 a      1142     1     3     2     2
  1.6896011020169319E-01 a      1143     1     3     2     3
  9.5312456386657163E-01 a      1144     1     3     2     4
 -1.2126688561494016E-01 a      1145     1     3     2     5
 -1.6415551556072305E-01 a      1146     1     3     2     6
 -2.0353617389566495E-01 a      1147     1     3     2     7
 -1.1220638594294294E-01 a      1148     1     3     2     8
 -2.8021165556252398E-01 a      1149     1     3     2     9
 -5.6440110009618605E-01 a      1150     1     3     2    10
  1.0136665641809517E-01 a      1151     1     3     2    11
  5.9731977734571462E-01 a      1152     1     3     2    12
  9.7945016207521696E-01 a      1153     1     3     2    13
 -7.7602863173290126E-02 a      1154     1     3     2    14
 -9.0404575332906079E-01 a      1155     1     3     2    15
 -6.6230779302464993E-01 a      1156     1     3     2    16
  9.1317291194513081E-02 a      1157     1     3     2    17
  3.2626042585996895E-01 a      1158     1     3     2    18
 -2.1582908605041265E-01 a      1159     1     3     2    19
 -3.3109192201286491E-01 a      1160     1     3     2    20
  2.9371207295232399E-01 a      1161     1     4     2     1
  3.4692971167205483E-01 a      1162     1     4     2     2
 -1.7765577925612955E-01 a      1163     1     4     2     3
  1.9724036915921658E-01 a      1164     1     4     2     4
 -2.5020818953236185E-01 a      1165     1     4     2     5
 -3.8531872783617538E-01 a      1166     1     4     2     6
 -1.4203659267104461E-02 a      1167     1     4     2     7
  4.3359478802566670E-01 a      1168     1     4     2     8
  6.7383361572784761E-01 a      1169     1     4     2     9
  3.7366183612061354E-01 a      1170     1     4     2    10
 -4.7804173814543705E-01 a      1171     1     4     2    11
  5.4980730800272659E-02 a      1172     1     4     2    12
 -2.0976456406085073E-01 a      1173     1     4     2    13
  3.7429223459168171E-01 a      1174     1     4     2    14
  7.5261465318274123E-01 a      1175     1     4     2    15
 -1.4449614386451545E-01 a      1176     1     4     2    16
  2.2099769380292661E-01 a      1177     1     4     2    17
 -1.2651060945567225E-01 a      1178     1     4     2    18
 -1.7783209719473322E-01 a      1179     1     4     2    19
 -2.7894809347394167E-01 a      1180     1     4     2    20
 -2.8449434052786601E-02 a      1181     1     5     2     1
 -1.5890938230238885E-01 a      1182     1     5     2     2
 -1.6386133669497449E-01 a      1183     1     5     2     3
  1.9504953935244662E-01 a      1184     1     5     2     4
 -2.9580587490491916E-01 a      1185     1     5     2     5
  3.9192930609304011E-01 a      1186     1     5     2     6
  3.4077523036165469E-01 a      1187     1     5     2     7
  4.0894778171315960E-01 a      1188     1     5     2     8
 -5.5923567748253200E-01 a      1189     1     5     2     9
 -3.2033058862686964E-01 a      1190     1     5     2    10
  2.1380647873791750E-01 a      1191     1     5     2    11
  4.2671976566269654E-01 a      1192     1     5     2    12
  5.2483185096367757E-01 a      1193     1     5     2    13
  7.5022280140150621E-01 a      1194     1     5     2    14
  3.0108351110273851E-01 a      1195     1     5     2    15
  3.6179258793851315E-01 a      1196     1     5     2    16
  8.6416390686366487E-02 a      1197     1     5     2    17
  2.9959157654070007E-01 a      1198     1     5     2    18
 -1.0883130432541128E-01 a      1199     1     5     2    19
 -1.9890887774145016E-01 a      1200     1     5     2    20
  1.2546241494115633E+00 a      1201     1     6     2     1
 -2.7828849630998603E-01 a      1202     1     6     2     2
 -5.4612768627020636E-01 a      1203     1     6     2     3
  9.6515776066188233E-02 a      1204     1     6     2     4
 -4.6540510429942694E-01 a      1205     1     6     2     5
  1.7368220741523335E-01 a      1206     1     6     2     6
  7.2511537276797899E-01 a      1207     1     6     2     7
  1.0581092773761201E-02 a      1208     1     6     2     8
  4.2836498028335646E-01 a      1209     1     6     2     9
 -3.8955818628538341E-01 a      1210     1     6     2    10
  3.0525072789045082E-01 a      1211     1     6     2    11
  6.0312833218986661E-01 a      1212     1     6     2    12
  4.9720941739382024E-01 a      1213     1     6     2    13
  4.8581315560323296E-01 a      1214     1     6     2    14
 -2.8337951797381533E-01 a      1215     1     6     2    15
  5.2145756014015399E-01 a      1216     1     6     2    16
  1.2734083268938837E-01 a      1217     1     6     2    17
  4.1571257649825355E-01 a      1218     1     6     2    18
 -2.4819517994050266E-01 a      1219     1     6     2    19
  4.7654343563911600E-01 a      1220     1     6     2    20
  1.9337845238448675E-01 a      1221     1     7     2     1
  3.2803693406999823E-01 a      1222     1     7     2     2
  4.1923829116837741E-01 a      1223     1     7     2     3
 -3.4113129090777644E-01 a      1224     1     7     2     4
  2.3147961375103582E-01 a      1225     1     7     2     5
 -1.7576756218328521E-01 a      1226     1     7     2     6
 -6.9405024650007530E-01 a      1227     1     7     2     7
 -3.8373028514021079E-01 a      1228     1     7     2     8
  3.1642001514305129E-01 a      1229     1     7     2     9
  3.8666599930990242E-01 a      1230     1     7     2    10
 -5.0009379595922965E-01 a      1231     1     7     2    11
  8.4600081551131256E-01 a      1232     1     7     2    12
 -5.8164509195592562E-01 a      1233     1     7     2    13
 -5.5613535908506206E-01 a      1234     1     7     2    14
 -1.2440442510817569E-01 a      1235     1     7     2    15
 -7.6850023542109902E-02 a      1236     1     7     2    16
 -2.1244197872896017E-01 a      1237     1     7     2    17
  4.6230257449384732E-01 a      1238     1     7     2    18
  3.0865341564664012E-01 a      1239     1     7     2    19
 -4.7670614415677624E-02 a      1240     1     7     2    20
 -5.5846788609257891E-01 a      1241     1     8     2     1
 -1.1150759689502299E+00 a      1242     1     8     2     2
  5.0834822078857822E-01 a      1243     1     8     2     3
 -2.4778886509785528E-01 a      1244     1     8     2     4
 -3.4552703404757135E-01 a      1245     1     8     2     5
 -3.4032029746749881E-01 a      1246     1     8     2     6
  2.4504122132101980E-01 a      1247     1     8     2     7
  8.8195054179436594E-01 a      1248     1     8     2     8
  9.0024300312943928E-01 a      1249     1     8     2     9
 -9.6425453398988581E-01 a      1250     1     8     2    10
  2.6296628320678589E-01 a      1251     1     8     2    11
  1.3595614885487988E+00 a      1252     1     8     2    12
 -2.0824494702654166E-03 a      1253     1     8     2    13
 -4.3702841226559819E-01 a      1254     1     8     2    14
  8.2714091304785256E-02 a      1255     1     8     2    15
 -7.5210976281918229E-01 a      1256     1     8     2    16
  1.1634972581768750E-01 a      1257     1     8     2    17
  5.9554184543103006E-01 a      1258     1     8     2    18
  7.3849090687320107E-01 a      1259     1     8     2    19
 -1.1115319487620087E-01 a      1260     1     8     2    20
 -5.1641562649861383E-01 a      1261     1     9     2     1
 -1.8927911335905051E-01 a      1262     1     9     2     2
  3.5011357445142932E-01 a      1263     1     9     2     3
 -2.9234619903383940E-01 a      1264     1     9     2     4
 -3.8161011463819600E-01 a      1265     1     9     2     5
  7.3224136868684342E-02 a      1266     1     9     2     6
  6.5448340697933161E-01 a      1267     1     9     2     7
 -1.4456374948227962E-01 a      1268     1     9     2     8
 -8.6522439373485180E-02 a      1269     1     9     2     9
 -4.1381268737208465E-01 a      1270     1     9     2    10
 -3.7204188262803861E-01 a      1271     1     9     2    11
 -1.0322044931275847E+00 a      1272     1     9     2    12
 -5.7389747881861952E-01 a      1273     1     9     2    13
 -7.2648471540871619E-03 a      1274     1     9     2    14
 -5.2301627631089320E-01 a      1275     1     9     2    15
  2.6632603284880962E-01 a      1276     1     9     2    16
  9.1586031407212143E-01 a      1277     1     9     2    17
 -5.8617840819579436E-01 a      1278     1     9     2    18
 -9.7087583663784047E-02 a      1279     1     9     2    19
  4.5073489519692450E-01 a      1280     1     9     2    20
 -3.8755813426523525E-02 a      1281     1    10     2     1
  2.3898024457923830E-01 a      1282     1    10     2     2
  8.9376924801943380E-01 a      1283     1    10     2     3
  1.9473643999404330E-01 a      1284     1    10     2     4
  3.8228355324721153E-01 a      1285     1    10     2     5
  3.5845596255626261E-01 a      1286     1    10     2     6
 -8.5179113134007756E-01 a      1287     1    10     2     7
 -6.4251974377989451E-01 a      1288     1    10     2     8
  8.9825325346041873E-01 a      1289     1    10     2     9
 -1.8805391419389955E-01 a      1290     1    10     2    10
  4.7918226863320568E-01 a      1291     1    10     2    11
  3.9206377880587756E-01 a      1292     1    10     2    12
  4.0374744206120788E-01 a      1293     1    10     2    13
  3.3579598949212369E-01 a      1294     1    10     2    14
 -5.8511935862904596E-01 a      1295     1    10     2    15
 -4.1180937413820695E-01 a      1296     1    10     2    16
  3.9334302332532800E-01 a      1297     1    10     2    17
  1.7572340162745745E-01 a      1298     1    10     2    18
 -4.1779993576913982E-01 a      1299     1    10     2    19
  3.9075136352937351E-01 a      1300     1    10     2    20
  8.3471864608503671E-02 a      1301     1    11     2     1
 -1.5907474039376590E-01 a      1302     1    11     2     2
 -1.1137285288119912E-01 a      1303     1    11     2     3
 -1.2785798811431950E-01 a      1304     1    11     2     4
  4.9511800315327392E-01 a      1305     1    11     2     5
 -1.4568540159753671E-01 a      1306     1    11     2     6
 -4.1012341203964839E-02 a      1307     1    11     2     7
 -3.7543763646211820E-01 a      1308     1    11     2     8
 -2.7607471331574795E-01 a      1309     1    11     2     9
  1.7783024928400112E-01 a      1310     1    11     2    10
  3.4521661274062637E-01 a      1311     1    11     2    11
 -1.1628087262946832E-01 a      1312     1    11     2    12
 -1.2640678129947117E-01 a      1313     1    11     2    13
  9.4771009241031778E-01 a      1314     1    11     2    14
 -5.9704864167819593E-01 a      1315     1    11     2    15
 -7.0362630105926999E-02 a      1316     1    11     2    16
  1.6586188323935275E-01 a      1317     1    11     2    17
  1.0582520430124294E-01 a      1318     1    11     2    18
  4.3301108593236798E-01 a      1319     1    11     2    19
 -1.3061264489282831E-01 a      1320     1    11     2    20
 -5.5880087711360195E-02 a      1321     1    12     2     1
  1.5846118363103304E-01 a      1322     1    12     2     2
 -6.6247882227482235E-01 a      1323     1    12     2     3
  3.4473567470763633E-01 a      1324     1    12     2     4
 -7.0860187881263914E-01 a      1325     1    12     2     5
  4.5682094410364538E-01 a      1326     1    12     2     6
  5.2239824059378259E-01 a      1327     1    12     2     7
 -4.9997733378664888E-01 a      1328     1    12     2     8
 -1.6956748091068197E-01 a      1329     1    12     2     9
 -8.1783037820571081E-01 a      1330     1    12     2    10
 -7.0125937820237738E-01 a      1331     1    12     2    11
  1.2941300971007546E+00 a      1332     1    12     2    12
  6.0882335549983368E-01 a      1333     1    12     2    13
  3.9222475197010054E-01 a      1334     1    12     2    14
  3.9392157901828972E-01 a      1335     1    12     2    15
 -1.5547469686000511E-02 a      1336     1    12     2    16
 -1.0779045353190586E+00 a      1337     1    12     2    17
  4.8603298571046372E-01 a      1338     1    12     2    18
 -7.4481794814596580E-01 a      1339     1    12     2    19
 -5.8308422994956623E-02 a      1340     1    12     2    20
  3.0525485967180471E-01 a      1341     1    13     2     1
  4.9574782061835654E-01 a      1342     1    13     2     2
  1.9868409949730020E-01 a      1343     1    13     2     3
  1.0630541398967699E-01 a      1344     1    13     2     4
  2.3017145209775661E-02 a      1345     1    13     2     5
  3.9690385418636530E-02 a      1346     1    13     2     6
  8.6879642315997563E-01 a      1347     1    13     2     7
 -1.3522745867807001E-01 a      1348     1    13     2     8
  3.3730707344439032E-01 a      1349     1    13     2     9
 -4.6750153127906674E-01 a      1350     1    13     2    10
  3.4427564177133407E-01 a      1351     1    13     2    11
 -1.0430134409133547E+00 a      1352     1    13     2    12
  2.0689569873667008E-02 a      1353     1    13     2    13
 -1.0318581223593512E-01 a      1354     1    13     2    14
 -3.1078488953549727E-01 a      1355     1    13     2    15
  2.7266530717970894E-01 a      1356     1    13     2    16
 -1.5011246714113929E-01 a      1357     1    13     2    17
 -1.1390199948315539E-01 a      1358     1    13     2    18
 -4.7628059373589299E-01 a      1359     1    13     2    19
  3.7621978554623575E-01 a      1360     1    13     2    20
  5.0180876309464828E-01 a      1361     1    14     2     1
 -3.5190045663586944E-01 a      1362     1    14     2     2
 -2.1802840168692222E-01 a      1363     1    14     2     3
  1.1468112844993765E-01 a      1364     1    14     2     4
 -1.8970857743181035E-01 a      1365     1    14     2     5
  4.8620064883906711E-01 a      1366     1    14     2     6
  2.1074602931802855E-02 a      1367     1    14     2     7
 -8.1496580809487466E-03 a      1368     1    14     2     8
 -6.7376821712571355E-01 a      1369     1    14     2     9
  5.0649905685570273E-01 a      1370     1    14     2    10
  4.1939919693285505E-01 a      1371     1    14     2    11
  5.4319845770530606E-01 a      1372     1    14     2    12
  5.3355981014998777E-01 a      1373     1    14     2    13
  2.3050135036209035E-01 a      1374     1    14     2    14
  2.7705517331615898E-01 a      1375     1    14     2    15
 -4.2319122645265640E-02 a      1376     1    14     2    16
  5.7668934805002281E-01 a      1377     1    14     2    17
  5.7452134827837446E-02 a      1378     1    14     2    18
 -1.8615187987117707E-01 a      1379     1    14     2    19
  1.4688786199528778E-01 a      1380     1    14     2    20
 -2.3484806348409709E-01 a      1381     1    15     2     1
  2.7926310439972696E-01 a      1382     1    15     2     2
 -4.0661607102542886E-02 a      1383     1    15     2     3
  6.3791982582058371E-01 a      1384     1    15     2     4
 -5.8079492910523389E-01 a      1385     1    15     2     5
  1.4863726652771131E-01 a      1386     1    15     2     6
  2.3892030983671222E-01 a      1387     1    15     2     7
  2.0182102380974876E-01 a      1388     1    15     2     8
 -2.5397727993932212E-01 a      1389     1    15     2     9
 -3.7290996577115376E-02 a      1390     1    15     2    10
 -4.4342744596999861E-01 a      1391     1    15     2    11
  3.5783419163240043E-01 a      1392     1    15     2    12
  5.4373713967029036E-01 a      1393     1    15     2    13
  2.8820811586694350E-01 a      1394     1    15     2    14
  8.0958582446148253E-01 a      1395     1    15     2    15
  6.0892992982731889E-02 a      1396     1    15     2    16
 -1.6221250841520710E-02 a      1397     1    15     2    17
 -2.0352156344979055E-01 a      1398     1    15     2    18
 -2.7717523165586128E-01 a      1399     1    15     2    19
 -3.8839862389320839E-01 a      1400     1    15     2    20
  4.1622561848815354E-02 a      1401     1    16     2     1
 -8.0630802215238595E-01 a      1402     1    16     2     2
 -9.2625179082348319E-01 a      1403     1    16     2     3
  5.4413977379838463E-01 a      1404     1    16     2     4
 -5.5260638861816158E-01 a      1405     1    16     2     5
 -4.7698920569232672E-01 a      1406     1    16     2     6
  9.6795637655952482E-01 a      1407     1    16     2     7
 -3.6016414478627246E-01 a      1408     1    16     2     8
 -6.4144714897146937E-01 a      1409     1    16     2     9
 -3.3450092012749816E-01 a      1410     1    16     2    10
 -5.0164108294473264E-01 a      1411     1    16     2    11
 -5.7645867601170231E-01 a      1412     1    16     2    12
  1.4266040430332798E-02 a      1413     1    16     2    13
  3.6544722484814045E-02 a      1414     1    16     2    14
 -1.9418365481371111E-01 a      1415     1    16     2    15
 -1.6748044501849191E-01 a      1416     1    16     2    16
  1.6730139656964191E-01 a      1417     1    16     2    17
 -3.6190083114136928E-01 a      1418     1    16     2    18
  7.5895280423567291E-01 a      1419     1    16     2    19
 -6.4926648334015458E-01 a      1420     1    16     2    20
  6.9026622867646037E-01 a      1421     1    17     2     1
 -8.1510719916512431E-01 a      1422     1    17     2     2
 -4.3049342155575004E-01 a      1423     1    17     2     3
  4.4418776814786246E-02 a      1424     1    17     2     4
 -7.1616486886769704E-01 a      1425     1    17     2     5
 -1.7662231349554738E-01 a      1426     1    17     2     6
  4.3666474540459099E-01 a      1427     1    17     2     7
 -7.9010781552326059E-01 a      1428     1    17     2     8
 -5.0341772205679802E-01 a      1429     1    17     2     9
 -2.2514682821813181E-01 a      1430     1    17     2    10
 -2.8014174006074943E-01 a      1431     1    17     2    11
 -6.4704898311679498E-02 a      1432     1    17     2    12
 -2.3438263507619500E-01 a      1433     1    17     2    13
 -4.0561005179181797E-01 a      1434     1    17     2    14
 -7.9676563963402525E-01 a      1435     1    17     2    15
  4.2927757390300225E-01 a      1436     1    17     2    16
  1.1439025009050953E-01 a      1437     1    17     2    17
 -3.5519067521543476E-02 a      1438     1    17     2    18
  4.4564841965422647E-01 a      1439     1    17     2    19
  3.7432824322077102E-01 a      1440     1    17     2    20
 -6.1135710223205797E-01 a      1441     1    18     2     1
 -2.1512459187665892E-01 a      1442     1    18     2     2
  7.2945220740520889E-01 a      1443     1    18     2     3
  3.6385165995309054E-01 a      1444     1    18     2     4
  7.0995110950373155E-02 a      1445     1    18     2     5
 -4.8198952435040347E-02 a      1446     1    18     2     6
 -4.7494894057841081E-01 a      1447     1    18     2     7
 -6.4104300400370318E-01 a      1448     1    18     2     8
  1.7975216494412852E-01 a      1449     1    18     2     9
 -1.1506790208723325E-01 a      1450     1    18     2    10
  9.3329243603745712E-02 a      1451     1    18     2    11
  2.9196771908756491E-01 a      1452     1    18     2    12
  2.9629469332590747E-01 a      1453     1    18     2    13
 -6.9485946444133406E-01 a      1454     1    18     2    14
  4.9667436601520931E-01 a      1455     1    18     2    15
  8.0513707028049719E-01 a      1456     1    18     2    16
 -4.9951253945496510E-01 a      1457     1    18     2    17
  2.0927706163758353E-01 a      1458     1    18     2    18
  6.4417925381491978E-02 a      1459     1    18     2    19
  6.6778876921953001E-01 a      1460     1    18     2    20
  3.5715579035279327E-01 a      1461     1    19     2     1
  6.0615432346109299E-01 a      1462     1    19     2     2
  2.1582383311856260E-01 a      1463     1    19     2     3
 -7.1006076354689851E-01 a      1464     1    19     2     4
  1.6968952423305386E-01 a      1465     1    19     2     5
  4.9264503815213628E-01 a      1466     1    19     2     6
  5.7457256967878045E-01 a      1467     1    19     2     7
 -1.7383309589218432E-01 a      1468     1    19     2     8
  7.0788986973814871E-01 a      1469     1    19     2     9
 -3.8109428138814333E-01 a      1470     1    19     2    10
  4.7174302736757323E-01 a      1471     1    19     2    11
 -7.7901915061790794E-01 a      1472     1    19     2    12
 -9.3317895250582109E-02 a      1473     1    19     2    13
 -1.3449451532076988E-02 a      1474     1    19     2    14
 -9.5027925644654065E-01 a      1475     1    19     2    15
 -3.8690687047401889E-01 a      1476     1    19     2    16
  9.4190580081434827E-02 a      1477     1    19     2    17
 -7.5523816467791494E-02 a      1478     1    19     2    18
 -7.8977096483845255E-01 a      1479     1    19     2    19
  3.0731011461851865E-01 a      1480     1    19     2    20
 -4.0600333412846290E-01 a      1481     1    20     2     1
  3.1226964738191376E-01 a      1482     1    20     2     2
  5.2004269212707475E-02 a      1483     1    20     2     3
  2.6885204526811118E-01 a      1484     1    20     2     4
  1.1238325295835326E-01 a      1485     1    20     2     5
 -4.1955874480936267E-01 a      1486     1    20     2     6
 -4.0031622807818107E-02 a      1487     1    20     2     7
  4.2886752610039131E-01 a      1488     1    20     2     8
  3.9941963336455127E-01 a      1489     1    20     2     9
  6.7342567108471932E-02 a      1490     1    20     2    10
  2.7990527600535325E-01 a      1491     1    20     2    11
 -7.9914628779552721E-01 a      1492     1    20     2    12
 -9.7699846208878907E-02 a      1493     1    20     2    13
  3.4938608751676997E-01 a      1494     1    20     2    14
 -4.9148543433440689E-01 a      1495     1    20     2    15
 -8.2247338315363641E-02 a      1496     1    20     2    16
 -8.5893183001429307E-01 a      1497     1    20     2    17
 -3.8268483944306192E-01 a      1498     1    20     2    18
  3.5403759569337900E-01 a      1499     1    20     2    19
  5.7422852455261564E-01 a      1500     1    20     2    20
  1.9664897676034596E-01 b      1501     2     1
 -1.0348666426370458E-01 b      1502     2     2
 -1.5993875808798668E+00 b      1503     2     3
 -5.0189124859919299E-01 b      1504     2     4
  7.2108096592177606E-01 b      1505     2     5
 -1.2397666639672915E+00 b      1506     2     6
 -1.1663240860586088E+00 b      1507     2     7
  8.9068990031411110E-01 b      1508     2     8
 -1.4977857484062178E+00 b      1509     2     9
  1.3569734243905483E-02 b      1510     2    10
  1.2441601243347661E-01 b      1511     2    11
  2.9607887329191279E-01 b      1512     2    12
 -4.8355827538092550E-01 b      1513     2    13
 -8.6514888475472462E-01 b      1514     2    14
  1.7551086693554302E-01 b      1515     2    15
  5.4169614971245117E-01 b      1516     2    16
  1.0007934892975985E+00 b      1517     2    17
  1.8023744258803325E+00 b      1518     2    18
  2.5669620171358742E-01 b      1519     2    19
 -1.7667742748951372E+00 b      1520     2    20
  1.6749911630595968E-01 a      1521     2     1     3     1
  2.7733824092156162E-01 a      1522     2     2     3     1
 -1.8386897955927498E-01 a      1523     2     3     3     1
 -1.2444118466628662E+00 a      1524     2     4     3     1
  3.2471129843246371E-01 a      1525     2     5     3     1
  1.2262394002018984E+00 a      1526     2     6     3     1
 -1.8095941130677071E-01 a      1527     2     7     3     1
  2.1414236935615197E-01 a      1528     2     8     3     1
  1.4387493877003776E+00 a      1529     2     9     3     1
 -6.1740564246527119E-01 a      1530     2    10     3     1
 -3.7895185008448690E-01 a      1531     2    11     3     1
  9.0280566064627990E-02 a      1532     2    12     3     1
  7.8224683993546429E-01 a      1533     2    13     3     1
 -2.7462677295252341E-02 a      1534     2    14     3     1
  1.3633698391158952E-01 a      1535     2    15     3     1
 -1.3699827007625264E-03 a      1536     2    16     3     1
 -2.1381037887012119E-01 a      1537     2    17     3     1
 -1.4301055176431350E+00 a      1538     2    18     3     1
  6.4034824155287107E-01 a      1539     2    19     3     1
  1.3677753986991954E+00 a      1540     2    20     3     1
 -4.0975308449759557E-01 b      1541     3     1
