################################################################################
# Neural network connection values (weights and biases).
################################################################################
# Col  Name       Description
################################################################################
# 1    connection Neural network connection value.
# 2    t          Connection type (a = weight, b = bias).
# 3    index      Index enumerating weights.
# 4    l_s        Starting point layer (end point layer for biases).
# 5    n_s        Starting point neuron in starting layer (end point neuron for biases).
# 6    l_e        End point layer.
# 7    n_e        End point neuron in end layer.
################################################################################
#                      1 2         3     4     5     6     7
#             connection t     index   l_s   n_s   l_e   n_e
############################################################
 -2.6954003209865229E-01 a         1     0     1     1     1
  3.1873053350869462E-01 a         2     0     1     1     2
 -4.5462542714856496E-01 a         3     0     1     1     3
  9.6024123089964453E-01 a         4     0     1     1     4
  1.9194642942128159E-01 a         5     0     1     1     5
  3.5255957730405313E-01 a         6     0     1     1     6
 -4.7015656099829328E-01 a         7     0     1     1     7
  1.7832408896973950E-01 a         8     0     1     1     8
 -1.5822752308674176E-01 a         9     0     1     1     9
 -2.8470564904425155E-01 a        10     0     1     1    10
  6.3579698798757400E-01 a        11     0     1     1    11
 -2.4485418505390086E-01 a        12     0     1     1    12
  6.8436552684973120E-04 a        13     0     1     1    13
 -3.5546512110189404E-01 a        14     0     1     1    14
 -3.4942273937516932E-01 a        15     0     1     1    15
  3.4192896525167776E-01 a        16     0     1     1    16
 -3.2583274231703496E-01 a        17     0     1     1    17
 -1.2667360490174345E-01 a        18     0     1     1    18
 -2.4221808837840672E-01 a        19     0     1     1    19
  3.4312967998968535E-01 a        20     0     1     1    20
 -6.3816171715300254E-03 a        21     0     2     1     1
 -2.1300479674997180E-01 a        22     0     2     1     2
 -2.1294637781649594E-02 a        23     0     2     1     3
  2.0560136195339759E-01 a        24     0     2     1     4
 -9.6915737424410259E-02 a        25     0     2     1     5
  9.3765819782730166E-03 a        26     0     2     1     6
  2.2309118034862485E-01 a        27     0     2     1     7
 -2.1262654028972003E-01 a        28     0     2     1     8
  9.4114240727122725E-02 a        29     0     2     1     9
 -1.6383496656707514E-01 a        30     0     2     1    10
 -1.0494412937706117E-01 a        31     0     2     1    11
  2.2898130246874865E-01 a        32     0     2     1    12
 -4.6905319547233648E-02 a        33     0     2     1    13
  3.9015015476569624E-02 a        34     0     2     1    14
  7.9537167342338660E-03 a        35     0     2     1    15
 -9.9434651938945254E-02 a        36     0     2     1    16
 -1.4211628173267984E-01 a        37     0     2     1    17
 -1.2777382653929795E-01 a        38     0     2     1    18
  7.7582524700184868E-02 a        39     0     2     1    19
 -2.5276314508216868E-01 a        40     0     2     1    20
  1.8720149130496397E-02 a        41     0     3     1     1
  2.0518878614238620E-01 a        42     0     3     1     2
  2.0001503651542317E-02 a        43     0     3     1     3
 -3.9761889471554185E-01 a        44     0     3     1     4
 -7.0129115223810246E-01 a        45     0     3     1     5
  1.7292909272276299E-01 a        46     0     3     1     6
  4.4634346354457849E-01 a        47     0     3     1     7
  1.8515347204725646E-01 a        48     0     3     1     8
  2.1994033975535274E-02 a        49     0     3     1     9
  2.8077385310150837E-01 a        50     0     3     1    10
 -2.3796414952910505E-01 a        51     0     3     1    11
  3.7789575729035768E-01 a        52     0     3     1    12
  9.9783286252438008E-01 a        53     0     3     1    13
  1.3611154118360755E-01 a        54     0     3     1    14
  3.5040915985440896E-01 a        55     0     3     1    15
  5.0638961718991016E-01 a        56     0     3     1    16
  9.8050021782145308E-02 a        57     0     3     1    17
 -1.7573593975239821E-01 a        58     0     3     1    18
  1.2004837724010706E+00 a        59     0     3     1    19
 -2.3545780059632632E-01 a        60     0     3     1    20
  4.4442483991167159E-01 a        61     0     4     1     1
 -5.0864443296976458E-01 a        62     0     4     1     2
  7.6604996908773382E-01 a        63     0     4     1     3
 -2.8543739637893123E-01 a        64     0     4     1     4
  1.8676304211445166E-01 a        65     0     4     1     5
 -6.8566393274039306E-01 a        66     0     4     1     6
  5.1405968393028212E-01 a        67     0     4     1     7
 -5.0016879243405743E-01 a        68     0     4     1     8
  2.5508199098195045E-01 a        69     0     4     1     9
  4.2646494484935105E-01 a        70     0     4     1    10
 -9.8074739777877873E-01 a        71     0     4     1    11
 -5.7009764864410728E-01 a        72     0     4     1    12
  1.8429078605688898E-01 a        73     0     4     1    13
  1.8080061195676608E-01 a        74     0     4     1    14
  1.0939942600974604E+00 a        75     0     4     1    15
 -8.1210468962176530E-01 a        76     0     4     1    16
  6.1294171876185556E-02 a        77     0     4     1    17
  1.8416097219642615E+00 a        78     0     4     1    18
  5.9294124273550119E-01 a        79     0     4     1    19
 -2.1882004067101049E-01 a        80     0     4     1    20
  6.5476385221857544E-02 a        81     0     5     1     1
 -7.4117335238708990E-02 a        82     0     5     1     2
 -7.1346893996907190E-02 a        83     0     5     1     3
 -6.0023366424267879E-02 a        84     0     5     1     4
  2.0535517831770098E-01 a        85     0     5     1     5
  3.1828442066165530E-01 a        86     0     5     1     6
 -2.8109749357637137E-01 a        87     0     5     1     7
  3.9173207668651555E-01 a        88     0     5     1     8
 -1.6397985132309104E-01 a        89     0     5     1     9
  1.0962272534448893E-01 a        90     0     5     1    10
 -1.0817446446355952E-01 a        91     0     5     1    11
 -2.4201272673230984E-02 a        92     0     5     1    12
 -3.6455928552672510E-02 a        93     0     5     1    13
 -1.4368417620159030E-01 a        94     0     5     1    14
  2.8802772327032482E-02 a        95     0     5     1    15
  1.1730181720441321E-01 a        96     0     5     1    16
 -8.9188959870783388E-02 a        97     0     5     1    17
  2.1786854914292830E-01 a        98     0     5     1    18
 -1.5680844832997917E-02 a        99     0     5     1    19
  7.8317007443432785E-02 a       100     0     5     1    20
  5.8334541564539899E-01 a       101     0     6     1     1
 -3.6712189605323142E-01 a       102     0     6     1     2
  1.0921230236352560E-01 a       103     0     6     1     3
 -2.5192962598940311E-01 a       104     0     6     1     4
  6.0314523011827170E-01 a       105     0     6     1     5
  2.5254834741948295E-01 a       106     0     6     1     6
 -5.6318064058723138E-01 a       107     0     6     1     7
  9.0045787327078974E-01 a       108     0     6     1     8
  1.5352374629694912E-01 a       109     0     6     1     9
 -5.8969996690780589E-02 a       110     0     6     1    10
  3.6563969790176287E-02 a       111     0     6     1    11
  4.1473958918280035E-01 a       112     0     6     1    12
 -4.6551724166769465E-01 a       113     0     6     1    13
 -1.3828370592455844E-03 a       114     0     6     1    14
 -6.7159214466691641E-01 a       115     0     6     1    15
 -1.9886240677692016E-01 a       116     0     6     1    16
  9.8068256479296145E-01 a       117     0     6     1    17
  4.7487712272566401E-01 a       118     0     6     1    18
 -4.0162410880906912E-01 a       119     0     6     1    19
 -2.1780187649801611E-01 a       120     0     6     1    20
 -9.3060074921818781E-01 a       121     0     7     1     1
  7.8589878120206402E-01 a       122     0     7     1     2
  6.8046082679440872E-02 a       123     0     7     1     3
 -6.4707461299269808E-01 a       124     0     7     1     4
 -9.3101574989571001E-01 a       125     0     7     1     5
  1.2367411108335508E-01 a       126     0     7     1     6
 -8.4529405388299772E-01 a       127     0     7     1     7
  4.1698053441880661E-01 a       128     0     7     1     8
  6.2759425230334998E-01 a       129     0     7     1     9
  1.6063592218668210E-01 a       130     0     7     1    10
  6.2113242615646980E-01 a       131     0     7     1    11
  3.4378750605149011E-01 a       132     0     7     1    12
  1.2468890375825244E-01 a       133     0     7     1    13
 -1.7193555940742364E-01 a       134     0     7     1    14
 -1.3189805252550473E+00 a       135     0     7     1    15
  5.7108778795811665E-01 a       136     0     7     1    16
 -8.4993403446614335E-01 a       137     0     7     1    17
 -1.7063504415712929E+00 a       138     0     7     1    18
 -4.3037115034352080E-01 a       139     0     7     1    19
  4.8755010725322223E-01 a       140     0     7     1    20
 -1.5183081382533756E-01 a       141     0     8     1     1
  1.5381635836259144E-01 a       142     0     8     1     2
  1.1870395097916576E-01 a       143     0     8     1     3
  2.4384710390346664E-01 a       144     0     8     1     4
 -2.3923974284162769E-01 a       145     0     8     1     5
 -2.1747104398309439E-01 a       146     0     8     1     6
  1.7415717147349222E-01 a       147     0     8     1     7
  3.0285287040360270E-01 a       148     0     8     1     8
 -8.8370293933420808E-03 a       149     0     8     1     9
 -1.4743577848640346E-01 a       150     0     8     1    10
 -1.1151754242643167E-01 a       151     0     8     1    11
 -8.1700917181066590E-02 a       152     0     8     1    12
  1.5548213077457909E-01 a       153     0     8     1    13
  2.4176160517970319E-01 a       154     0     8     1    14
  8.6287566502904922E-02 a       155     0     8     1    15
 -1.1596029292348034E-01 a       156     0     8     1    16
 -2.4057135596367255E-02 a       157     0     8     1    17
  2.2787930604018397E-01 a       158     0     8     1    18
 -6.4110626310930827E-02 a       159     0     8     1    19
 -3.6106118104475601E-02 a       160     0     8     1    20
 -2.0283490656114711E-01 a       161     0     9     1     1
  2.2027861289204062E-01 a       162     0     9     1     2
 -3.0159420375013185E-01 a       163     0     9     1     3
 -4.0206946259654694E-02 a       164     0     9     1     4
 -6.2989020191998490E-01 a       165     0     9     1     5
  2.4072169299821741E-01 a       166     0     9     1     6
 -1.3818465491809180E-02 a       167     0     9     1     7
  1.6761829064086098E-01 a       168     0     9     1     8
 -4.5702574297721132E-01 a       169     0     9     1     9
 -3.8083821958083817E-02 a       170     0     9     1    10
  3.3923262825922153E-02 a       171     0     9     1    11
  5.9261268855854220E-02 a       172     0     9     1    12
  3.9923088650967514E-01 a       173     0     9     1    13
  1.0481029784703418E-01 a       174     0     9     1    14
  4.7946537688312851E-01 a       175     0     9     1    15
 -2.8449913828763002E-01 a       176     0     9     1    16
  7.5860541846923502E-01 a       177     0     9     1    17
  3.3614370263370874E-01 a       178     0     9     1    18
  9.4124695074377138E-02 a       179     0     9     1    19
 -6.9161579127856521E-01 a       180     0     9     1    20
  3.9590143446285087E-01 a       181     0    10     1     1
 -4.5717376917390656E-01 a       182     0    10     1     2
  3.1440975748574213E-01 a       183     0    10     1     3
  6.5746170530878967E-01 a       184     0    10     1     4
  4.1662474416254730E-01 a       185     0    10     1     5
  6.5955778713973942E-02 a       186     0    10     1     6
  1.2051960916327838E-01 a       187     0    10     1     7
 -1.4794276666069531E-01 a       188     0    10     1     8
 -3.1702213222198988E-02 a       189     0    10     1     9
  2.8913859313206813E-01 a       190     0    10     1    10
 -3.0049571388481672E-01 a       191     0    10     1    11
 -6.6565447999835747E-01 a       192     0    10     1    12
  2.6973412038421446E-01 a       193     0    10     1    13
 -1.7681122014343104E-01 a       194     0    10     1    14
  8.3055628385347702E-01 a       195     0    10     1    15
 -3.9706067723578142E-01 a       196     0    10     1    16
 -4.4207269353057543E-01 a       197     0    10     1    17
  1.4746708252229490E+00 a       198     0    10     1    18
  4.0571789738802477E-01 a       199     0    10     1    19
  3.0448572967248261E-01 a       200     0    10     1    20
  3.4533302777073355E-01 a       201     0    11     1     1
 -2.2066012468236688E-02 a       202     0    11     1     2
  2.0882867358402456E-02 a       203     0    11     1     3
  1.3733482962056714E-01 a       204     0    11     1     4
  1.6479986456914650E-01 a       205     0    11     1     5
  2.5148616344570388E-02 a       206     0    11     1     6
 -2.7890891543699070E-01 a       207     0    11     1     7
  1.9051194776126705E-02 a       208     0    11     1     8
  1.6322543995515063E-01 a       209     0    11     1     9
 -1.3741247838729831E-01 a       210     0    11     1    10
 -9.6124586668146772E-02 a       211     0    11     1    11
 -1.0711704482087470E-01 a       212     0    11     1    12
 -6.9420099773609231E-02 a       213     0    11     1    13
 -1.1527345354568806E-01 a       214     0    11     1    14
 -1.3895612314981362E-01 a       215     0    11     1    15
  2.8336728783623749E-01 a       216     0    11     1    16
 -1.9793837973971296E-01 a       217     0    11     1    17
 -5.5236059520883687E-02 a       218     0    11     1    18
 -1.1218474562994266E-01 a       219     0    11     1    19
 -4.8103635503560255E-02 a       220     0    11     1    20
  2.1603007785637246E-01 a       221     0    12     1     1
 -2.4994981738753597E-01 a       222     0    12     1     2
  1.1719168537993793E-01 a       223     0    12     1     3
  9.5440381720049150E-02 a       224     0    12     1     4
  4.5745111823448142E-01 a       225     0    12     1     5
 -2.5705543141000486E-01 a       226     0    12     1     6
  4.8017918494425699E-01 a       227     0    12     1     7
  6.5603681855570317E-01 a       228     0    12     1     8
 -5.1070565171884164E-01 a       229     0    12     1     9
 -4.0951358617740796E-01 a       230     0    12     1    10
 -1.8119853587798490E-01 a       231     0    12     1    11
  2.4079939799582450E-01 a       232     0    12     1    12
 -5.2161979588430918E-01 a       233     0    12     1    13
 -1.6435155766775925E-01 a       234     0    12     1    14
 -1.9010007267865184E-01 a       235     0    12     1    15
  4.1759362198967170E-02 a       236     0    12     1    16
 -5.2332796240816282E-01 a       237     0    12     1    17
  2.9756956348403446E-01 a       238     0    12     1    18
 -2.1607026913899262E-04 a       239     0    12     1    19
 -3.5132960762062723E-02 a       240     0    12     1    20
 -4.6715882112571722E-01 a       241     0    13     1     1
  3.3601546886149475E-01 a       242     0    13     1     2
 -6.8465613289120195E-02 a       243     0    13     1     3
 -4.6900587530859295E-01 a       244     0    13     1     4
 -5.1344010737742651E-01 a       245     0    13     1     5
 -1.1257242241350791E-01 a       246     0    13     1     6
 -8.2106874925257825E-02 a       247     0    13     1     7
 -4.4303547128920179E-02 a       248     0    13     1     8
  1.4960996327640483E-01 a       249     0    13     1     9
 -2.9474785358848671E-01 a       250     0    13     1    10
 -3.8970333375316683E-02 a       251     0    13     1    11
  2.1329740928272681E-01 a       252     0    13     1    12
  8.0433869162777061E-04 a       253     0    13     1    13
  2.3659397222950182E-01 a       254     0    13     1    14
 -4.1280967129657636E-01 a       255     0    13     1    15
  1.4761106894060566E-01 a       256     0    13     1    16
 -2.2416640629688389E-01 a       257     0    13     1    17
 -6.8591090032512869E-01 a       258     0    13     1    18
 -1.8616396972458027E-01 a       259     0    13     1    19
 -1.5791325484584939E-01 a       260     0    13     1    20
 -3.9478690746259565E-02 a       261     0    14     1     1
 -1.4812117281974063E-01 a       262     0    14     1     2
 -5.8350406870141241E-03 a       263     0    14     1     3
  1.1645908883944747E-01 a       264     0    14     1     4
 -1.7695439787561149E-02 a       265     0    14     1     5
 -2.4419614453375454E-02 a       266     0    14     1     6
 -1.9441433341605870E-02 a       267     0    14     1     7
 -5.4246054578505544E-02 a       268     0    14     1     8
 -2.5728218071184183E-01 a       269     0    14     1     9
  7.8738509809187660E-02 a       270     0    14     1    10
  3.9918244010873634E-02 a       271     0    14     1    11
  1.3079855886889694E-01 a       272     0    14     1    12
 -9.4720929264452414E-03 a       273     0    14     1    13
 -1.4711466694308355E-02 a       274     0    14     1    14
 -9.7442143466019444E-03 a       275     0    14     1    15
 -2.2796396865185051E-01 a       276     0    14     1    16
 -1.3672178377807276E-01 a       277     0    14     1    17
  2.5090577378629825E-01 a       278     0    14     1    18
  8.8454531021160895E-02 a       279     0    14     1    19
  8.2810008563552112E-02 a       280     0    14     1    20
 -1.4097647924308402E-02 a       281     0    15     1     1
 -1.1764322794307572E-01 a       282     0    15     1     2
 -2.3068822221390589E-01 a       283     0    15     1     3
  3.1342239097267122E-01 a       284     0    15     1     4
 -4.1993705887705374E-01 a       285     0    15     1     5
  2.8354313573937051E-01 a       286     0    15     1     6
 -2.3485570301477834E-01 a       287     0    15     1     7
 -7.5938640564489027E-02 a       288     0    15     1     8
 -6.9661268189522826E-02 a       289     0    15     1     9
  3.1324784388511766E-02 a       290     0    15     1    10
 -2.5707732484945196E-02 a       291     0    15     1    11
  2.2093940797510225E-01 a       292     0    15     1    12
  2.7566335832436983E-01 a       293     0    15     1    13
  4.5017544285545046E-02 a       294     0    15     1    14
  2.1145658224116065E-01 a       295     0    15     1    15
 -2.5545622420545988E-01 a       296     0    15     1    16
  9.2049029822413819E-01 a       297     0    15     1    17
  1.0761859746738107E-01 a       298     0    15     1    18
  2.5354214093333178E-02 a       299     0    15     1    19
 -6.0432641928323172E-01 a       300     0    15     1    20
  6.8775329020973247E-02 a       301     0    16     1     1
 -9.2354535394476522E-02 a       302     0    16     1     2
  5.4825299322663126E-02 a       303     0    16     1     3
 -3.8046585512278280E-01 a       304     0    16     1     4
  1.0692376008981967E-01 a       305     0    16     1     5
  2.7044311873928933E-01 a       306     0    16     1     6
 -1.1639954089017730E-01 a       307     0    16     1     7
 -2.4751504465560267E-01 a       308     0    16     1     8
  7.0456739420898348E-02 a       309     0    16     1     9
  3.8017995446863567E-01 a       310     0    16     1    10
  1.0094952278913473E-01 a       311     0    16     1    11
 -1.5685038627081333E-02 a       312     0    16     1    12
  9.6878089155658986E-02 a       313     0    16     1    13
 -1.7502357389787254E-01 a       314     0    16     1    14
  1.6736364017574029E-01 a       315     0    16     1    15
 -6.9229942379665288E-02 a       316     0    16     1    16
 -2.1845213038627861E-01 a       317     0    16     1    17
  2.2275801010553842E-01 a       318     0    16     1    18
  6.9917298575176645E-02 a       319     0    16     1    19
  3.1031615774935023E-01 a       320     0    16     1    20
  1.2029444569475868E-02 a       321     0    17     1     1
  9.9287832309156027E-02 a       322     0    17     1     2
  2.3403297138192041E-02 a       323     0    17     1     3
 -2.6361200983120302E-02 a       324     0    17     1     4
  5.5037706764935440E-02 a       325     0    17     1     5
 -6.2223717399100535E-02 a       326     0    17     1     6
 -8.3223588388651709E-02 a       327     0    17     1     7
  9.7862905384347911E-03 a       328     0    17     1     8
  2.7567391626906063E-01 a       329     0    17     1     9
  2.4319853314961060E-03 a       330     0    17     1    10
 -9.3045439499418986E-02 a       331     0    17     1    11
 -1.0784177219967044E-01 a       332     0    17     1    12
  5.6588067989428739E-02 a       333     0    17     1    13
 -5.4421853338276982E-02 a       334     0    17     1    14
 -8.7327078823276033E-02 a       335     0    17     1    15
  1.1878640623076424E-01 a       336     0    17     1    16
  1.0631091255485926E-01 a       337     0    17     1    17
 -1.7462856423302836E-01 a       338     0    17     1    18
 -7.0584745774067370E-02 a       339     0    17     1    19
 -4.1371025970425135E-02 a       340     0    17     1    20
  1.5351854580209984E-01 a       341     0    18     1     1
 -4.1911160409776861E-02 a       342     0    18     1     2
  2.5535685864093682E-01 a       343     0    18     1     3
  1.1011230649574284E-01 a       344     0    18     1     4
  1.4688613837677517E-01 a       345     0    18     1     5
 -5.1854888457148418E-01 a       346     0    18     1     6
  1.1320570866716963E-01 a       347     0    18     1     7
  4.6316312033474266E-01 a       348     0    18     1     8
 -2.2623434533124298E-01 a       349     0    18     1     9
 -7.9140596207367880E-02 a       350     0    18     1    10
  2.1456543169454517E-01 a       351     0    18     1    11
 -9.1005250056027553E-02 a       352     0    18     1    12
 -3.5284642307659919E-01 a       353     0    18     1    13
 -1.9127619390393644E-01 a       354     0    18     1    14
 -1.8880134719858993E-01 a       355     0    18     1    15
  5.1226262206391808E-02 a       356     0    18     1    16
 -2.9792001370740800E-01 a       357     0    18     1    17
  1.9300729766484742E-01 a       358     0    18     1    18
  1.0917008262000188E-01 a       359     0    18     1    19
  1.8694086841123680E-01 a       360     0    18     1    20
 -9.3933077697945871E-02 a       361     0    19     1     1
  4.8654145971524433E-02 a       362     0    19     1     2
 -8.5431301494004862E-03 a       363     0    19     1     3
  1.0967831863179185E-01 a       364     0    19     1     4
 -8.5429290918553141E-02 a       365     0    19     1     5
  9.7149480508619573E-02 a       366     0    19     1     6
  1.3843696754800525E-01 a       367     0    19     1     7
 -3.3193594787806191E-01 a       368     0    19     1     8
 -1.6658188470813748E-01 a       369     0    19     1     9
 -3.0586851463808801E-01 a       370     0    19     1    10
 -1.9503552422005177E-01 a       371     0    19     1    11
  4.8495342354848890E-02 a       372     0    19     1    12
 -1.2556488954349364E-02 a       373     0    19     1    13
  2.7798864821281161E-01 a       374     0    19     1    14
  8.3898782813286082E-02 a       375     0    19     1    15
  6.4564151565140573E-02 a       376     0    19     1    16
  1.0583721906086516E-01 a       377     0    19     1    17
  2.3043139340786112E-02 a       378     0    19     1    18
 -6.0931732943377732E-02 a       379     0    19     1    19
 -2.2369262476418400E-01 a       380     0    19     1    20
 -2.7114583411339037E-02 a       381     0    20     1     1
 -4.5400448670666657E-02 a       382     0    20     1     2
  4.7869515504225454E-02 a       383     0    20     1     3
  2.5670749026559764E-02 a       384     0    20     1     4
 -1.5606848509903817E-01 a       385     0    20     1     5
 -3.5690154463344677E-02 a       386     0    20     1     6
  6.3105913237942721E-02 a       387     0    20     1     7
 -2.0502150653545388E-02 a       388     0    20     1     8
 -1.6360156923658237E-01 a       389     0    20     1     9
  4.6549072836074915E-03 a       390     0    20     1    10
  1.5065984330291232E-01 a       391     0    20     1    11
  8.7347931876873550E-02 a       392     0    20     1    12
 -1.4293947856120862E-01 a       393     0    20     1    13
  3.0470086290525798E-02 a       394     0    20     1    14
  5.6930415564587056E-02 a       395     0    20     1    15
 -1.1618691601167853E-01 a       396     0    20     1    16
 -1.4734914341311117E-01 a       397     0    20     1    17
  1.5258679329857786E-01 a       398     0    20     1    18
  7.8394276335683133E-02 a       399     0    20     1    19
 -7.8922035358387783E-03 a       400     0    20     1    20
 -1.7798046661088401E-02 a       401     0    21     1     1
  1.0277607148250510E-01 a       402     0    21     1     2
 -5.6196283149197945E-02 a       403     0    21     1     3
  1.3940271607306151E-01 a       404     0    21     1     4
 -6.7334225029560598E-03 a       405     0    21     1     5
 -2.3857739760181264E-02 a       406     0    21     1     6
  1.7426724134795353E-02 a       407     0    21     1     7
  2.2701442415044393E-01 a       408     0    21     1     8
  2.5411048524261870E-01 a       409     0    21     1     9
  4.5483081613023953E-02 a       410     0    21     1    10
  2.3702517074356624E-02 a       411     0    21     1    11
 -4.4039934582286819E-02 a       412     0    21     1    12
  2.6126079330682483E-01 a       413     0    21     1    13
 -4.1845152431100846E-02 a       414     0    21     1    14
 -3.8778684177508986E-03 a       415     0    21     1    15
 -1.2017065957288363E-01 a       416     0    21     1    16
  2.6713200443638124E-01 a       417     0    21     1    17
 -8.4954161406037523E-02 a       418     0    21     1    18
 -4.3002225451109793E-02 a       419     0    21     1    19
 -1.1234195408031580E-01 a       420     0    21     1    20
 -1.0171447659083414E-01 a       421     0    22     1     1
 -2.3663046958318605E-02 a       422     0    22     1     2
 -1.5245975163014069E-01 a       423     0    22     1     3
 -2.8524795025157695E-01 a       424     0    22     1     4
  1.5161286959760772E-02 a       425     0    22     1     5
  3.7982441626880792E-01 a       426     0    22     1     6
 -7.9729487710841096E-02 a       427     0    22     1     7
 -3.3177867681049228E-01 a       428     0    22     1     8
  1.9389116747774268E-01 a       429     0    22     1     9
  2.5551390404798957E-01 a       430     0    22     1    10
 -1.3563396829563831E-01 a       431     0    22     1    11
  1.2235973608688043E-01 a       432     0    22     1    12
  8.6178868661802750E-03 a       433     0    22     1    13
 -8.7546620483843152E-02 a       434     0    22     1    14
 -6.0427734251954635E-02 a       435     0    22     1    15
  1.0517635762808736E-01 a       436     0    22     1    16
 -2.5243889130063418E-01 a       437     0    22     1    17
 -2.6013770235572670E-01 a       438     0    22     1    18
 -8.8348155345580770E-02 a       439     0    22     1    19
  1.9816989234125382E-01 a       440     0    22     1    20
  5.0422155064204034E-02 a       441     0    23     1     1
  1.0127343864303341E-02 a       442     0    23     1     2
 -7.4538724847459673E-02 a       443     0    23     1     3
  2.8640761506670168E-02 a       444     0    23     1     4
  1.4872639126492690E-01 a       445     0    23     1     5
  4.4759062561983844E-02 a       446     0    23     1     6
 -4.9973172242828094E-02 a       447     0    23     1     7
  6.7543742209086903E-03 a       448     0    23     1     8
  6.4626140363299944E-02 a       449     0    23     1     9
 -2.6086042241796333E-02 a       450     0    23     1    10
 -1.4054487140557478E-01 a       451     0    23     1    11
 -6.7437842641720730E-02 a       452     0    23     1    12
  1.6467484290972723E-01 a       453     0    23     1    13
 -2.5445817494796890E-02 a       454     0    23     1    14
 -3.7783465444672135E-02 a       455     0    23     1    15
  1.1819490742883509E-01 a       456     0    23     1    16
  1.2065711268189291E-01 a       457     0    23     1    17
 -1.0510284469475739E-01 a       458     0    23     1    18
 -8.1577828877440944E-02 a       459     0    23     1    19
  3.0179048869793737E-02 a       460     0    23     1    20
  1.3805087253910422E-01 a       461     0    24     1     1
 -1.4816413054938546E-01 a       462     0    24     1     2
  9.3818819672716866E-02 a       463     0    24     1     3
  2.0201268693608465E-01 a       464     0    24     1     4
 -8.3359108546582239E-02 a       465     0    24     1     5
 -5.6136847672205803E-01 a       466     0    24     1     6
 -4.5263915267978377E-02 a       467     0    24     1     7
  4.3897315952805144E-01 a       468     0    24     1     8
 -2.2286289663645631E-01 a       469     0    24     1     9
 -8.4799674869589795E-02 a       470     0    24     1    10
  2.3611353840372729E-01 a       471     0    24     1    11
 -8.1847997977941095E-02 a       472     0    24     1    12
 -2.2036096701228700E-01 a       473     0    24     1    13
 -1.1054340386526040E-01 a       474     0    24     1    14
 -2.3010541954374780E-02 a       475     0    24     1    15
 -5.7564043783322055E-02 a       476     0    24     1    16
 -2.6271935516487595E-02 a       477     0    24     1    17
  1.3849263788086469E-01 a       478     0    24     1    18
  1.6593288410425913E-01 a       479     0    24     1    19
 -2.7985117996083976E-02 a       480     0    24     1    20
  8.2327845803155872E-02 a       481     0    25     1     1
 -2.4847683006755982E-03 a       482     0    25     1     2
  7.9676834132745677E-02 a       483     0    25     1     3
  3.4233481764322629E-02 a       484     0    25     1     4
  2.2879617767599052E-02 a       485     0    25     1     5
  5.1003532487982561E-02 a       486     0    25     1     6
  9.6110601449974381E-02 a       487     0    25     1     7
 -2.1277514808320724E-02 a       488     0    25     1     8
 -1.2470967496390614E-01 a       489     0    25     1     9
 -1.4934312752478554E-01 a       490     0    25     1    10
 -3.4986508720492644E-02 a       491     0    25     1    11
  2.2099010163682344E-02 a       492     0    25     1    12
 -9.8489365058687557E-03 a       493     0    25     1    13
  1.2275590687384011E-01 a       494     0    25     1    14
  5.6581409838290075E-02 a       495     0    25     1    15
  2.5396748932742675E-02 a       496     0    25     1    16
  8.8570996405774580E-02 a       497     0    25     1    17
  1.2363314107349259E-01 a       498     0    25     1    18
  6.4417210239377460E-04 a       499     0    25     1    19
 -5.1032639596923793E-02 a       500     0    25     1    20
 -1.2577459571467621E-02 a       501     0    26     1     1
  2.5671102972081312E-02 a       502     0    26     1     2
  8.9790354529629288E-02 a       503     0    26     1     3
 -3.1245226018663960E-02 a       504     0    26     1     4
 -8.4943065150389768E-02 a       505     0    26     1     5
 -5.1609139873770971E-02 a       506     0    26     1     6
 -2.2650409415005918E-02 a       507     0    26     1     7
  6.9402342346589929E-02 a       508     0    26     1     8
 -3.1027731299038987E-02 a       509     0    26     1     9
  3.4504486231345236E-02 a       510     0    26     1    10
  1.4290139573714888E-01 a       511     0    26     1    11
  6.4566359438523475E-03 a       512     0    26     1    12
 -1.0005182633948101E-01 a       513     0    26     1    13
  1.2629969086479809E-02 a       514     0    26     1    14
  2.0075871364290253E-02 a       515     0    26     1    15
 -7.1237674933384024E-02 a       516     0    26     1    16
 -4.5601081783131860E-02 a       517     0    26     1    17
  9.6780406381148029E-02 a       518     0    26     1    18
  5.6889990878664878E-02 a       519     0    26     1    19
 -1.0782234478645576E-02 a       520     0    26     1    20
 -4.1546787684311387E-02 a       521     0    27     1     1
  1.2246006332262326E-01 a       522     0    27     1     2
  1.6244739288418363E-03 a       523     0    27     1     3
 -1.2500143891315843E-01 a       524     0    27     1     4
  6.7903366907218321E-02 a       525     0    27     1     5
  1.9658690506462267E-01 a       526     0    27     1     6
  1.0970611105486782E-02 a       527     0    27     1     7
 -5.0342362893443522E-02 a       528     0    27     1     8
  1.1405914614509402E-01 a       529     0    27     1     9
  5.2293166507790784E-02 a       530     0    27     1    10
 -2.0944704236685902E-02 a       531     0    27     1    11
  2.6929518483676503E-03 a       532     0    27     1    12
  1.2397213192489658E-01 a       533     0    27     1    13
  1.6032759091270950E-02 a       534     0    27     1    14
 -2.8924802625967673E-02 a       535     0    27     1    15
 -6.1510170317538538E-03 a       536     0    27     1    16
  4.7336700708209924E-02 a       537     0    27     1    17
 -2.0412237157407694E-02 a       538     0    27     1    18
 -6.7046909343790081E-02 a       539     0    27     1    19
  3.3827771819059910E-02 a       540     0    27     1    20
 -8.5076364382848768E-02 a       541     0    28     1     1
 -1.6462477077968728E-02 a       542     0    28     1     2
 -5.3438853541097800E-02 a       543     0    28     1     3
 -1.3295855243608575E-02 a       544     0    28     1     4
 -1.6736757735141758E-02 a       545     0    28     1     5
  1.6382841052154332E-01 a       546     0    28     1     6
 -1.9495495451850284E-02 a       547     0    28     1     7
 -2.3550232388146594E-01 a       548     0    28     1     8
  5.2875703847706991E-02 a       549     0    28     1     9
  4.3789799299880319E-02 a       550     0    28     1    10
 -1.0573718189383145E-01 a       551     0    28     1    11
  7.0354406721878288E-02 a       552     0    28     1    12
 -7.3564424785599013E-03 a       553     0    28     1    13
  6.4731856604577824E-03 a       554     0    28     1    14
 -8.4572400456476050E-03 a       555     0    28     1    15
  5.3757046636095783E-02 a       556     0    28     1    16
 -6.3084570821541938E-02 a       557     0    28     1    17
 -8.2027960603993061E-02 a       558     0    28     1    18
 -4.1156334899351235E-02 a       559     0    28     1    19
 -9.3780358787075194E-04 a       560     0    28     1    20
 -2.0591643840821685E-03 a       561     0    29     1     1
 -2.7591897742140666E-02 a       562     0    29     1     2
 -3.1907933710684067E-02 a       563     0    29     1     3
  1.8588520056793192E-02 a       564     0    29     1     4
  3.5374563569872224E-02 a       565     0    29     1     5
  2.1924347264138739E-02 a       566     0    29     1     6
  6.4173114127521511E-02 a       567     0    29     1     7
 -7.9124518929665502E-02 a       568     0    29     1     8
  2.1422410419408545E-02 a       569     0    29     1     9
 -3.3823180997068401E-02 a       570     0    29     1    10
 -9.1616025999069761E-02 a       571     0    29     1    11
  3.1942859491097250E-02 a       572     0    29     1    12
  2.6023883540755983E-02 a       573     0    29     1    13
 -7.1567978325768819E-03 a       574     0    29     1    14
 -1.1090401546621598E-02 a       575     0    29     1    15
  4.4597741136116836E-02 a       576     0    29     1    16
 -2.2940026614977215E-03 a       577     0    29     1    17
 -6.2087014304588024E-02 a       578     0    29     1    18
 -2.4727352001793348E-02 a       579     0    29     1    19
 -1.3290816948775879E-02 a       580     0    29     1    20
  4.6966388766036538E-02 a       581     0    30     1     1
 -1.6155065018569899E-02 a       582     0    30     1     2
  6.6522639156489538E-02 a       583     0    30     1     3
  9.8424902852481053E-02 a       584     0    30     1     4
 -4.4430050611646600E-02 a       585     0    30     1     5
 -3.6865523681783696E-01 a       586     0    30     1     6
 -4.0116300907426031E-02 a       587     0    30     1     7
  2.9306654078923233E-01 a       588     0    30     1     8
 -1.5836878612557229E-02 a       589     0    30     1     9
  1.4190356079111477E-02 a       590     0    30     1    10
  1.6625728626227851E-01 a       591     0    30     1    11
 -1.0937288074506858E-01 a       592     0    30     1    12
 -2.9610699460136891E-02 a       593     0    30     1    13
 -9.6529781762827033E-02 a       594     0    30     1    14
 -1.2973748508019082E-02 a       595     0    30     1    15
 -7.6443557858450181E-02 a       596     0    30     1    16
  4.8522367242721166E-02 a       597     0    30     1    17
  6.8858282855775180E-02 a       598     0    30     1    18
  8.6353812152388854E-02 a       599     0    30     1    19
 -3.4756046032799554E-02 a       600     0    30     1    20
  4.1517593695881767E-02 a       601     0    31     1     1
 -3.5633876643128287E-01 a       602     0    31     1     2
 -4.6600235323254047E-01 a       603     0    31     1     3
 -2.2316229866802176E-01 a       604     0    31     1     4
 -1.6210002336734142E-01 a       605     0    31     1     5
  1.9168289215018654E-02 a       606     0    31     1     6
  6.8980404637364670E-02 a       607     0    31     1     7
 -1.6069371057853446E-01 a       608     0    31     1     8
  7.9788331657005308E-03 a       609     0    31     1     9
 -3.4410132838875412E-01 a       610     0    31     1    10
 -2.9096264405144479E-01 a       611     0    31     1    11
 -2.1602322605892670E-02 a       612     0    31     1    12
 -5.5651283126985147E-02 a       613     0    31     1    13
 -1.6030039070559754E-01 a       614     0    31     1    14
  4.6306610721850677E-01 a       615     0    31     1    15
 -3.5597450386952445E-01 a       616     0    31     1    16
  2.2484922292164677E-01 a       617     0    31     1    17
 -2.7957868926489771E-01 a       618     0    31     1    18
 -2.7000989586788864E-02 a       619     0    31     1    19
 -4.3944758933716804E-01 a       620     0    31     1    20
 -5.3539046202392360E-02 a       621     0    32     1     1
 -2.4180670914910881E-02 a       622     0    32     1     2
 -2.1020226434750031E-01 a       623     0    32     1     3
  1.6932823214991410E-02 a       624     0    32     1     4
  3.3293634311177622E-01 a       625     0    32     1     5
  1.2579695178248712E-01 a       626     0    32     1     6
 -1.7604821502115708E-01 a       627     0    32     1     7
 -1.3136246811558538E-01 a       628     0    32     1     8
 -2.1160554788734687E-01 a       629     0    32     1     9
 -8.6615203446961955E-02 a       630     0    32     1    10
  2.0110348117955015E-01 a       631     0    32     1    11
  1.5800026625807650E-01 a       632     0    32     1    12
  3.5823945557195973E-02 a       633     0    32     1    13
 -7.2512630046901337E-04 a       634     0    32     1    14
 -4.7960937900233598E-02 a       635     0    32     1    15
  2.7619568425315048E-02 a       636     0    32     1    16
  2.2532199525833765E-01 a       637     0    32     1    17
 -1.3238845346377293E-01 a       638     0    32     1    18
 -2.4945898721355511E-02 a       639     0    32     1    19
 -1.2583634035492461E-01 a       640     0    32     1    20
  2.8800336170539145E-02 a       641     0    33     1     1
  8.2874534703590330E-01 a       642     0    33     1     2
  1.0096105209052129E-01 a       643     0    33     1     3
  3.0238115620964101E-01 a       644     0    33     1     4
  4.9616752154059557E-01 a       645     0    33     1     5
 -3.9149592930991622E-01 a       646     0    33     1     6
  8.7560631398849331E-01 a       647     0    33     1     7
  2.4334494267693230E-01 a       648     0    33     1     8
 -1.4407515247576017E-01 a       649     0    33     1     9
  4.5830011067907395E-01 a       650     0    33     1    10
  4.5113457855268807E-01 a       651     0    33     1    11
  4.4167370405816647E-01 a       652     0    33     1    12
 -7.8597139741020483E-01 a       653     0    33     1    13
  7.7903642614145827E-02 a       654     0    33     1    14
 -6.3335316299531919E-01 a       655     0    33     1    15
 -3.5006384359138848E-01 a       656     0    33     1    16
  7.0603607435230564E-01 a       657     0    33     1    17
  2.0904015670723192E-01 a       658     0    33     1    18
 -1.2476748081765280E-02 a       659     0    33     1    19
  4.4168193901850172E-01 a       660     0    33     1    20
  1.5486073553528523E-01 a       661     0    34     1     1
 -1.3670163307363911E-01 a       662     0    34     1     2
  1.0795328173032287E-01 a       663     0    34     1     3
  1.2226089167162943E-01 a       664     0    34     1     4
  5.8857254443821713E-02 a       665     0    34     1     5
 -2.4289386365942131E-01 a       666     0    34     1     6
 -4.0954092087971697E-02 a       667     0    34     1     7
 -2.3030297678085673E-02 a       668     0    34     1     8
 -3.0224769146944286E-01 a       669     0    34     1     9
 -1.4828984484996557E-01 a       670     0    34     1    10
 -9.9187446033028634E-02 a       671     0    34     1    11
  2.2034724892682414E-01 a       672     0    34     1    12
 -1.7328307248813415E-01 a       673     0    34     1    13
  2.6748819202919463E-02 a       674     0    34     1    14
  6.1254392416320247E-02 a       675     0    34     1    15
 -1.3810282776711702E-01 a       676     0    34     1    16
 -1.4378517386853007E-01 a       677     0    34     1    17
  2.8414451743539487E-01 a       678     0    34     1    18
  1.7095590375516313E-02 a       679     0    34     1    19
 -1.0163174617841844E-01 a       680     0    34     1    20
 -1.5072797584342471E-01 a       681     0    35     1     1
  1.7166517351861371E-01 a       682     0    35     1     2
  3.4345562194094359E-01 a       683     0    35     1     3
  1.0502305235976708E-01 a       684     0    35     1     4
 -3.1877751789029095E-02 a       685     0    35     1     5
  2.6732580826476924E-02 a       686     0    35     1     6
  2.3394495033620667E-02 a       687     0    35     1     7
 -7.6586134968339201E-02 a       688     0    35     1     8
 -1.9676525055599730E-02 a       689     0    35     1     9
  6.2116836231447460E-02 a       690     0    35     1    10
  1.2528491337885161E-01 a       691     0    35     1    11
  2.0920850621271567E-02 a       692     0    35     1    12
 -1.9278922163848811E-01 a       693     0    35     1    13
  8.5842374002622790E-02 a       694     0    35     1    14
  6.0827922078152012E-02 a       695     0    35     1    15
  8.5694326942471144E-02 a       696     0    35     1    16
 -8.4993213520537611E-02 a       697     0    35     1    17
 -1.4243645158917689E-01 a       698     0    35     1    18
 -3.9292945508917975E-04 a       699     0    35     1    19
  2.8869800090943687E-01 a       700     0    35     1    20
  1.0952892491355079E-01 a       701     0    36     1     1
 -5.0436951141912933E-02 a       702     0    36     1     2
 -5.7133980085373026E-01 a       703     0    36     1     3
  9.9215256568561033E-02 a       704     0    36     1     4
 -5.6150863838905878E-02 a       705     0    36     1     5
  4.4054665105748947E-01 a       706     0    36     1     6
 -4.6011988571885037E-01 a       707     0    36     1     7
 -6.4269855932193798E-01 a       708     0    36     1     8
  3.2921560241557918E-01 a       709     0    36     1     9
 -1.8710106548005265E-01 a       710     0    36     1    10
 -1.7757404607022600E-02 a       711     0    36     1    11
 -1.0957732904575852E+00 a       712     0    36     1    12
  4.4417456472909916E-01 a       713     0    36     1    13
  2.7617574532185690E-01 a       714     0    36     1    14
  2.8699281472597654E-01 a       715     0    36     1    15
  9.0378356339085009E-01 a       716     0    36     1    16
 -1.6024473078993920E-01 a       717     0    36     1    17
 -5.2615184064111764E-01 a       718     0    36     1    18
 -1.7197127889992825E-01 a       719     0    36     1    19
  2.8912036616026987E-01 a       720     0    36     1    20
 -2.7331166781231098E-01 a       721     0    37     1     1
 -1.3402991185853108E-01 a       722     0    37     1     2
 -2.7560013557474183E-01 a       723     0    37     1     3
  5.5410639331956513E-01 a       724     0    37     1     4
 -2.5085581331558993E-01 a       725     0    37     1     5
 -1.4222983562924478E-02 a       726     0    37     1     6
 -8.5731779308874312E-01 a       727     0    37     1     7
 -3.8850433238684798E-02 a       728     0    37     1     8
 -3.6556341928515113E-01 a       729     0    37     1     9
 -1.7136219135329897E-01 a       730     0    37     1    10
  1.9618244364355192E-01 a       731     0    37     1    11
 -8.1867777048460558E-02 a       732     0    37     1    12
  3.6280530797773991E-01 a       733     0    37     1    13
  7.8157667933922530E-03 a       734     0    37     1    14
 -6.0567206884375069E-01 a       735     0    37     1    15
  2.8561204208523200E-01 a       736     0    37     1    16
 -1.9407373802952962E-01 a       737     0    37     1    17
 -1.5766955114767697E-01 a       738     0    37     1    18
 -5.6814041294276059E-03 a       739     0    37     1    19
  8.6961439857619852E-02 a       740     0    37     1    20
  3.5041933847945642E-02 a       741     0    38     1     1
 -6.0608358658364878E-02 a       742     0    38     1     2
  7.3788264719799670E-02 a       743     0    38     1     3
  1.1848318658778362E-01 a       744     0    38     1     4
 -2.7860198835231992E-01 a       745     0    38     1     5
  9.2185383317247113E-02 a       746     0    38     1     6
  1.9769639920251117E-01 a       747     0    38     1     7
 -4.8607659958088495E-02 a       748     0    38     1     8
 -1.3113930763969653E-03 a       749     0    38     1     9
 -1.5999478199381176E-02 a       750     0    38     1    10
 -1.0629367413249372E-01 a       751     0    38     1    11
  2.5021419508969231E-02 a       752     0    38     1    12
 -1.0491564310990911E-01 a       753     0    38     1    13
  5.5441207929756660E-02 a       754     0    38     1    14
  8.9960891278172472E-02 a       755     0    38     1    15
  4.4599041101709869E-02 a       756     0    38     1    16
 -1.5810901127293017E-01 a       757     0    38     1    17
  2.5971672864737855E-02 a       758     0    38     1    18
  1.7751471722038812E-02 a       759     0    38     1    19
  1.2224034132690757E-01 a       760     0    38     1    20
  1.3445200214973203E+00 a       761     0    39     1     1
 -2.5712402125950506E-01 a       762     0    39     1     2
  1.5082098349826902E+00 a       763     0    39     1     3
 -6.6085049867329226E-01 a       764     0    39     1     4
  5.1247387213960705E-01 a       765     0    39     1     5
  4.5826096436956532E-01 a       766     0    39     1     6
  6.6116832777027701E-01 a       767     0    39     1     7
  1.5438206357871717E-01 a       768     0    39     1     8
  8.5381667339028733E-01 a       769     0    39     1     9
  7.2526713068208093E-01 a       770     0    39     1    10
 -3.3078856883209301E-01 a       771     0    39     1    11
  3.7705691058237434E-01 a       772     0    39     1    12
 -2.6135961668260460E-01 a       773     0    39     1    13
  9.1351436667851349E-01 a       774     0    39     1    14
  1.5975488286698976E+00 a       775     0    39     1    15
  4.8287799735578941E-03 a       776     0    39     1    16
  1.2915425284888279E-01 a       777     0    39     1    17
  7.3398552686427598E-01 a       778     0    39     1    18
 -1.9819893421994233E-02 a       779     0    39     1    19
  5.6000639797673402E-01 a       780     0    39     1    20
 -1.5100586309354619E-02 a       781     0    40     1     1
  9.1825852740264072E-02 a       782     0    40     1     2
  9.3364633530557184E-02 a       783     0    40     1     3
 -2.9220810291586757E-01 a       784     0    40     1     4
 -9.0978440697978696E-02 a       785     0    40     1     5
  5.1764618183674560E-02 a       786     0    40     1     6
  1.7318659942123815E-01 a       787     0    40     1     7
  3.4757718984988689E-01 a       788     0    40     1     8
 -3.8374309553164104E-03 a       789     0    40     1     9
 -3.2130307013537129E-01 a       790     0    40     1    10
  2.9634227266118407E-01 a       791     0    40     1    11
 -4.9229850600294944E-02 a       792     0    40     1    12
  2.0365137525474419E-01 a       793     0    40     1    13
  1.2392837093340368E-01 a       794     0    40     1    14
 -1.8500596202401945E-03 a       795     0    40     1    15
 -4.0609086576700044E-02 a       796     0    40     1    16
  2.7506348648888940E-01 a       797     0    40     1    17
 -2.3077350197982352E-01 a       798     0    40     1    18
 -2.4738667605542403E-02 a       799     0    40     1    19
 -4.8150413203825695E-02 a       800     0    40     1    20
  2.4423705527722939E-02 a       801     0    41     1     1
 -7.8900894339236707E-02 a       802     0    41     1     2
 -3.0321441716804898E-02 a       803     0    41     1     3
 -2.3461621730883025E-01 a       804     0    41     1     4
  9.0293466267912549E-03 a       805     0    41     1     5
 -1.1984970621147600E-01 a       806     0    41     1     6
  1.2988561708618085E-01 a       807     0    41     1     7
 -4.0315972898806118E-02 a       808     0    41     1     8
  7.1279683530249272E-02 a       809     0    41     1     9
  2.0310314455233010E-02 a       810     0    41     1    10
 -1.3793933876627726E-01 a       811     0    41     1    11
  3.2611396759340766E-03 a       812     0    41     1    12
  8.3457518777416306E-02 a       813     0    41     1    13
 -1.0026554934659335E-01 a       814     0    41     1    14
 -6.3928217933817352E-02 a       815     0    41     1    15
 -1.5655890930218207E-02 a       816     0    41     1    16
 -3.2374084305152297E-02 a       817     0    41     1    17
 -6.6789266488764317E-03 a       818     0    41     1    18
  1.4217975759915680E-02 a       819     0    41     1    19
 -7.2123118283858353E-02 a       820     0    41     1    20
 -9.2546365076378012E-01 a       821     0    42     1     1
  1.8565425473092498E-01 a       822     0    42     1     2
  1.5248679368456391E-01 a       823     0    42     1     3
 -5.4672423863709174E-01 a       824     0    42     1     4
 -1.7055021852076005E-01 a       825     0    42     1     5
 -3.0134966806001989E-01 a       826     0    42     1     6
 -1.8623458422449246E-01 a       827     0    42     1     7
 -1.4435221708148160E-01 a       828     0    42     1     8
  1.1501642347952888E-02 a       829     0    42     1     9
  1.2212234242895199E-01 a       830     0    42     1    10
  3.3533312368030421E-01 a       831     0    42     1    11
  3.3208349103640639E-01 a       832     0    42     1    12
  3.2757935623509808E-02 a       833     0    42     1    13
 -5.2133754027436408E-01 a       834     0    42     1    14
 -5.8678214436819531E-01 a       835     0    42     1    15
 -2.6733218544192022E-01 a       836     0    42     1    16
 -1.9949604177105223E-01 a       837     0    42     1    17
 -1.2407551100768642E-01 a       838     0    42     1    18
  2.0192735828577205E-01 a       839     0    42     1    19
 -2.8915504797407410E-01 a       840     0    42     1    20
 -2.8954345213356457E-02 a       841     0    43     1     1
 -1.2294090670315230E-01 a       842     0    43     1     2
 -1.3166506200218242E-01 a       843     0    43     1     3
  4.9535042547291852E-02 a       844     0    43     1     4
 -2.6640357794655123E-01 a       845     0    43     1     5
  1.1719752772839102E-01 a       846     0    43     1     6
 -1.0124362748486142E-02 a       847     0    43     1     7
 -1.6467522625675471E-01 a       848     0    43     1     8
 -2.0417971929184942E-01 a       849     0    43     1     9
 -4.0536682644961769E-02 a       850     0    43     1    10
 -1.8349146867299153E-02 a       851     0    43     1    11
  6.8886866638819086E-02 a       852     0    43     1    12
  2.7213835038296955E-02 a       853     0    43     1    13
  7.2329799774555337E-02 a       854     0    43     1    14
  7.0743032918500884E-02 a       855     0    43     1    15
  7.7297130656112698E-02 a       856     0    43     1    16
  1.1133037499537099E-02 a       857     0    43     1    17
 -1.9347613693665472E-02 a       858     0    43     1    18
 -7.3198976452006227E-03 a       859     0    43     1    19
  3.8013086121959451E-02 a       860     0    43     1    20
  6.0690176028764385E-02 a       861     0    44     1     1
  7.4351718484181178E-03 a       862     0    44     1     2
  1.5433245368879617E-01 a       863     0    44     1     3
 -1.3375398929428106E-01 a       864     0    44     1     4
 -2.9876199599905318E-01 a       865     0    44     1     5
 -8.5570801544168157E-02 a       866     0    44     1     6
  7.0444141900394594E-02 a       867     0    44     1     7
 -5.1689815441100156E-02 a       868     0    44     1     8
  9.6042770385501935E-02 a       869     0    44     1     9
  6.3597114822249695E-02 a       870     0    44     1    10
  6.7594819222050587E-02 a       871     0    44     1    11
  6.6717903172868617E-02 a       872     0    44     1    12
 -1.6377597819664824E-01 a       873     0    44     1    13
  3.9107251939153979E-02 a       874     0    44     1    14
  8.0134677462517498E-02 a       875     0    44     1    15
  5.7928531089857386E-03 a       876     0    44     1    16
 -4.1187538360000400E-02 a       877     0    44     1    17
  2.3302170772767208E-01 a       878     0    44     1    18
  4.8008484578309071E-02 a       879     0    44     1    19
 -1.1911182484086244E-01 a       880     0    44     1    20
 -1.5895932421426638E-02 a       881     0    45     1     1
 -4.8490668061639680E-02 a       882     0    45     1     2
  4.1798792765033460E-01 a       883     0    45     1     3
  4.2956172733170303E-02 a       884     0    45     1     4
  8.2311885048700695E-01 a       885     0    45     1     5
 -1.2206211993194248E-01 a       886     0    45     1     6
  1.4697166451835681E-02 a       887     0    45     1     7
  5.2281537288837963E-03 a       888     0    45     1     8
  4.4957672273880689E-01 a       889     0    45     1     9
  1.3887050765966222E-01 a       890     0    45     1    10
 -1.3534981036145085E-02 a       891     0    45     1    11
  2.2391710941325985E-01 a       892     0    45     1    12
 -1.3328378809905303E-01 a       893     0    45     1    13
 -9.5744232022915030E-02 a       894     0    45     1    14
 -1.2117918004015388E-01 a       895     0    45     1    15
 -1.3184857911592038E-01 a       896     0    45     1    16
 -3.7148772884720425E-02 a       897     0    45     1    17
 -8.9469591083956815E-02 a       898     0    45     1    18
  1.1300127130830760E-01 a       899     0    45     1    19
 -2.4773079700764783E-02 a       900     0    45     1    20
 -5.2549939243343786E-02 a       901     0    46     1     1
  5.0584253964989140E-02 a       902     0    46     1     2
 -1.9038626340801645E-01 a       903     0    46     1     3
 -3.5280074880868921E-02 a       904     0    46     1     4
 -5.7420044846935490E-02 a       905     0    46     1     5
  1.4297161667726474E-01 a       906     0    46     1     6
 -3.0921865403344295E-01 a       907     0    46     1     7
 -7.3621188765993856E-02 a       908     0    46     1     8
  4.5228717597357637E-04 a       909     0    46     1     9
  1.8924834947228669E-01 a       910     0    46     1    10
  2.5153191360649108E-01 a       911     0    46     1    11
 -1.0395616943105096E-01 a       912     0    46     1    12
  1.1082529211732774E-01 a       913     0    46     1    13
 -1.0151055306722767E-01 a       914     0    46     1    14
 -6.4682835263019628E-02 a       915     0    46     1    15
 -4.4330007820537408E-04 a       916     0    46     1    16
  1.3934491515279079E-01 a       917     0    46     1    17
 -9.6187456366115406E-02 a       918     0    46     1    18
 -1.2297099222190858E-02 a       919     0    46     1    19
 -2.2491509630037078E-02 a       920     0    46     1    20
  3.9894723042749783E-02 a       921     0    47     1     1
 -1.5550968340798399E-01 a       922     0    47     1     2
 -8.0277926708342079E-02 a       923     0    47     1     3
 -4.0853200516377183E-02 a       924     0    47     1     4
 -5.1313742989594464E-02 a       925     0    47     1     5
 -8.0934764784153221E-02 a       926     0    47     1     6
 -5.1053975366479451E-03 a       927     0    47     1     7
 -3.1065058752344096E-02 a       928     0    47     1     8
  2.3971189604893323E-01 a       929     0    47     1     9
  1.9652805332228393E-01 a       930     0    47     1    10
 -1.3873247386441520E-01 a       931     0    47     1    11
 -4.5063213063854246E-02 a       932     0    47     1    12
  1.8941640964031428E-01 a       933     0    47     1    13
 -1.4766971174151447E-01 a       934     0    47     1    14
 -1.6946281503981053E-01 a       935     0    47     1    15
 -2.4860037935819056E-02 a       936     0    47     1    16
  2.8492157534722984E-01 a       937     0    47     1    17
 -6.1840512836348636E-02 a       938     0    47     1    18
  7.4124079460459943E-02 a       939     0    47     1    19
 -1.0529324815583489E-01 a       940     0    47     1    20
 -3.5027969715670287E-01 a       941     0    48     1     1
  1.1020923039465302E-01 a       942     0    48     1     2
  2.4090854284475968E-01 a       943     0    48     1     3
 -2.9292822306644628E-01 a       944     0    48     1     4
 -4.3018986108790563E-01 a       945     0    48     1     5
 -1.3557477461756343E-01 a       946     0    48     1     6
  6.6008502174588268E-01 a       947     0    48     1     7
 -6.3565440672086715E-01 a       948     0    48     1     8
 -4.3725649970223407E-01 a       949     0    48     1     9
 -2.8313236861604640E-02 a       950     0    48     1    10
  3.1612558600990354E-01 a       951     0    48     1    11
  3.2467986363804885E-01 a       952     0    48     1    12
 -7.4216981051190997E-02 a       953     0    48     1    13
 -1.7462808371895880E-01 a       954     0    48     1    14
  8.0385511129173998E-02 a       955     0    48     1    15
  4.3742849484940888E-01 a       956     0    48     1    16
  1.1052377454718615E-01 a       957     0    48     1    17
  7.7238212473744960E-02 a       958     0    48     1    18
  9.7168085448860311E-02 a       959     0    48     1    19
 -1.3921788284179229E-01 a       960     0    48     1    20
 -1.9166205532461338E-02 a       961     0    49     1     1
  9.3320503400883562E-02 a       962     0    49     1     2
  5.1557974635300180E-02 a       963     0    49     1     3
  2.4351046129060427E-01 a       964     0    49     1     4
  1.6437542303146141E-01 a       965     0    49     1     5
  4.8703756320428948E-01 a       966     0    49     1     6
  3.9420519892349015E-01 a       967     0    49     1     7
  2.3219034361455673E-01 a       968     0    49     1     8
 -7.4897042280101397E-02 a       969     0    49     1     9
 -6.0130567354838797E-03 a       970     0    49     1    10
 -3.0828854871302908E-01 a       971     0    49     1    11
 -1.2639412475740933E-01 a       972     0    49     1    12
 -1.0299050413549440E-01 a       973     0    49     1    13
 -2.1392744971001472E-02 a       974     0    49     1    14
  3.2489844992230682E-01 a       975     0    49     1    15
 -5.1845359658696522E-02 a       976     0    49     1    16
  8.1860704295165954E-02 a       977     0    49     1    17
  2.7524361671230663E-01 a       978     0    49     1    18
 -3.6597153338492937E-03 a       979     0    49     1    19
 -3.0595405609019678E-02 a       980     0    49     1    20
 -2.1452030914467547E-03 a       981     0    50     1     1
 -8.3620222160331568E-03 a       982     0    50     1     2
 -1.4292336096648223E-01 a       983     0    50     1     3
 -3.3601344931789623E-02 a       984     0    50     1     4
  1.3646765593481761E-01 a       985     0    50     1     5
 -6.6751470492052590E-03 a       986     0    50     1     6
 -1.0987045154760396E-01 a       987     0    50     1     7
 -1.0701634908942026E-02 a       988     0    50     1     8
 -3.8119327967662903E-02 a       989     0    50     1     9
 -3.8319211597664951E-02 a       990     0    50     1    10
 -5.1096811983558123E-02 a       991     0    50     1    11
  5.0945272611008863E-03 a       992     0    50     1    12
  6.3459536516606324E-02 a       993     0    50     1    13
  2.0711206641852272E-02 a       994     0    50     1    14
 -4.7230607789093368E-02 a       995     0    50     1    15
  2.7533973462409374E-02 a       996     0    50     1    16
  5.9664137331433227E-02 a       997     0    50     1    17
 -5.8866949946115167E-02 a       998     0    50     1    18
 -5.1547414231347129E-02 a       999     0    50     1    19
 -3.6522414661717434E-02 a      1000     0    50     1    20
  1.8797167283951174E-01 a      1001     0    51     1     1
  1.3744590570110124E-01 a      1002     0    51     1     2
 -1.3456545886242286E+00 a      1003     0    51     1     3
  5.2443653107463106E-01 a      1004     0    51     1     4
  2.5717992286594049E-02 a      1005     0    51     1     5
 -1.0107304244343258E+00 a      1006     0    51     1     6
 -2.1773915639550695E-02 a      1007     0    51     1     7
 -2.9944835586097035E-01 a      1008     0    51     1     8
 -1.7318265712408340E-01 a      1009     0    51     1     9
 -6.3527819791070916E-01 a      1010     0    51     1    10
  3.3353059263337015E-01 a      1011     0    51     1    11
 -6.1274913176718548E-01 a      1012     0    51     1    12
  5.9433585724657190E-01 a      1013     0    51     1    13
 -3.1928086735320460E-01 a      1014     0    51     1    14
 -1.0763006003589919E+00 a      1015     0    51     1    15
  8.8097056331034296E-01 a      1016     0    51     1    16
 -1.0717039490424893E-01 a      1017     0    51     1    17
 -1.2969537805416476E+00 a      1018     0    51     1    18
 -3.3343999780494327E-01 a      1019     0    51     1    19
  2.4653769585040863E-01 a      1020     0    51     1    20
 -8.1329421819904685E-02 a      1021     0    52     1     1
  2.1401613378396916E-01 a      1022     0    52     1     2
 -2.3934008252541097E-01 a      1023     0    52     1     3
 -3.2090316717998668E-01 a      1024     0    52     1     4
  2.2227301196737942E-01 a      1025     0    52     1     5
  1.7129093919178756E-01 a      1026     0    52     1     6
  1.8443694820388801E-01 a      1027     0    52     1     7
  2.4156873923099231E-01 a      1028     0    52     1     8
  1.2680712728323013E-01 a      1029     0    52     1     9
  3.0771175799401262E-01 a      1030     0    52     1    10
 -6.2059913163667484E-02 a      1031     0    52     1    11
 -2.5323150331869365E-01 a      1032     0    52     1    12
  1.2337464837848335E-01 a      1033     0    52     1    13
 -2.3254716960351141E-02 a      1034     0    52     1    14
  1.0795294230057798E-01 a      1035     0    52     1    15
  8.8302257037948959E-02 a      1036     0    52     1    16
  7.9991167426815266E-02 a      1037     0    52     1    17
  4.3880615811426479E-02 a      1038     0    52     1    18
  1.8723003415403117E-02 a      1039     0    52     1    19
  1.0375745969601655E-01 a      1040     0    52     1    20
 -5.4744788534005058E-02 a      1041     0    53     1     1
  5.3228708673390461E-02 a      1042     0    53     1     2
  1.5661038130122377E-02 a      1043     0    53     1     3
  1.1792974818566872E-01 a      1044     0    53     1     4
  8.1143250771329931E-03 a      1045     0    53     1     5
  6.7693123473855948E-02 a      1046     0    53     1     6
 -7.6850651992399266E-02 a      1047     0    53     1     7
 -6.3759842432664178E-03 a      1048     0    53     1     8
  2.4648780685173691E-02 a      1049     0    53     1     9
 -1.0561492485935336E-02 a      1050     0    53     1    10
  5.5753790544598024E-02 a      1051     0    53     1    11
 -6.7199968992823610E-03 a      1052     0    53     1    12
 -2.0326973864060363E-02 a      1053     0    53     1    13
  5.1913533918511209E-02 a      1054     0    53     1    14
  8.1174058112302994E-02 a      1055     0    53     1    15
 -6.5081702029086433E-02 a      1056     0    53     1    16
  6.7569950373137330E-02 a      1057     0    53     1    17
  2.2101692813902604E-02 a      1058     0    53     1    18
  4.2650445255184334E-03 a      1059     0    53     1    19
 -7.1347283525644803E-02 a      1060     0    53     1    20
  1.1488832284179509E-01 a      1061     0    54     1     1
 -5.5327027108356450E-02 a      1062     0    54     1     2
  1.0721787645561927E-02 a      1063     0    54     1     3
  1.0918413631498407E-01 a      1064     0    54     1     4
  9.8842387880843638E-02 a      1065     0    54     1     5
  3.1894097212068517E-01 a      1066     0    54     1     6
 -1.5424686911575569E-01 a      1067     0    54     1     7
  9.4922135306034730E-02 a      1068     0    54     1     8
 -1.1730993063234409E-03 a      1069     0    54     1     9
  3.6819529756736816E-02 a      1070     0    54     1    10
 -2.2914930124600846E-01 a      1071     0    54     1    11
 -3.9836042300391776E-02 a      1072     0    54     1    12
 -2.4989803767420340E-01 a      1073     0    54     1    13
  1.7137795777799431E-01 a      1074     0    54     1    14
  2.9653491947966842E-01 a      1075     0    54     1    15
 -2.6429757099412970E-01 a      1076     0    54     1    16
  1.4576446745683039E-01 a      1077     0    54     1    17
  2.8084908397195246E-01 a      1078     0    54     1    18
 -1.5805442497435634E-02 a      1079     0    54     1    19
 -2.7767403599222423E-01 a      1080     0    54     1    20
 -5.2883822117002455E-01 b      1081     1     1
 -3.6467398565769632E-01 b      1082     1     2
 -8.1779121017367151E-01 b      1083     1     3
 -1.1411671687107985E+00 b      1084     1     4
  1.2906421645345554E+00 b      1085     1     5
 -4.1756937873746280E-01 b      1086     1     6
  7.1385299404216873E-01 b      1087     1     7
 -1.9312646780882614E-01 b      1088     1     8
  1.7333823208193839E-02 b      1089     1     9
  2.5738971134955602E-01 b      1090     1    10
  6.5439250661931891E-01 b      1091     1    11
  1.6650533363685222E-01 b      1092     1    12
  9.9854563756590087E-01 b      1093     1    13
 -8.7229009111437383E-01 b      1094     1    14
  1.0056985364610069E+00 b      1095     1    15
  1.1953798065223442E+00 b      1096     1    16
 -1.4461314464547450E+00 b      1097     1    17
  2.5523249879946774E-01 b      1098     1    18
 -1.2534597472993394E+00 b      1099     1    19
  1.0460789451705998E+00 b      1100     1    20
  7.5639188719113393E-01 a      1101     1     1     2     1
  6.7652712762918144E-01 a      1102     1     1     2     2
  5.9462606287529485E-01 a      1103     1     1     2     3
  7.1671366120983093E-01 a      1104     1     1     2     4
 -7.0313201444604423E-01 a      1105     1     1     2     5
 -7.0306468721275228E-01 a      1106     1     1     2     6
  2.8787522293354262E-01 a      1107     1     1     2     7
 -3.0075890840862398E-02 a      1108     1     1     2     8
  7.7141343924148120E-02 a      1109     1     1     2     9
 -2.6604611299592168E-01 a      1110     1     1     2    10
 -3.6101135950234742E-01 a      1111     1     1     2    11
  1.8237915648710079E-01 a      1112     1     1     2    12
  1.1732723702942911E+00 a      1113     1     1     2    13
  3.7282628369696735E-01 a      1114     1     1     2    14
 -7.8831371038086773E-01 a      1115     1     1     2    15
 -4.5258760867354542E-01 a      1116     1     1     2    16
 -6.2209876818248144E-01 a      1117     1     1     2    17
 -3.7380671967024257E-02 a      1118     1     1     2    18
  1.4477541844743219E-01 a      1119     1     1     2    19
 -1.4744693227030389E-01 a      1120     1     1     2    20
 -7.1441948457272397E-01 a      1121     1     2     2     1
 -5.3265866119190630E-01 a      1122     1     2     2     2
  2.7095357300341039E-01 a      1123     1     2     2     3
 -4.1884524087051411E-01 a      1124     1     2     2     4
 -1.4727428464682566E-02 a      1125     1     2     2     5
  3.8541169574798495E-01 a      1126     1     2     2     6
  8.9459283989680949E-01 a      1127     1     2     2     7
  5.7040215947589934E-01 a      1128     1     2     2     8
  3.1518055749922463E-01 a      1129     1     2     2     9
  2.2662638925700043E-01 a      1130     1     2     2    10
 -4.1332183511725973E-01 a      1131     1     2     2    11
  2.6483030268987318E-01 a      1132     1     2     2    12
 -3.8862356658486358E-01 a      1133     1     2     2    13
  8.3273126271129172E-01 a      1134     1     2     2    14
  8.4359323701033950E-01 a      1135     1     2     2    15
 -5.5687384339383461E-01 a      1136     1     2     2    16
  1.4774596156245988E-02 a      1137     1     2     2    17
  1.7430598323083146E-01 a      1138     1     2     2    18
  5.5678451307046772E-01 a      1139     1     2     2    19
 -4.9292499535666573E-01 a      1140     1     2     2    20
  3.3641794280327558E-01 a      1141     1     3     2     1
 -2.2847929345566795E-01 a      1142     1     3     2     2
  3.3204027538555753E-02 a      1143     1     3     2     3
 -2.9923539337583893E-01 a      1144     1     3     2     4
 -2.6762005750033863E-01 a      1145     1     3     2     5
 -8.9095596633922558E-01 a      1146     1     3     2     6
 -5.7231309474989522E-01 a      1147     1     3     2     7
  9.2773400840649237E-02 a      1148     1     3     2     8
 -3.2794828159091288E-01 a      1149     1     3     2     9
  3.8104330461076287E-02 a      1150     1     3     2    10
  1.0896148303402679E-01 a      1151     1     3     2    11
 -4.9327774865533802E-01 a      1152     1     3     2    12
 -1.1570593504274132E-01 a      1153     1     3     2    13
 -5.8598919283410922E-01 a      1154     1     3     2    14
  6.9877840861534368E-01 a      1155     1     3     2    15
 -9.6877804711256932E-01 a      1156     1     3     2    16
 -9.3084382832263030E-02 a      1157     1     3     2    17
 -6.3693647366048056E-01 a      1158     1     3     2    18
  7.1997352860692743E-01 a      1159     1     3     2    19
 -4.5944876229902665E-01 a      1160     1     3     2    20
  3.7140367330158053E-01 a      1161     1     4     2     1
  2.7784216118329363E-01 a      1162     1     4     2     2
  1.6431507004810483E-01 a      1163     1     4     2     3
 -1.8887200854148498E-01 a      1164     1     4     2     4
 -1.4524153999255213E-02 a      1165     1     4     2     5
  4.7382205545618346E-02 a      1166     1     4     2     6
  5.0496958761110022E-01 a      1167     1     4     2     7
  4.8456173660175567E-01 a      1168     1     4     2     8
  3.4016124580500057E-01 a      1169     1     4     2     9
 -2.6453351347462900E-01 a      1170     1     4     2    10
  2.1929390863965639E-01 a      1171     1     4     2    11
 -3.2842630596045153E-01 a      1172     1     4     2    12
 -3.0352382916297055E-01 a      1173     1     4     2    13
  3.3784835145229131E-01 a      1174     1     4     2    14
  5.3364028693171672E-01 a      1175     1     4     2    15
  1.5077501657325666E-02 a      1176     1     4     2    16
 -4.0086502713871697E-01 a      1177     1     4     2    17
  9.1366913323692109E-02 a      1178     1     4     2    18
  8.7217401453753104E-02 a      1179     1     4     2    19
  1.2156884211563151E-01 a      1180     1     4     2    20
 -7.5035404018686769E-01 a      1181     1     5     2     1
  2.8042620363696735E-01 a      1182     1     5     2     2
 -2.6081355738738093E-01 a      1183     1     5     2     3
  1.1109625780040354E-01 a      1184     1     5     2     4
 -4.5132718270976391E-01 a      1185     1     5     2     5
 -4.5362296311961633E-02 a      1186     1     5     2     6
 -3.0864333344036721E-01 a      1187     1     5     2     7
  1.8498044257136351E-01 a      1188     1     5     2     8
 -2.9306972705309083E-02 a      1189     1     5     2     9
  1.0610282931563113E-01 a      1190     1     5     2    10
  2.3793861716162332E-01 a      1191     1     5     2    11
  6.4029967463686854E-01 a      1192     1     5     2    12
  4.3022372523204239E-01 a      1193     1     5     2    13
  1.2386959780505626E-01 a      1194     1     5     2    14
 -1.0666210339560478E+00 a      1195     1     5     2    15
  2.1344674287346305E-01 a      1196     1     5     2    16
  3.3128286008561147E-01 a      1197     1     5     2    17
  2.9678396419626035E-01 a      1198     1     5     2    18
  2.3290074388632725E-01 a      1199     1     5     2    19
  4.0139065390121681E-01 a      1200     1     5     2    20
 -1.9857839826411453E-01 a      1201     1     6     2     1
 -2.7449147875531904E-01 a      1202     1     6     2     2
 -5.3583893377140576E-02 a      1203     1     6     2     3
 -4.3425031599101560E-01 a      1204     1     6     2     4
 -4.0802475158637563E-01 a      1205     1     6     2     5
 -2.0132637758453983E-01 a      1206     1     6     2     6
 -5.3877325336728299E-01 a      1207     1     6     2     7
 -4.4781543547849190E-01 a      1208     1     6     2     8
 -5.2849099194710325E-01 a      1209     1     6     2     9
  3.5238568954472688E-01 a      1210     1     6     2    10
 -2.4327643053673370E-01 a      1211     1     6     2    11
  7.3009076776801662E-01 a      1212     1     6     2    12
 -4.3399037897832177E-01 a      1213     1     6     2    13
 -3.4052164114913364E-01 a      1214     1     6     2    14
  2.0800825983823037E-01 a      1215     1     6     2    15
 -2.4566289273158698E-01 a      1216     1     6     2    16
  5.0389350744596961E-01 a      1217     1     6     2    17
  1.6131705202329184E-02 a      1218     1     6     2    18
  6.8604601805144017E-01 a      1219     1     6     2    19
 -4.7297818004718817E-01 a      1220     1     6     2    20
 -5.9777300403922602E-02 a      1221     1     7     2     1
  2.1155009040634146E-01 a      1222     1     7     2     2
  4.5622019387958845E-01 a      1223     1     7     2     3
 -7.2382922208446088E-01 a      1224     1     7     2     4
 -1.6652736603758034E-01 a      1225     1     7     2     5
  3.4633411225214752E-02 a      1226     1     7     2     6
 -4.3176820215441097E-01 a      1227     1     7     2     7
  7.2597961476979805E-02 a      1228     1     7     2     8
  2.5776398490469460E-01 a      1229     1     7     2     9
  7.8980824382573689E-01 a      1230     1     7     2    10
 -6.1771108455483829E-02 a      1231     1     7     2    11
  7.2288208224093486E-01 a      1232     1     7     2    12
  5.8782256647207909E-01 a      1233     1     7     2    13
  1.6344739660776508E-01 a      1234     1     7     2    14
 -2.9308751638097874E-01 a      1235     1     7     2    15
  3.0876387882048301E-01 a      1236     1     7     2    16
  3.0810004465987079E-01 a      1237     1     7     2    17
 -6.1449654651197716E-01 a      1238     1     7     2    18
  5.3119085976714897E-01 a      1239     1     7     2    19
  1.6084762610398731E-01 a      1240     1     7     2    20
  2.9330254435549924E-01 a      1241     1     8     2     1
 -7.6713099904900273E-01 a      1242     1     8     2     2
  7.1856040942521487E-02 a      1243     1     8     2     3
 -5.9137182669591271E-01 a      1244     1     8     2     4
 -5.1903836634723644E-01 a      1245     1     8     2     5
  3.1215913333650597E-01 a      1246     1     8     2     6
 -1.8257908182694113E-01 a      1247     1     8     2     7
 -1.3286388692785339E-01 a      1248     1     8     2     8
  1.1033454352965553E-01 a      1249     1     8     2     9
  3.9373517989097462E-01 a      1250     1     8     2    10
 -3.0841683964969717E-02 a      1251     1     8     2    11
  4.0544925860673076E-01 a      1252     1     8     2    12
 -4.2939312350424064E-01 a      1253     1     8     2    13
 -2.5839473741552416E-01 a      1254     1     8     2    14
  4.4800433482679403E-01 a      1255     1     8     2    15
 -7.4393864836808321E-02 a      1256     1     8     2    16
  2.4109190594804258E-01 a      1257     1     8     2    17
 -2.4598142225799732E-01 a      1258     1     8     2    18
  1.2226731242209224E-01 a      1259     1     8     2    19
 -3.2074579561928257E-01 a      1260     1     8     2    20
 -7.3333616529825230E-01 a      1261     1     9     2     1
  3.1868656789196292E-01 a      1262     1     9     2     2
  2.2104033191793354E-01 a      1263     1     9     2     3
  4.1546357026866421E-01 a      1264     1     9     2     4
 -1.8256916370701462E-01 a      1265     1     9     2     5
 -3.1917307249246775E-02 a      1266     1     9     2     6
 -8.2819612114553853E-02 a      1267     1     9     2     7
 -9.7672411798875913E-01 a      1268     1     9     2     8
 -2.9415670651497278E-01 a      1269     1     9     2     9
  1.5128045962313380E-01 a      1270     1     9     2    10
  1.4150586647382421E-01 a      1271     1     9     2    11
 -3.9081710136208264E-01 a      1272     1     9     2    12
  3.5084026166147836E-01 a      1273     1     9     2    13
  3.3949707543004426E-01 a      1274     1     9     2    14
 -4.1209545865459968E-01 a      1275     1     9     2    15
 -1.0935037161073605E-01 a      1276     1     9     2    16
 -7.1550822916543799E-01 a      1277     1     9     2    17
  3.7699951919375752E-01 a      1278     1     9     2    18
 -1.9897853624515069E-01 a      1279     1     9     2    19
 -1.5090472350937109E-01 a      1280     1     9     2    20
  7.0628826106628617E-01 a      1281     1    10     2     1
 -1.1096700555766384E-01 a      1282     1    10     2     2
  4.9978410612695995E-01 a      1283     1    10     2     3
 -1.3324198154773201E+00 a      1284     1    10     2     4
 -2.6560595382550323E-01 a      1285     1    10     2     5
 -3.5792227420894029E-01 a      1286     1    10     2     6
  8.9727423042692378E-02 a      1287     1    10     2     7
  1.0059203834159509E+00 a      1288     1    10     2     8
  5.9957611506301234E-01 a      1289     1    10     2     9
  3.1609323931798033E-01 a      1290     1    10     2    10
 -9.2661242074546270E-03 a      1291     1    10     2    11
  2.2531668006860814E-01 a      1292     1    10     2    12
  5.5061811875251465E-01 a      1293     1    10     2    13
  4.9359427275119339E-01 a      1294     1    10     2    14
 -2.3335294191540568E-01 a      1295     1    10     2    15
 -2.8556437079310265E-01 a      1296     1    10     2    16
 -5.0363208923275593E-01 a      1297     1    10     2    17
 -1.8671973054912780E-01 a      1298     1    10     2    18
  3.9153993056725284E-01 a      1299     1    10     2    19
  4.6578196006209771E-01 a      1300     1    10     2    20
  2.5023962929372923E-01 a      1301     1    11     2     1
 -5.0698274045675416E-03 a      1302     1    11     2     2
  1.6053026165304232E-01 a      1303     1    11     2     3
  4.8899077232113891E-01 a      1304     1    11     2     4
 -1.4811118885201555E-01 a      1305     1    11     2     5
  5.2375288404053977E-01 a      1306     1    11     2     6
 -5.5619166966733657E-01 a      1307     1    11     2     7
  3.8131441870108335E-02 a      1308     1    11     2     8
 -6.3466823892904056E-01 a      1309     1    11     2     9
  2.2963761347199846E-01 a      1310     1    11     2    10
  5.5650670698545923E-01 a      1311     1    11     2    11
  4.7162327527387193E-01 a      1312     1    11     2    12
 -1.1637392102126902E+00 a      1313     1    11     2    13
 -6.6812473154836260E-01 a      1314     1    11     2    14
  3.8669024994622547E-01 a      1315     1    11     2    15
  4.8343870005282330E-01 a      1316     1    11     2    16
  7.0523332269618588E-01 a      1317     1    11     2    17
 -6.6798712660153567E-02 a      1318     1    11     2    18
 -3.4184007177796051E-02 a      1319     1    11     2    19
 -5.3851730615420965E-02 a      1320     1    11     2    20
 -2.7556160513882494E-01 a      1321     1    12     2     1
  3.5710678401786095E-01 a      1322     1    12     2     2
  1.4072924183215293E-01 a      1323     1    12     2     3
  1.0223434695040404E-01 a      1324     1    12     2     4
 -4.7367980966489326E-01 a      1325     1    12     2     5
  4.9139949386733428E-01 a      1326     1    12     2     6
  6.5309920918809872E-01 a      1327     1    12     2     7
  7.6540007232945384E-01 a      1328     1    12     2     8
  7.0364925413011570E-01 a      1329     1    12     2     9
  7.9493138115930340E-02 a      1330     1    12     2    10
 -8.7194484068611900E-03 a      1331     1    12     2    11
  1.0119986457405880E-02 a      1332     1    12     2    12
 -1.3903088898910182E-01 a      1333     1    12     2    13
 -6.1294242227632703E-02 a      1334     1    12     2    14
  2.6527379498257958E-01 a      1335     1    12     2    15
  3.3913134617740165E-01 a      1336     1    12     2    16
  7.1821148813475333E-01 a      1337     1    12     2    17
  3.5911638011232039E-01 a      1338     1    12     2    18
 -4.9932712955311473E-02 a      1339     1    12     2    19
  6.1083074727182371E-02 a      1340     1    12     2    20
 -4.4121455772885887E-01 a      1341     1    13     2     1
 -5.9930963250922120E-01 a      1342     1    13     2     2
 -4.0505347143832260E-01 a      1343     1    13     2     3
  5.0056428482134763E-01 a      1344     1    13     2     4
  6.8536215517809163E-01 a      1345     1    13     2     5
  3.8669869990578548E-01 a      1346     1    13     2     6
  3.3801630823573509E-01 a      1347     1    13     2     7
  3.9636453629463647E-01 a      1348     1    13     2     8
 -1.7476541041288504E-01 a      1349     1    13     2     9
 -9.6136026510428949E-02 a      1350     1    13     2    10
  5.6270738242078688E-01 a      1351     1    13     2    11
 -3.0410046788337941E-01 a      1352     1    13     2    12
 -9.4534246227882146E-02 a      1353     1    13     2    13
 -6.3963098253281314E-01 a      1354     1    13     2    14
  2.0318448927057492E-01 a      1355     1    13     2    15
  4.6684343983612087E-01 a      1356     1    13     2    16
  1.9478710067265884E-01 a      1357     1    13     2    17
  5.5395379044324344E-01 a      1358     1    13     2    18
  5.3556231958229661E-01 a      1359     1    13     2    19
  1.9179079173611280E-02 a      1360     1    13     2    20
  1.6268875069150354E-01 a      1361     1    14     2     1
 -2.3109370031829238E-01 a      1362     1    14     2     2
  3.1199665683614719E-01 a      1363     1    14     2     3
 -4.3395784828535039E-01 a      1364     1    14     2     4
  6.5819927648439275E-02 a      1365     1    14     2     5
  4.8638536706470481E-01 a      1366     1    14     2     6
  5.1279695769374301E-01 a      1367     1    14     2     7
 -5.0754480820240022E-01 a      1368     1    14     2     8
 -2.5717724475099557E-01 a      1369     1    14     2     9
  9.6382080252518143E-01 a      1370     1    14     2    10
  7.0863820407279055E-01 a      1371     1    14     2    11
 -3.4552525318794131E-01 a      1372     1    14     2    12
  1.0913848887337736E+00 a      1373     1    14     2    13
 -6.5291904385520938E-01 a      1374     1    14     2    14
  3.7153433318609191E-01 a      1375     1    14     2    15
  5.3650917921584207E-01 a      1376     1    14     2    16
 -1.9105145014961170E-01 a      1377     1    14     2    17
  3.0506135644684318E-01 a      1378     1    14     2    18
 -5.4981555372797961E-02 a      1379     1    14     2    19
  5.1251323167956886E-01 a      1380     1    14     2    20
 -3.5633321523926492E-01 a      1381     1    15     2     1
  4.3044800021516899E-01 a      1382     1    15     2     2
  8.2649192471644317E-01 a      1383     1    15     2     3
  1.4549339620485535E-01 a      1384     1    15     2     4
 -4.8581759700955346E-01 a      1385     1    15     2     5
 -7.5131236657641043E-01 a      1386     1    15     2     6
 -4.8441950329478756E-01 a      1387     1    15     2     7
  4.1286113289815113E-01 a      1388     1    15     2     8
  3.2591177566472945E-01 a      1389     1    15     2     9
  4.9824483767714683E-01 a      1390     1    15     2    10
  2.5987902877109037E-01 a      1391     1    15     2    11
  1.3059157347363132E-01 a      1392     1    15     2    12
  4.6718659151814107E-01 a      1393     1    15     2    13
 -2.4980102257397443E-01 a      1394     1    15     2    14
 -8.3411690972140484E-01 a      1395     1    15     2    15
 -6.0328349833387374E-01 a      1396     1    15     2    16
 -7.9041721570929618E-02 a      1397     1    15     2    17
  8.2123680808434918E-01 a      1398     1    15     2    18
  9.0406824546589881E-01 a      1399     1    15     2    19
  5.4694840808719843E-02 a      1400     1    15     2    20
  6.1453884370571465E-01 a      1401     1    16     2     1
 -5.3666091949524408E-01 a      1402     1    16     2     2
 -2.7919323370988025E-01 a      1403     1    16     2     3
 -9.0518208832463753E-02 a      1404     1    16     2     4
 -4.1936328821838488E-02 a      1405     1    16     2     5
  3.7587396094604103E-01 a      1406     1    16     2     6
 -4.4793572184539715E-01 a      1407     1    16     2     7
 -5.5127719536612052E-01 a      1408     1    16     2     8
 -6.3718541059400569E-01 a      1409     1    16     2     9
 -4.6759701492066691E-01 a      1410     1    16     2    10
 -8.7945697052137939E-01 a      1411     1    16     2    11
 -4.0492291683567511E-01 a      1412     1    16     2    12
 -1.0012709519425691E+00 a      1413     1    16     2    13
 -1.4989059684251127E-01 a      1414     1    16     2    14
 -2.5476897335748462E-02 a      1415     1    16     2    15
  3.9630800880063216E-01 a      1416     1    16     2    16
  5.5520430681453026E-01 a      1417     1    16     2    17
  1.8617270421133630E-01 a      1418     1    16     2    18
 -6.2555571126886367E-01 a      1419     1    16     2    19
 -4.3629641847704842E-01 a      1420     1    16     2    20
  1.6571755257803361E-01 a      1421     1    17     2     1
 -7.7240671232421965E-01 a      1422     1    17     2     2
 -2.8274296573758628E-01 a      1423     1    17     2     3
 -2.2483656060607904E-01 a      1424     1    17     2     4
  4.9443323941287975E-02 a      1425     1    17     2     5
 -2.8702050995716466E-01 a      1426     1    17     2     6
 -1.1609672587655957E-01 a      1427     1    17     2     7
 -1.5447564972416397E-01 a      1428     1    17     2     8
  3.3771404636215663E-01 a      1429     1    17     2     9
 -2.5994923810942538E-01 a      1430     1    17     2    10
  9.6204143643869056E-01 a      1431     1    17     2    11
  1.1019834027238298E+00 a      1432     1    17     2    12
 -1.4707152514907634E-01 a      1433     1    17     2    13
 -2.3823944562042282E-01 a      1434     1    17     2    14
 -3.0465098812084982E-02 a      1435     1    17     2    15
 -2.6541311602463474E-01 a      1436     1    17     2    16
  8.2928460393988024E-01 a      1437     1    17     2    17
  4.7088700150350993E-01 a      1438     1    17     2    18
 -7.9741540100968833E-01 a      1439     1    17     2    19
  2.1877165712426254E-03 a      1440     1    17     2    20
 -6.7347942755270129E-01 a      1441     1    18     2     1
 -1.0099434651677628E-02 a      1442     1    18     2     2
  1.6060173830598101E-02 a      1443     1    18     2     3
 -7.4733094623632712E-01 a      1444     1    18     2     4
 -4.5901470761111857E-01 a      1445     1    18     2     5
  1.2057206329323779E-01 a      1446     1    18     2     6
  3.5858497652134008E-01 a      1447     1    18     2     7
 -2.8718429526081840E-01 a      1448     1    18     2     8
  4.2263289671967225E-01 a      1449     1    18     2     9
  2.6111841308663897E-01 a      1450     1    18     2    10
  4.5092922560158434E-02 a      1451     1    18     2    11
 -2.8896208065804085E-01 a      1452     1    18     2    12
  1.5725559910942186E+00 a      1453     1    18     2    13
  8.8391700008513138E-02 a      1454     1    18     2    14
 -1.2269427720705155E+00 a      1455     1    18     2    15
  4.7415913908638940E-01 a      1456     1    18     2    16
 -1.0307617146725391E-01 a      1457     1    18     2    17
 -4.5411959341904073E-01 a      1458     1    18     2    18
 -6.9076550074492560E-01 a      1459     1    18     2    19
  3.7608870486069296E-01 a      1460     1    18     2    20
 -1.0121040915154640E-01 a      1461     1    19     2     1
  1.3163162024940006E-01 a      1462     1    19     2     2
 -2.5686112689577784E-01 a      1463     1    19     2     3
  5.6091828730474935E-01 a      1464     1    19     2     4
  7.1805620278937321E-01 a      1465     1    19     2     5
  4.3145927438921922E-01 a      1466     1    19     2     6
  2.6309055992225261E-01 a      1467     1    19     2     7
 -3.3468599344804389E-01 a      1468     1    19     2     8
 -9.6366791862201207E-01 a      1469     1    19     2     9
 -2.6940348907792178E-01 a      1470     1    19     2    10
 -1.3319736410135459E+00 a      1471     1    19     2    11
  9.1423077460267466E-01 a      1472     1    19     2    12
 -1.0652820202080672E-01 a      1473     1    19     2    13
 -2.2693304080303754E-02 a      1474     1    19     2    14
 -6.5269679906722067E-01 a      1475     1    19     2    15
 -1.7377055832467123E-01 a      1476     1    19     2    16
 -3.2523699441657766E-01 a      1477     1    19     2    17
  4.2098768174758855E-01 a      1478     1    19     2    18
 -4.2159014343505524E-01 a      1479     1    19     2    19
  4.7319824591422566E-01 a      1480     1    19     2    20
 -1.3312332269189522E-01 a      1481     1    20     2     1
  4.5167991124921786E-01 a      1482     1    20     2     2
 -5.4954621330293063E-01 a      1483     1    20     2     3
  5.6423426241193775E-01 a      1484     1    20     2     4
  3.6066840164085745E-01 a      1485     1    20     2     5
  2.8010842553333809E-01 a      1486     1    20     2     6
  2.3798513235989950E-02 a      1487     1    20     2     7
 -6.3065149382999605E-02 a      1488     1    20     2     8
 -3.1076728460560810E-01 a      1489     1    20     2     9
 -5.4010797242072119E-02 a      1490     1    20     2    10
  1.9047046647193103E-01 a      1491     1    20     2    11
  7.4936959669813064E-01 a      1492     1    20     2    12
 -8.1015629727286842E-01 a      1493     1    20     2    13
 -7.7492184580599677E-01 a      1494     1    20     2    14
 -4.1246464453915288E-01 a      1495     1    20     2    15
 -2.8058667483417871E-01 a      1496     1    20     2    16
 -1.3233499673673099E-01 a      1497     1    20     2    17
  4.8050194824279621E-02 a      1498     1    20     2    18
 -8.1223384973808391E-02 a      1499     1    20     2    19
 -1.6720446614944106E-02 a      1500     1    20     2    20
 -2.5445571142581530E-01 b      1501     2     1
  8.0465441567603790E-01 b      1502     2     2
  1.1270842152864704E+00 b      1503     2     3
  1.6754376876111194E+00 b      1504     2     4
  7.6570321384890827E-01 b      1505     2     5
  3.4695622142409277E-01 b      1506     2     6
  4.7925327567166426E-01 b      1507     2     7
  5.2577030951034587E-01 b      1508     2     8
  1.1105810984390270E+00 b      1509     2     9
 -2.5291472036549428E-01 b      1510     2    10
  1.1204856829580441E+00 b      1511     2    11
  3.4438194867103450E-01 b      1512     2    12
  4.0126985303332585E-01 b      1513     2    13
  1.3013502163034862E+00 b      1514     2    14
  1.2104632315807018E+00 b      1515     2    15
  3.7772314372038351E-01 b      1516     2    16
  9.7014753400612952E-01 b      1517     2    17
 -4.3559410242644354E-03 b      1518     2    18
  1.1580107588862230E+00 b      1519     2    19
  1.2729420255444807E-01 b      1520     2    20
  7.6159914967288556E-01 a      1521     2     1     3     1
  8.2354952317307550E-02 a      1522     2     2     3     1
 -7.9322274038069995E-01 a      1523     2     3     3     1
 -9.3240661246908429E-01 a      1524     2     4     3     1
 -2.0262227872069272E-01 a      1525     2     5     3     1
 -4.6787369227598991E-01 a      1526     2     6     3     1
  1.0519924811091754E+00 a      1527     2     7     3     1
 -2.6350432473056667E-01 a      1528     2     8     3     1
 -6.6187747267965324E-01 a      1529     2     9     3     1
  5.1177668446761160E-01 a      1530     2    10     3     1
 -4.8609454888033221E-01 a      1531     2    11     3     1
  3.6254945341879168E-02 a      1532     2    12     3     1
 -1.4968968302862851E-01 a      1533     2    13     3     1
  1.7700532338169295E-01 a      1534     2    14     3     1
  4.4727330225662465E-01 a      1535     2    15     3     1
 -7.7983597850832342E-01 a      1536     2    16     3     1
  2.3492506313066516E-01 a      1537     2    17     3     1
 -3.1732456978637136E-02 a      1538     2    18     3     1
 -1.4126715251936912E+00 a      1539     2    19     3     1
  5.4946201090570213E-01 a      1540     2    20     3     1
  1.0236451300297758E-02 b      1541     3     1
