################################################################################
# Neural network connection values (weights and biases).
################################################################################
# Col  Name       Description
################################################################################
# 1    connection Neural network connection value.
# 2    t          Connection type (a = weight, b = bias).
# 3    index      Index enumerating weights.
# 4    l_s        Starting point layer (end point layer for biases).
# 5    n_s        Starting point neuron in starting layer (end point neuron for biases).
# 6    l_e        End point layer.
# 7    n_e        End point neuron in end layer.
################################################################################
#                      1 2         3     4     5     6     7
#             connection t     index   l_s   n_s   l_e   n_e
############################################################
  5.9262730466771729E-01 a         1     0     1     1     1
  2.4665426215647371E-01 a         2     0     1     1     2
 -3.2068617248320902E-01 a         3     0     1     1     3
  4.6126521073162624E-01 a         4     0     1     1     4
 -4.5343416342104252E-02 a         5     0     1     1     5
 -4.2161339635942296E-01 a         6     0     1     1     6
 -3.4164500830091277E-01 a         7     0     1     1     7
  9.9549148820633315E-02 a         8     0     1     1     8
  4.8847510835729901E-01 a         9     0     1     1     9
 -5.3450592429583534E-02 a        10     0     1     1    10
  1.1807324338984719E-01 a        11     0     1     1    11
  1.6986954678789251E-01 a        12     0     1     1    12
 -3.6625785947966560E-01 a        13     0     1     1    13
 -3.2066438040597151E-01 a        14     0     1     1    14
  3.0499518366071782E-01 a        15     0     1     1    15
 -1.6970500247806000E-01 a        16     0     1     1    16
 -1.0575286302200486E+00 a        17     0     1     1    17
 -2.2252442678497328E-01 a        18     0     1     1    18
  5.4697181226476266E-02 a        19     0     1     1    19
 -5.5190663770734436E-02 a        20     0     1     1    20
  6.1280217218101299E-02 a        21     0     2     1     1
 -3.3751547400222466E-02 a        22     0     2     1     2
  2.7586286815830557E-02 a        23     0     2     1     3
 -9.8710778402595067E-02 a        24     0     2     1     4
 -1.6999823963944047E-01 a        25     0     2     1     5
  5.1536036837576009E-02 a        26     0     2     1     6
  1.5541164118975054E-01 a        27     0     2     1     7
 -2.6570051312388848E-02 a        28     0     2     1     8
  1.6181218288173238E-01 a        29     0     2     1     9
  1.5588389655110582E-01 a        30     0     2     1    10
  8.4925928649917770E-02 a        31     0     2     1    11
  8.9964659316112874E-02 a        32     0     2     1    12
 -1.2476203739274425E-01 a        33     0     2     1    13
  1.2277034870766414E-01 a        34     0     2     1    14
 -2.1286341264328101E-02 a        35     0     2     1    15
 -2.0272823733640433E-01 a        36     0     2     1    16
 -1.4131116322995843E-01 a        37     0     2     1    17
  1.0712871727098394E-01 a        38     0     2     1    18
 -2.1612355413230349E-02 a        39     0     2     1    19
  2.5933272647110905E-01 a        40     0     2     1    20
 -2.5156194021960598E-01 a        41     0     3     1     1
 -2.3240280862631971E-01 a        42     0     3     1     2
  1.4726894502704793E-01 a        43     0     3     1     3
  1.9135041027688333E-03 a        44     0     3     1     4
  2.3005138168810763E-01 a        45     0     3     1     5
  3.6183653083468180E-02 a        46     0     3     1     6
 -2.9256585334166380E-02 a        47     0     3     1     7
 -1.0992430971714337E-01 a        48     0     3     1     8
  5.2124339416763754E-02 a        49     0     3     1     9
  2.9804984802788377E-02 a        50     0     3     1    10
 -7.1059862830968740E-02 a        51     0     3     1    11
  9.0575118151968850E-02 a        52     0     3     1    12
  8.2486213430552086E-03 a        53     0     3     1    13
 -3.7725425618825588E-02 a        54     0     3     1    14
 -6.2477775178956994E-02 a        55     0     3     1    15
 -4.6043475830814855E-02 a        56     0     3     1    16
  1.2292437094007337E-01 a        57     0     3     1    17
 -2.7308136993771642E-02 a        58     0     3     1    18
  3.2740649745911954E-02 a        59     0     3     1    19
 -3.2599477527247185E-02 a        60     0     3     1    20
 -1.8004382268649901E+00 a        61     0     4     1     1
 -9.1787330487945840E-01 a        62     0     4     1     2
 -2.3657057467809012E-01 a        63     0     4     1     3
 -1.2142645970111394E+00 a        64     0     4     1     4
 -1.9141049597346232E-01 a        65     0     4     1     5
  3.0108642921442968E-01 a        66     0     4     1     6
  2.0092998520047750E-01 a        67     0     4     1     7
 -7.2344857676383642E-02 a        68     0     4     1     8
  1.2937990812599573E-01 a        69     0     4     1     9
  1.8119848278128761E-02 a        70     0     4     1    10
 -1.7889367468537587E-01 a        71     0     4     1    11
 -3.2431453824394757E-01 a        72     0     4     1    12
  1.2191705897824762E-01 a        73     0     4     1    13
 -6.8774037208853023E-01 a        74     0     4     1    14
 -3.6797509259909628E-01 a        75     0     4     1    15
 -4.9512008960876408E-01 a        76     0     4     1    16
  4.3991338563095428E-01 a        77     0     4     1    17
 -5.0800405950693047E-03 a        78     0     4     1    18
 -1.4503844987490683E-01 a        79     0     4     1    19
  4.4973363800762584E-02 a        80     0     4     1    20
  5.5057324789911013E-03 a        81     0     5     1     1
  1.1086410958355934E-01 a        82     0     5     1     2
  2.3066604612041981E-02 a        83     0     5     1     3
  2.0174081236119723E-01 a        84     0     5     1     4
  2.6956979835275269E-01 a        85     0     5     1     5
 -5.1071772555985995E-02 a        86     0     5     1     6
  4.0232956859425469E-02 a        87     0     5     1     7
  1.7255194470459471E-02 a        88     0     5     1     8
 -3.9242693297697327E-02 a        89     0     5     1     9
 -1.1224100093505052E-01 a        90     0     5     1    10
  3.1951163208988830E-03 a        91     0     5     1    11
 -3.0667512961600879E-01 a        92     0     5     1    12
  2.8954657122309696E-01 a        93     0     5     1    13
  5.1866767006183340E-02 a        94     0     5     1    14
 -9.8511324748482315E-02 a        95     0     5     1    15
  1.1042582195757272E-01 a        96     0     5     1    16
  3.2409647552081190E-03 a        97     0     5     1    17
 -1.2448953938772689E-01 a        98     0     5     1    18
  1.3109588140805692E-01 a        99     0     5     1    19
 -3.9974298650877244E-01 a       100     0     5     1    20
  1.0793341822783563E-01 a       101     0     6     1     1
  2.2315851720653912E-01 a       102     0     6     1     2
 -2.2223665019893848E-01 a       103     0     6     1     3
  7.8652488081552327E-02 a       104     0     6     1     4
 -3.0619735332001952E-01 a       105     0     6     1     5
  4.5188155633689754E-02 a       106     0     6     1     6
 -6.2641088773594422E-02 a       107     0     6     1     7
  1.2527312694811094E-01 a       108     0     6     1     8
 -1.1545084680126089E-01 a       109     0     6     1     9
  2.7232899672478696E-02 a       110     0     6     1    10
  9.6674407671425919E-02 a       111     0     6     1    11
 -8.5679006476516975E-04 a       112     0     6     1    12
 -5.8312854561339928E-03 a       113     0     6     1    13
 -6.8168409627048670E-04 a       114     0     6     1    14
  4.7011376088958917E-02 a       115     0     6     1    15
 -3.8665810659451851E-03 a       116     0     6     1    16
 -1.7908194555483700E-01 a       117     0     6     1    17
  4.6146122703482249E-02 a       118     0     6     1    18
  2.2522922673716170E-02 a       119     0     6     1    19
 -1.3061238972028680E-01 a       120     0     6     1    20
  1.0399624568527535E+00 a       121     0     7     1     1
  4.0641261770215764E-01 a       122     0     7     1     2
  1.6137495705432175E-01 a       123     0     7     1     3
  5.9454767074955650E-01 a       124     0     7     1     4
  1.0060444707797415E-01 a       125     0     7     1     5
 -9.6744821551189145E-02 a       126     0     7     1     6
 -4.2117116040238683E-02 a       127     0     7     1     7
 -4.7216875889464521E-01 a       128     0     7     1     8
  5.3570449565700740E-01 a       129     0     7     1     9
  6.0556180031705389E-02 a       130     0     7     1    10
 -2.4406246670621068E-01 a       131     0     7     1    11
  7.1582443190365674E-01 a       132     0     7     1    12
  2.8450125028404050E-01 a       133     0     7     1    13
 -1.9854101576704204E-02 a       134     0     7     1    14
 -3.9829570096427563E-01 a       135     0     7     1    15
 -9.8039455417347501E-02 a       136     0     7     1    16
 -3.8374074561557808E-01 a       137     0     7     1    17
 -1.4177881811456858E-02 a       138     0     7     1    18
 -4.8071379228247874E-01 a       139     0     7     1    19
 -6.3848434624262973E-01 a       140     0     7     1    20
 -1.6296024332694528E-01 a       141     0     8     1     1
  2.4766976821297679E-01 a       142     0     8     1     2
  3.8356860892602707E-02 a       143     0     8     1     3
 -5.7932970905476902E-02 a       144     0     8     1     4
 -1.5151947439054586E-01 a       145     0     8     1     5
  1.2462578553167640E-02 a       146     0     8     1     6
 -2.0300442881781178E-02 a       147     0     8     1     7
  7.0310823645759024E-02 a       148     0     8     1     8
 -2.3443101657783791E-01 a       149     0     8     1     9
 -6.9576563211988268E-02 a       150     0     8     1    10
 -9.4675155947011702E-02 a       151     0     8     1    11
  3.4502812826376666E-01 a       152     0     8     1    12
 -1.7792805993740315E-01 a       153     0     8     1    13
 -3.3696263997042175E-01 a       154     0     8     1    14
  1.6940756907413776E-01 a       155     0     8     1    15
  1.9567156833023627E-01 a       156     0     8     1    16
  1.0449396808698952E-01 a       157     0     8     1    17
 -9.3017189307871298E-02 a       158     0     8     1    18
 -1.4856472880249161E-01 a       159     0     8     1    19
 -1.3789933124314455E-01 a       160     0     8     1    20
 -5.5986697753011551E-02 a       161     0     9     1     1
  4.0275493470207829E-01 a       162     0     9     1     2
  2.3005339135737982E-01 a       163     0     9     1     3
  2.9975530880315803E-02 a       164     0     9     1     4
  2.7249460387276359E-01 a       165     0     9     1     5
 -6.9418402619078182E-02 a       166     0     9     1     6
  5.0622238752587589E-01 a       167     0     9     1     7
  2.4036192909633514E-01 a       168     0     9     1     8
 -8.5437534824166647E-02 a       169     0     9     1     9
 -1.9629322318771622E-01 a       170     0     9     1    10
  4.9013260023261056E-02 a       171     0     9     1    11
 -9.9854520735792679E-02 a       172     0     9     1    12
  9.0080629467830908E-02 a       173     0     9     1    13
 -1.5396055464259994E-01 a       174     0     9     1    14
  1.8432598707786446E-01 a       175     0     9     1    15
  1.7262936311776825E-01 a       176     0     9     1    16
  2.9051910650033008E-01 a       177     0     9     1    17
  5.3195017216514547E-02 a       178     0     9     1    18
 -6.7407911694016887E-02 a       179     0     9     1    19
 -1.9319189950407933E-01 a       180     0     9     1    20
 -1.1658570038552423E+00 a       181     0    10     1     1
 -8.8291548579016077E-01 a       182     0    10     1     2
 -8.0259941609063856E-02 a       183     0    10     1     3
 -1.0955992786005018E+00 a       184     0    10     1     4
 -3.1716475384005671E-01 a       185     0    10     1     5
 -1.9269531001719414E-01 a       186     0    10     1     6
  4.3023147510370990E-01 a       187     0    10     1     7
  4.9357847978601038E-01 a       188     0    10     1     8
  7.6641292336835462E-02 a       189     0    10     1     9
  2.6707686513557971E-01 a       190     0    10     1    10
 -3.7528174403604293E-02 a       191     0    10     1    11
 -5.4613385874528930E-01 a       192     0    10     1    12
 -3.9750764322468587E-02 a       193     0    10     1    13
 -1.6960532198708713E-02 a       194     0    10     1    14
  3.5120585472226357E-01 a       195     0    10     1    15
 -4.3816779928672868E-02 a       196     0    10     1    16
 -2.8461069299088697E-02 a       197     0    10     1    17
 -1.4271758312394137E-01 a       198     0    10     1    18
  3.2625752083711140E-01 a       199     0    10     1    19
  5.7600409293608912E-01 a       200     0    10     1    20
 -1.3161994258378509E-01 a       201     0    11     1     1
 -8.5124098765256520E-02 a       202     0    11     1     2
  3.1853250305376846E-01 a       203     0    11     1     3
 -1.9165823068078927E-01 a       204     0    11     1     4
 -1.2368472416083250E-01 a       205     0    11     1     5
 -1.7482653050041996E-01 a       206     0    11     1     6
 -1.5002647594025442E-01 a       207     0    11     1     7
 -2.6402082235783553E-02 a       208     0    11     1     8
  8.7615382608518769E-02 a       209     0    11     1     9
 -1.1304858322426108E-01 a       210     0    11     1    10
  2.8387497007261224E-02 a       211     0    11     1    11
  1.1543566127871628E-01 a       212     0    11     1    12
 -1.9250876725589748E-02 a       213     0    11     1    13
  7.6458857981331160E-02 a       214     0    11     1    14
  4.7745192517842198E-02 a       215     0    11     1    15
 -4.2144664721233394E-01 a       216     0    11     1    16
 -2.1922150768306014E-02 a       217     0    11     1    17
  1.6643090542142053E-01 a       218     0    11     1    18
 -2.1873905814126882E-01 a       219     0    11     1    19
 -1.8107768383173217E-01 a       220     0    11     1    20
 -5.8060867529632965E-01 a       221     0    12     1     1
 -6.8323792015412303E-03 a       222     0    12     1     2
  2.8479400090458146E-01 a       223     0    12     1     3
  8.7475963874366194E-02 a       224     0    12     1     4
  2.7892514348397335E-01 a       225     0    12     1     5
  2.4323568069564255E-01 a       226     0    12     1     6
 -5.8379628009236476E-02 a       227     0    12     1     7
  5.6540775893255790E-01 a       228     0    12     1     8
 -3.8104771867751125E-01 a       229     0    12     1     9
 -4.4135627884503215E-01 a       230     0    12     1    10
  2.0660348706634965E-01 a       231     0    12     1    11
 -2.4661158772956181E-02 a       232     0    12     1    12
  5.8990845531351012E-02 a       233     0    12     1    13
  3.9683784000538497E-01 a       234     0    12     1    14
  3.4421912045242864E-01 a       235     0    12     1    15
 -8.8153428574414092E-02 a       236     0    12     1    16
 -6.7611433167942783E-02 a       237     0    12     1    17
  2.2790443671846367E-01 a       238     0    12     1    18
  9.0475965548529838E-02 a       239     0    12     1    19
  1.8642099385109939E-01 a       240     0    12     1    20
  8.2600340146772799E-01 a       241     0    13     1     1
  3.8623022860050682E-01 a       242     0    13     1     2
 -1.2774916605957032E-01 a       243     0    13     1     3
  4.4282135164758468E-01 a       244     0    13     1     4
 -8.4577989909284906E-04 a       245     0    13     1     5
  1.8553900674229715E-01 a       246     0    13     1     6
 -1.7366732092111031E-01 a       247     0    13     1     7
 -2.1147082626799840E-01 a       248     0    13     1     8
  3.3883891502488961E-01 a       249     0    13     1     9
  1.3893882727985277E-01 a       250     0    13     1    10
  2.1136812135222999E-01 a       251     0    13     1    11
  1.9645405989146711E-01 a       252     0    13     1    12
  1.7392334258531511E-01 a       253     0    13     1    13
 -2.1414685554237281E-01 a       254     0    13     1    14
 -6.1500663192065208E-01 a       255     0    13     1    15
 -7.3568337680153939E-01 a       256     0    13     1    16
 -2.9647473307149597E-01 a       257     0    13     1    17
 -9.5492895748867518E-02 a       258     0    13     1    18
 -6.2963558074883325E-02 a       259     0    13     1    19
  8.1174634108510585E-02 a       260     0    13     1    20
  8.0617373390563004E-04 a       261     0    14     1     1
  2.1617279986298510E-01 a       262     0    14     1     2
  3.8904587618900331E-02 a       263     0    14     1     3
  1.4644962552383120E-01 a       264     0    14     1     4
  1.0305193154142146E-01 a       265     0    14     1     5
 -5.6886753920790151E-02 a       266     0    14     1     6
  6.4469036911628322E-02 a       267     0    14     1     7
 -1.7570436872385117E-01 a       268     0    14     1     8
 -2.5981644424353489E-01 a       269     0    14     1     9
  2.2354787401870624E-01 a       270     0    14     1    10
 -1.9199744077113506E-01 a       271     0    14     1    11
  4.6498114003311289E-02 a       272     0    14     1    12
 -2.0953223737254967E-01 a       273     0    14     1    13
  3.6762251422210249E-02 a       274     0    14     1    14
 -3.8621951159798040E-01 a       275     0    14     1    15
 -7.6448188380067464E-02 a       276     0    14     1    16
  9.2901884791200991E-03 a       277     0    14     1    17
  3.1863596024846130E-01 a       278     0    14     1    18
 -2.2978506462035597E-01 a       279     0    14     1    19
 -6.8625115509037563E-02 a       280     0    14     1    20
 -2.6320661316288174E-01 a       281     0    15     1     1
  2.4042832395831185E-01 a       282     0    15     1     2
 -3.6499029269488287E-01 a       283     0    15     1     3
  5.6214506810875316E-02 a       284     0    15     1     4
  2.3891249583176424E-01 a       285     0    15     1     5
  2.9207897003082774E-02 a       286     0    15     1     6
  3.6052102185002582E-01 a       287     0    15     1     7
  1.7406375031920734E-01 a       288     0    15     1     8
 -1.6553418947952084E-01 a       289     0    15     1     9
 -5.3136745736948557E-02 a       290     0    15     1    10
  2.1175163033230179E-01 a       291     0    15     1    11
  1.7077911514857713E-02 a       292     0    15     1    12
 -2.3651071369945656E-01 a       293     0    15     1    13
 -2.1650076711976296E-01 a       294     0    15     1    14
 -8.5782647194196822E-03 a       295     0    15     1    15
  1.0900060910539579E-01 a       296     0    15     1    16
  1.9758499421629955E-01 a       297     0    15     1    17
  4.7857366488987411E-02 a       298     0    15     1    18
 -1.1436579568715848E-01 a       299     0    15     1    19
 -1.4662364801142283E-01 a       300     0    15     1    20
 -2.9933270933070988E-01 a       301     0    16     1     1
 -6.9388947268341628E-01 a       302     0    16     1     2
  2.5110457254150020E-01 a       303     0    16     1     3
 -6.8316054719715713E-01 a       304     0    16     1     4
 -9.1840463835826988E-02 a       305     0    16     1     5
 -2.5064228429977176E-01 a       306     0    16     1     6
  9.6742553494167424E-02 a       307     0    16     1     7
 -3.9577119346526102E-01 a       308     0    16     1     8
 -1.0545101059653487E-01 a       309     0    16     1     9
  9.4257834738693688E-02 a       310     0    16     1    10
 -3.7934504775583083E-01 a       311     0    16     1    11
 -3.1422793691414180E-01 a       312     0    16     1    12
 -1.9333379982058924E-01 a       313     0    16     1    13
  6.3070167183069056E-02 a       314     0    16     1    14
  4.6201982038790579E-01 a       315     0    16     1    15
  3.1464903908784131E-01 a       316     0    16     1    16
 -2.7869590886365941E-01 a       317     0    16     1    17
  9.0828509605330482E-02 a       318     0    16     1    18
 -1.4497151340595356E-02 a       319     0    16     1    19
 -1.8039174532779892E-01 a       320     0    16     1    20
 -6.7245869236221306E-02 a       321     0    17     1     1
  1.5284404989837051E-02 a       322     0    17     1     2
  3.1149073798992710E-01 a       323     0    17     1     3
 -4.0186878525535423E-02 a       324     0    17     1     4
 -1.0663710329024409E-01 a       325     0    17     1     5
  4.0096570928308407E-02 a       326     0    17     1     6
  1.4636948697820784E-02 a       327     0    17     1     7
  5.4038048460578587E-02 a       328     0    17     1     8
  1.5816365720765793E-02 a       329     0    17     1     9
 -8.3689273819185089E-02 a       330     0    17     1    10
  2.2139651003992700E-01 a       331     0    17     1    11
  6.1513201495062730E-02 a       332     0    17     1    12
 -1.5780866203585783E-01 a       333     0    17     1    13
  4.6178904990861629E-02 a       334     0    17     1    14
  1.0111407327682490E-01 a       335     0    17     1    15
 -5.8276962070301815E-02 a       336     0    17     1    16
 -5.2781797788108042E-02 a       337     0    17     1    17
 -7.4588138387604322E-02 a       338     0    17     1    18
  1.7077429733197945E-03 a       339     0    17     1    19
 -1.1624382987031277E-01 a       340     0    17     1    20
 -2.9800592863601477E-01 a       341     0    18     1     1
  1.8708812154542184E-01 a       342     0    18     1     2
  9.4391274234824213E-02 a       343     0    18     1     3
  3.9942056683540594E-01 a       344     0    18     1     4
  1.0825267830416184E-01 a       345     0    18     1     5
  2.4575396162424154E-01 a       346     0    18     1     6
 -2.2203623828373883E-01 a       347     0    18     1     7
  1.9264081765774096E-01 a       348     0    18     1     8
 -1.8847825893743741E-02 a       349     0    18     1     9
 -3.9313607564487024E-01 a       350     0    18     1    10
  4.5794598005638202E-03 a       351     0    18     1    11
  1.3892316015459627E-01 a       352     0    18     1    12
  1.1189936318163111E-01 a       353     0    18     1    13
  2.3342686558711181E-01 a       354     0    18     1    14
  5.6512062183896629E-02 a       355     0    18     1    15
 -7.0533261620616183E-02 a       356     0    18     1    16
  4.8277732521958452E-02 a       357     0    18     1    17
  2.2119483027468592E-01 a       358     0    18     1    18
 -1.3107317061999699E-01 a       359     0    18     1    19
 -2.2635581985194126E-02 a       360     0    18     1    20
  2.9982691328454963E-01 a       361     0    19     1     1
  9.9644073370803637E-02 a       362     0    19     1     2
  1.6136092092316967E-01 a       363     0    19     1     3
  2.1983896131716818E-01 a       364     0    19     1     4
 -9.4784504140850157E-02 a       365     0    19     1     5
  2.0993077642310365E-01 a       366     0    19     1     6
  1.6423295538691315E-01 a       367     0    19     1     7
 -1.6745064121369913E-01 a       368     0    19     1     8
  1.9333779526755859E-01 a       369     0    19     1     9
 -1.1441213059356546E-02 a       370     0    19     1    10
  2.0484579752635113E-01 a       371     0    19     1    11
 -4.4748228940469552E-03 a       372     0    19     1    12
  1.9907117948885952E-01 a       373     0    19     1    13
 -3.0365180670108005E-01 a       374     0    19     1    14
 -4.4554882088361641E-01 a       375     0    19     1    15
  1.6877117527475224E-02 a       376     0    19     1    16
  3.0722893302233456E-01 a       377     0    19     1    17
 -8.5929671870209237E-02 a       378     0    19     1    18
  1.0123059190672877E-01 a       379     0    19     1    19
  2.5759959365272295E-01 a       380     0    19     1    20
 -1.1544351593000368E-01 a       381     0    20     1     1
 -1.4299757979783818E-02 a       382     0    20     1     2
 -1.6214036343226560E-03 a       383     0    20     1     3
  5.8055863332373718E-02 a       384     0    20     1     4
 -1.0531749345210856E-01 a       385     0    20     1     5
  5.6584391931252233E-02 a       386     0    20     1     6
 -8.0942408302357244E-02 a       387     0    20     1     7
 -7.0251793149493730E-02 a       388     0    20     1     8
  1.3505043944406583E-01 a       389     0    20     1     9
 -4.4298456557743560E-02 a       390     0    20     1    10
 -1.4889674867781963E-01 a       391     0    20     1    11
 -6.3162834623624264E-02 a       392     0    20     1    12
  2.1382546200947519E-01 a       393     0    20     1    13
 -2.2765825978179741E-01 a       394     0    20     1    14
  2.5239608569913138E-02 a       395     0    20     1    15
  6.9693066590252484E-02 a       396     0    20     1    16
  6.5862882259257238E-02 a       397     0    20     1    17
  1.0092486986223784E-01 a       398     0    20     1    18
 -7.5635529562866718E-02 a       399     0    20     1    19
 -8.9566356849023771E-03 a       400     0    20     1    20
 -4.1987649580767172E-01 a       401     0    21     1     1
  1.5307817471709438E-02 a       402     0    21     1     2
 -4.5555072822260173E-01 a       403     0    21     1     3
  3.4850961224316419E-02 a       404     0    21     1     4
  4.0985398879906487E-02 a       405     0    21     1     5
  2.2398638242302239E-02 a       406     0    21     1     6
 -4.1458699382903343E-02 a       407     0    21     1     7
  2.4586328487199341E-01 a       408     0    21     1     8
  1.7259717393195045E-01 a       409     0    21     1     9
  1.5655387234734869E-01 a       410     0    21     1    10
  1.1996961161369747E-01 a       411     0    21     1    11
  7.2525471931035562E-02 a       412     0    21     1    12
 -4.2743560858158516E-02 a       413     0    21     1    13
  3.9634227514932063E-02 a       414     0    21     1    14
 -7.4121041615896180E-02 a       415     0    21     1    15
  2.6953504514398770E-02 a       416     0    21     1    16
  1.4089258237824273E-01 a       417     0    21     1    17
 -1.4374317061888403E-01 a       418     0    21     1    18
 -3.3164457500756230E-02 a       419     0    21     1    19
  5.9175714198247227E-03 a       420     0    21     1    20
  9.5787923764995661E-02 a       421     0    22     1     1
 -1.4124721305784765E-01 a       422     0    22     1     2
  3.2346990738715753E-01 a       423     0    22     1     3
 -2.2383584842418738E-01 a       424     0    22     1     4
  1.8312183196362122E-01 a       425     0    22     1     5
 -1.3593160402743362E-01 a       426     0    22     1     6
  2.9161562945914427E-01 a       427     0    22     1     7
 -3.0317858649749563E-01 a       428     0    22     1     8
 -5.6142939049460355E-02 a       429     0    22     1     9
  1.7030553491763156E-01 a       430     0    22     1    10
 -1.9997146736044547E-01 a       431     0    22     1    11
 -1.6418582182603095E-01 a       432     0    22     1    12
 -4.8907652621020183E-02 a       433     0    22     1    13
  1.0420421361302933E-01 a       434     0    22     1    14
  2.3471922255863928E-01 a       435     0    22     1    15
 -7.0904889220729392E-02 a       436     0    22     1    16
 -5.1717822547865779E-03 a       437     0    22     1    17
  1.0885683236418352E-01 a       438     0    22     1    18
 -5.5314021088278355E-02 a       439     0    22     1    19
 -3.6056492140177931E-01 a       440     0    22     1    20
  1.4072780630676215E-01 a       441     0    23     1     1
 -1.8952578916706427E-03 a       442     0    23     1     2
 -1.2146097312370564E-01 a       443     0    23     1     3
 -1.2402938276222897E-02 a       444     0    23     1     4
  9.0080085933999188E-02 a       445     0    23     1     5
 -1.5741951242182497E-02 a       446     0    23     1     6
 -7.4291952487729226E-02 a       447     0    23     1     7
  3.5463709379960240E-02 a       448     0    23     1     8
 -8.2006505608312366E-02 a       449     0    23     1     9
  1.1070187703396689E-01 a       450     0    23     1    10
  8.5287742411923578E-02 a       451     0    23     1    11
 -4.0735463164212941E-02 a       452     0    23     1    12
 -1.5238971492381795E-01 a       453     0    23     1    13
  2.1685509577934003E-01 a       454     0    23     1    14
 -7.9899236647277369E-02 a       455     0    23     1    15
 -1.5556971974356207E-01 a       456     0    23     1    16
  2.7403332572276128E-02 a       457     0    23     1    17
 -2.1655402325299999E-02 a       458     0    23     1    18
  1.3694885546987888E-02 a       459     0    23     1    19
  4.6608854473694748E-02 a       460     0    23     1    20
  1.2605576042987905E-02 a       461     0    24     1     1
  1.6923142337874719E-01 a       462     0    24     1     2
 -1.1854136319130407E-01 a       463     0    24     1     3
  1.4150999615896986E-01 a       464     0    24     1     4
 -5.8709462725347987E-02 a       465     0    24     1     5
 -1.2314533455610250E-02 a       466     0    24     1     6
 -6.5255605011691017E-02 a       467     0    24     1     7
  3.4064137405530986E-01 a       468     0    24     1     8
 -2.1302712068031340E-01 a       469     0    24     1     9
 -3.1077810608818779E-01 a       470     0    24     1    10
  3.5884330620975152E-02 a       471     0    24     1    11
  1.7010901257375444E-01 a       472     0    24     1    12
 -8.3026580514256432E-02 a       473     0    24     1    13
  7.4561552359220434E-02 a       474     0    24     1    14
  8.5281345965908681E-02 a       475     0    24     1    15
 -1.0501286141576809E-01 a       476     0    24     1    16
 -2.3962419336483176E-01 a       477     0    24     1    17
  8.7702351864362288E-02 a       478     0    24     1    18
 -8.0131308016984676E-02 a       479     0    24     1    19
  1.1724648755884390E-01 a       480     0    24     1    20
  1.1410378795476547E-01 a       481     0    25     1     1
  4.1833948418396417E-02 a       482     0    25     1     2
 -5.0110749427462443E-02 a       483     0    25     1     3
  6.5871633074187017E-02 a       484     0    25     1     4
 -1.5869996615233167E-01 a       485     0    25     1     5
  2.8496238653372630E-02 a       486     0    25     1     6
 -4.0108140511678894E-02 a       487     0    25     1     7
  3.9637868232887799E-02 a       488     0    25     1     8
  3.8945991735778389E-02 a       489     0    25     1     9
 -5.9257875138383466E-02 a       490     0    25     1    10
  5.5851987469444232E-02 a       491     0    25     1    11
  5.3710369624903739E-03 a       492     0    25     1    12
  3.7110167642438158E-02 a       493     0    25     1    13
 -1.0137800969692246E-01 a       494     0    25     1    14
 -1.2165198903334816E-01 a       495     0    25     1    15
  1.5950889657087758E-01 a       496     0    25     1    16
  5.6548053675857766E-02 a       497     0    25     1    17
 -5.9650302797131433E-02 a       498     0    25     1    18
  4.8234708881488113E-02 a       499     0    25     1    19
  1.7079679273507772E-01 a       500     0    25     1    20
 -1.2585840014043947E-01 a       501     0    26     1     1
  3.3966666134755054E-02 a       502     0    26     1     2
  1.6735381161166135E-01 a       503     0    26     1     3
  5.9631533129424139E-03 a       504     0    26     1     4
 -1.6716958729576759E-01 a       505     0    26     1     5
  2.8555849538801164E-03 a       506     0    26     1     6
  1.3753792598125036E-01 a       507     0    26     1     7
 -6.5775046940537193E-02 a       508     0    26     1     8
  4.6791055524140972E-02 a       509     0    26     1     9
 -1.2684402452600407E-01 a       510     0    26     1    10
 -2.4491126090295964E-02 a       511     0    26     1    11
 -1.8194950523292095E-02 a       512     0    26     1    12
  3.0059255670494469E-02 a       513     0    26     1    13
 -1.2582817065729235E-01 a       514     0    26     1    14
  1.6816809724119614E-02 a       515     0    26     1    15
  1.0553535326551691E-01 a       516     0    26     1    16
 -8.2467970075706248E-02 a       517     0    26     1    17
  2.8270872844591712E-02 a       518     0    26     1    18
 -1.1230686882113007E-01 a       519     0    26     1    19
  4.3921195276644343E-02 a       520     0    26     1    20
 -1.0972294194472945E-01 a       521     0    27     1     1
 -5.3112693818243607E-02 a       522     0    27     1     2
 -1.3042119720260492E-01 a       523     0    27     1     3
 -3.3829673331256159E-02 a       524     0    27     1     4
  1.7987772413396462E-02 a       525     0    27     1     5
  5.1631103264338785E-02 a       526     0    27     1     6
 -1.7935360686603063E-01 a       527     0    27     1     7
 -7.0665105491624275E-02 a       528     0    27     1     8
  1.3687595245320941E-01 a       529     0    27     1     9
  1.5109662866720311E-01 a       530     0    27     1    10
  2.6220181324701910E-02 a       531     0    27     1    11
 -7.9941179016163544E-02 a       532     0    27     1    12
 -1.0784508490601417E-02 a       533     0    27     1    13
  3.1245732668713340E-02 a       534     0    27     1    14
 -7.1858052429928959E-02 a       535     0    27     1    15
  6.3260812768721952E-03 a       536     0    27     1    16
  3.3111072776693860E-02 a       537     0    27     1    17
 -4.0457662588368720E-02 a       538     0    27     1    18
  5.4537934972714072E-02 a       539     0    27     1    19
  4.5071023139808385E-03 a       540     0    27     1    20
 -5.2188678332403537E-02 a       541     0    28     1     1
 -2.6496295204728813E-02 a       542     0    28     1     2
  2.6643732442334509E-02 a       543     0    28     1     3
 -2.9636256939740806E-02 a       544     0    28     1     4
  8.8378177853395606E-02 a       545     0    28     1     5
 -3.8123899867369485E-03 a       546     0    28     1     6
  1.1918907771276778E-01 a       547     0    28     1     7
 -1.2741890574513670E-01 a       548     0    28     1     8
  3.6683610458428960E-02 a       549     0    28     1     9
  1.0627117958528290E-01 a       550     0    28     1    10
 -5.5254479111021146E-02 a       551     0    28     1    11
 -6.8860864329496563E-02 a       552     0    28     1    12
 -5.7412976126438253E-02 a       553     0    28     1    13
 -4.8612863474726577E-03 a       554     0    28     1    14
 -3.0128367488962651E-02 a       555     0    28     1    15
 -4.5127403775394065E-02 a       556     0    28     1    16
  3.5045325885184719E-02 a       557     0    28     1    17
  1.3132597759952375E-02 a       558     0    28     1    18
 -1.2535474327428426E-02 a       559     0    28     1    19
 -8.8288349544807937E-02 a       560     0    28     1    20
  5.1324370866531729E-02 a       561     0    29     1     1
 -1.5836262207084239E-02 a       562     0    29     1     2
 -5.0022953655810234E-02 a       563     0    29     1     3
  1.2716485725030011E-02 a       564     0    29     1     4
  3.8544925318645812E-02 a       565     0    29     1     5
  2.1585620932534296E-02 a       566     0    29     1     6
 -1.0340184257380595E-02 a       567     0    29     1     7
 -4.0256237445588213E-04 a       568     0    29     1     8
  1.9653446150737539E-02 a       569     0    29     1     9
  6.2084515529330767E-02 a       570     0    29     1    10
  2.3227017923177898E-02 a       571     0    29     1    11
 -2.9720836436323051E-02 a       572     0    29     1    12
 -3.2917818402166822E-02 a       573     0    29     1    13
  5.0679775700234499E-02 a       574     0    29     1    14
 -3.2488460464389295E-02 a       575     0    29     1    15
 -2.2636578855656640E-02 a       576     0    29     1    16
  2.1964653527074038E-02 a       577     0    29     1    17
  3.6494061200767736E-03 a       578     0    29     1    18
  6.2340970983450900E-02 a       579     0    29     1    19
 -1.0835740229202412E-02 a       580     0    29     1    20
 -8.4372118031791302E-02 a       581     0    30     1     1
  1.7747343892809870E-02 a       582     0    30     1     2
 -4.1600180010617979E-02 a       583     0    30     1     3
  5.7322011941409685E-02 a       584     0    30     1     4
  7.5622266032980183E-03 a       585     0    30     1     5
  2.2789369174921970E-02 a       586     0    30     1     6
 -5.5488965491539713E-02 a       587     0    30     1     7
  1.0907500476926733E-01 a       588     0    30     1     8
 -5.5513283371439154E-02 a       589     0    30     1     9
 -1.5123426790110228E-01 a       590     0    30     1    10
  5.4405362825722198E-02 a       591     0    30     1    11
  1.3270906602267704E-01 a       592     0    30     1    12
 -2.1859308377588579E-02 a       593     0    30     1    13
  4.5242488001086385E-02 a       594     0    30     1    14
  1.0200246981640062E-02 a       595     0    30     1    15
 -2.8026015684798001E-02 a       596     0    30     1    16
 -1.1311494040382272E-01 a       597     0    30     1    17
  2.3965989409027569E-02 a       598     0    30     1    18
 -2.9380235266810929E-02 a       599     0    30     1    19
  8.1055469147891079E-02 a       600     0    30     1    20
  7.0895456016943592E-01 a       601     0    31     1     1
 -1.7366741545847231E-01 a       602     0    31     1     2
  6.1759113377941655E-02 a       603     0    31     1     3
  8.2339805609916028E-01 a       604     0    31     1     4
  5.1774734455279892E-01 a       605     0    31     1     5
  8.0336790120498301E-03 a       606     0    31     1     6
 -1.6690523615930025E-01 a       607     0    31     1     7
 -5.7776092986825278E-01 a       608     0    31     1     8
 -5.5410588626134438E-01 a       609     0    31     1     9
 -3.4160576304348833E-01 a       610     0    31     1    10
  4.5729469134479633E-01 a       611     0    31     1    11
 -4.4271575820148806E-01 a       612     0    31     1    12
 -1.5857279202119404E-01 a       613     0    31     1    13
  1.1473805846745326E-01 a       614     0    31     1    14
  5.5058159138316931E-01 a       615     0    31     1    15
  5.6795577261454433E-01 a       616     0    31     1    16
  2.8255373888311189E-02 a       617     0    31     1    17
 -1.7866482135040207E-01 a       618     0    31     1    18
  1.9593514970144565E-01 a       619     0    31     1    19
  2.1631437152778285E-01 a       620     0    31     1    20
  1.7280805595159762E-01 a       621     0    32     1     1
  1.0814689163060426E-01 a       622     0    32     1     2
 -4.1184654976560481E-01 a       623     0    32     1     3
 -1.2385416154446877E-01 a       624     0    32     1     4
  1.7858007043038593E-01 a       625     0    32     1     5
 -1.9836036906367768E-01 a       626     0    32     1     6
 -1.4243811772200141E-01 a       627     0    32     1     7
  1.0854811596636331E-01 a       628     0    32     1     8
 -9.5834109810531976E-02 a       629     0    32     1     9
  2.4634455925234036E-01 a       630     0    32     1    10
  3.3804025687409173E-02 a       631     0    32     1    11
  1.0652250873315168E-01 a       632     0    32     1    12
  1.9115139548363816E-02 a       633     0    32     1    13
  3.8023288822885087E-01 a       634     0    32     1    14
  2.8485570264836214E-02 a       635     0    32     1    15
 -1.5699255201110374E-01 a       636     0    32     1    16
  3.4646588665005501E-01 a       637     0    32     1    17
  9.7678123124749563E-02 a       638     0    32     1    18
 -2.5406120519861030E-02 a       639     0    32     1    19
  6.3785709545835859E-02 a       640     0    32     1    20
  7.0619173822546188E-01 a       641     0    33     1     1
 -1.1021132904568658E-01 a       642     0    33     1     2
 -6.0668945923818163E-01 a       643     0    33     1     3
 -3.9518243422683919E-01 a       644     0    33     1     4
 -2.8963225216448835E-01 a       645     0    33     1     5
  3.9100937823900433E-01 a       646     0    33     1     6
 -3.6706629814390140E-01 a       647     0    33     1     7
  8.2522819802830094E-01 a       648     0    33     1     8
  3.2716094151976333E-01 a       649     0    33     1     9
  6.4902486009905258E-01 a       650     0    33     1    10
 -1.0349855573719553E-01 a       651     0    33     1    11
  3.9872828386419301E-01 a       652     0    33     1    12
  1.1198585178869951E-01 a       653     0    33     1    13
  4.8083561621153825E-01 a       654     0    33     1    14
 -6.8930343731173593E-01 a       655     0    33     1    15
  7.0558005619983558E-02 a       656     0    33     1    16
  6.9437812135465224E-02 a       657     0    33     1    17
  1.9115810083710560E-01 a       658     0    33     1    18
  5.6125084701779759E-01 a       659     0    33     1    19
 -1.6650534750276508E-01 a       660     0    33     1    20
 -1.4525334548726460E-01 a       661     0    34     1     1
 -1.7334539096500853E-01 a       662     0    34     1     2
 -1.5338216752305422E-01 a       663     0    34     1     3
  1.8190174251423907E-01 a       664     0    34     1     4
 -2.1128743279129777E-01 a       665     0    34     1     5
  3.3284620261516534E-01 a       666     0    34     1     6
 -1.1273351621556449E-01 a       667     0    34     1     7
 -3.3966990772200063E-02 a       668     0    34     1     8
  6.7696117662178673E-02 a       669     0    34     1     9
  1.7035489266948059E-01 a       670     0    34     1    10
 -2.4356766480986214E-01 a       671     0    34     1    11
  7.9463785428230058E-02 a       672     0    34     1    12
  7.7200893472824217E-02 a       673     0    34     1    13
 -1.0863615011440556E-01 a       674     0    34     1    14
 -1.0695279215231901E-01 a       675     0    34     1    15
  3.2646115359058769E-01 a       676     0    34     1    16
 -2.5114534659619197E-02 a       677     0    34     1    17
  4.7473187369041554E-02 a       678     0    34     1    18
 -4.8521280177135272E-02 a       679     0    34     1    19
 -1.0372491232327787E-01 a       680     0    34     1    20
  3.6413763702919849E-02 a       681     0    35     1     1
  1.0279165358996946E-01 a       682     0    35     1     2
  1.0612556166581456E-01 a       683     0    35     1     3
  1.8049309723362891E-01 a       684     0    35     1     4
 -1.5536516421433780E-01 a       685     0    35     1     5
  1.0246036280804419E-01 a       686     0    35     1     6
 -1.8846837931106736E-01 a       687     0    35     1     7
 -3.6583545401995404E-02 a       688     0    35     1     8
  1.5209997686558771E-01 a       689     0    35     1     9
  7.0375814016518448E-02 a       690     0    35     1    10
  9.5196454376000866E-03 a       691     0    35     1    11
  1.1883562993251670E-01 a       692     0    35     1    12
  1.4358754736067170E-01 a       693     0    35     1    13
 -5.5435320509914947E-02 a       694     0    35     1    14
 -9.9968925143601062E-02 a       695     0    35     1    15
  4.3411099653594978E-02 a       696     0    35     1    16
  1.6975158777800836E-01 a       697     0    35     1    17
 -1.6581370702959944E-01 a       698     0    35     1    18
 -4.9303553668552130E-02 a       699     0    35     1    19
 -5.5476172479600627E-02 a       700     0    35     1    20
 -3.5709883939120807E-01 a       701     0    36     1     1
 -4.5611043792991912E-02 a       702     0    36     1     2
 -3.4860441018998232E-02 a       703     0    36     1     3
  1.9086785096590253E-01 a       704     0    36     1     4
  8.2065492847978497E-02 a       705     0    36     1     5
 -2.5020863726922804E-01 a       706     0    36     1     6
 -5.9152477428833831E-02 a       707     0    36     1     7
 -3.9524163665003981E-01 a       708     0    36     1     8
  7.0867905849081730E-03 a       709     0    36     1     9
  4.9551123208178081E-02 a       710     0    36     1    10
 -3.1617795519212938E-01 a       711     0    36     1    11
  2.2531310833554891E-01 a       712     0    36     1    12
 -3.6323954205206438E-01 a       713     0    36     1    13
 -1.6282221940273212E-01 a       714     0    36     1    14
  3.1730040757488259E-01 a       715     0    36     1    15
 -1.1701794632404004E-01 a       716     0    36     1    16
 -5.7322962099055172E-02 a       717     0    36     1    17
 -7.4758331805933526E-02 a       718     0    36     1    18
  6.0185180503579266E-02 a       719     0    36     1    19
  1.1879009606455602E-01 a       720     0    36     1    20
 -3.7088904788735200E-01 a       721     0    37     1     1
  3.2853635804948195E-01 a       722     0    37     1     2
 -4.8807772148571510E-01 a       723     0    37     1     3
  4.0168329981106386E-02 a       724     0    37     1     4
 -3.3071241527547446E-01 a       725     0    37     1     5
  3.1620467594463064E-01 a       726     0    37     1     6
  1.3087586562467546E-01 a       727     0    37     1     7
 -1.3269626088551151E-01 a       728     0    37     1     8
  1.2266847003563440E-01 a       729     0    37     1     9
 -8.9079608285995671E-01 a       730     0    37     1    10
 -4.9967303001938607E-01 a       731     0    37     1    11
 -3.6335242928975214E-01 a       732     0    37     1    12
  3.1477062009761803E-01 a       733     0    37     1    13
 -1.3126236363681990E-01 a       734     0    37     1    14
  2.2436579296179154E-01 a       735     0    37     1    15
 -3.5938143101305436E-01 a       736     0    37     1    16
  2.4184990414640353E-01 a       737     0    37     1    17
  7.4425984427223379E-01 a       738     0    37     1    18
 -7.2257034342221049E-01 a       739     0    37     1    19
 -1.7681667864788861E-01 a       740     0    37     1    20
 -1.7715618053762797E-01 a       741     0    38     1     1
  6.7255207191475042E-02 a       742     0    38     1     2
  1.3867555155029912E-01 a       743     0    38     1     3
  2.8343540503979144E-02 a       744     0    38     1     4
  2.0089784139986505E-01 a       745     0    38     1     5
  6.6522745384536730E-02 a       746     0    38     1     6
  9.0665515293397891E-02 a       747     0    38     1     7
 -1.8319668492175889E-01 a       748     0    38     1     8
 -1.5352806904224031E-02 a       749     0    38     1     9
  5.6375959934088664E-02 a       750     0    38     1    10
 -1.2334486667620066E-01 a       751     0    38     1    11
 -3.3568817301597861E-04 a       752     0    38     1    12
 -2.2375109161673928E-02 a       753     0    38     1    13
 -1.1888991264932193E-01 a       754     0    38     1    14
 -1.1037865989818134E-01 a       755     0    38     1    15
 -2.3308571792339602E-01 a       756     0    38     1    16
  6.2910907936618965E-02 a       757     0    38     1    17
  5.8342423959975506E-02 a       758     0    38     1    18
 -1.3655622504577231E-01 a       759     0    38     1    19
 -3.4882570816323392E-02 a       760     0    38     1    20
  2.7563255616743781E-01 a       761     0    39     1     1
 -2.4242899745141025E-01 a       762     0    39     1     2
  7.3557778875393864E-01 a       763     0    39     1     3
  3.7584020767216775E-01 a       764     0    39     1     4
  3.2544583066326022E-01 a       765     0    39     1     5
 -4.9824919629761266E-01 a       766     0    39     1     6
 -6.2830331297598763E-01 a       767     0    39     1     7
 -6.2135836175040171E-01 a       768     0    39     1     8
 -1.6999934609119344E-01 a       769     0    39     1     9
  6.8599651242395754E-01 a       770     0    39     1    10
  3.1752621208632370E-01 a       771     0    39     1    11
  2.7454229629489046E-01 a       772     0    39     1    12
 -6.3626611585157700E-01 a       773     0    39     1    13
 -4.3246085358107456E-01 a       774     0    39     1    14
 -4.3357422561333814E-01 a       775     0    39     1    15
  4.8105060310724113E-01 a       776     0    39     1    16
 -2.2569488263098708E-01 a       777     0    39     1    17
 -1.8515284274772350E+00 a       778     0    39     1    18
 -4.9913041164271110E-01 a       779     0    39     1    19
 -5.3278717673974707E-01 a       780     0    39     1    20
  3.3263966940774770E-01 a       781     0    40     1     1
  1.8184769342066999E-03 a       782     0    40     1     2
 -6.2805781877842137E-02 a       783     0    40     1     3
  3.8695808490629946E-01 a       784     0    40     1     4
 -1.5697017127465543E-01 a       785     0    40     1     5
 -1.5365789293204152E-01 a       786     0    40     1     6
  2.5173181541828682E-01 a       787     0    40     1     7
  1.9910423655296236E-01 a       788     0    40     1     8
  4.0063535996222248E-02 a       789     0    40     1     9
  7.4125289829673133E-02 a       790     0    40     1    10
  3.0780336954883247E-01 a       791     0    40     1    11
 -3.3036822304732383E-01 a       792     0    40     1    12
  2.4313673643891190E-01 a       793     0    40     1    13
 -1.3224800673227027E-01 a       794     0    40     1    14
  2.8874291718464046E-01 a       795     0    40     1    15
  9.4413630121628900E-02 a       796     0    40     1    16
  8.9973966552145956E-02 a       797     0    40     1    17
 -3.8184783271203521E-01 a       798     0    40     1    18
  3.6168833129296385E-01 a       799     0    40     1    19
  3.7939050731327351E-01 a       800     0    40     1    20
 -7.1036282375465068E-02 a       801     0    41     1     1
 -3.2727789688369247E-01 a       802     0    41     1     2
 -3.0040299920608787E-01 a       803     0    41     1     3
 -1.4327691113641192E-01 a       804     0    41     1     4
  1.9139404473863020E-01 a       805     0    41     1     5
 -7.2213842829532485E-02 a       806     0    41     1     6
 -1.1063575275014956E-01 a       807     0    41     1     7
  1.1496061437065416E-01 a       808     0    41     1     8
 -1.1201747439335097E-01 a       809     0    41     1     9
 -1.8744300279345705E-01 a       810     0    41     1    10
 -3.5600174719150952E-02 a       811     0    41     1    11
 -3.2796270253097122E-02 a       812     0    41     1    12
 -2.2034954021765010E-01 a       813     0    41     1    13
  7.7880135634302766E-02 a       814     0    41     1    14
  9.4592102426729913E-02 a       815     0    41     1    15
  9.5296933798882308E-02 a       816     0    41     1    16
 -3.6556727644069004E-01 a       817     0    41     1    17
  5.1563449862028307E-02 a       818     0    41     1    18
  1.4561507068345297E-01 a       819     0    41     1    19
  4.2723933240625903E-03 a       820     0    41     1    20
  2.8271726683228893E-01 a       821     0    42     1     1
 -8.2830194687265629E-02 a       822     0    42     1     2
 -8.6979726720613409E-02 a       823     0    42     1     3
 -3.5171890412396556E-01 a       824     0    42     1     4
 -1.3311455154021920E-01 a       825     0    42     1     5
  1.6968307885959608E-01 a       826     0    42     1     6
  8.8126739812487753E-02 a       827     0    42     1     7
  6.7637124832470841E-01 a       828     0    42     1     8
 -6.0723137978102706E-02 a       829     0    42     1     9
 -1.8141557329777139E-01 a       830     0    42     1    10
  3.9746220412184857E-01 a       831     0    42     1    11
 -5.2912808515090570E-01 a       832     0    42     1    12
  4.2722373207315534E-01 a       833     0    42     1    13
  2.4539093468121176E-01 a       834     0    42     1    14
 -1.8744210991939034E-01 a       835     0    42     1    15
  1.0605255871821324E-01 a       836     0    42     1    16
 -1.6348416615830413E-01 a       837     0    42     1    17
  3.0475151213979190E-01 a       838     0    42     1    18
 -8.6343429075971992E-02 a       839     0    42     1    19
  1.8451351108651945E-01 a       840     0    42     1    20
 -6.0416812683784149E-01 a       841     0    43     1     1
  4.5697437495768189E-01 a       842     0    43     1     2
  3.5599411015786725E-01 a       843     0    43     1     3
 -3.3377787938813319E-01 a       844     0    43     1     4
 -3.0676112181331883E-01 a       845     0    43     1     5
 -2.1249258810496693E-01 a       846     0    43     1     6
  5.3667590087747152E-01 a       847     0    43     1     7
  4.7578501267805084E-01 a       848     0    43     1     8
  2.8987657958486884E-01 a       849     0    43     1     9
  1.3563252603683659E-01 a       850     0    43     1    10
  3.7934957430786037E-01 a       851     0    43     1    11
 -3.7069828219629225E-01 a       852     0    43     1    12
  6.2739602309391440E-01 a       853     0    43     1    13
 -8.0227285181668981E-03 a       854     0    43     1    14
  1.5818386105682236E-01 a       855     0    43     1    15
  1.9775521943005905E-01 a       856     0    43     1    16
  8.9783173506612457E-01 a       857     0    43     1    17
  1.9862474917757511E-01 a       858     0    43     1    18
  3.7378788333217289E-01 a       859     0    43     1    19
  2.6255034890110523E-01 a       860     0    43     1    20
  7.7041285287059197E-02 a       861     0    44     1     1
 -1.2524581932234794E-02 a       862     0    44     1     2
  6.3482510167820388E-02 a       863     0    44     1     3
 -3.3671203102196624E-03 a       864     0    44     1     4
  1.5017770458110600E-02 a       865     0    44     1     5
 -4.7690151276979509E-02 a       866     0    44     1     6
  2.1087905806550000E-01 a       867     0    44     1     7
 -5.7881041781266872E-02 a       868     0    44     1     8
 -2.3636804984316664E-02 a       869     0    44     1     9
  1.5854793765297803E-02 a       870     0    44     1    10
 -2.6420728941337776E-02 a       871     0    44     1    11
 -3.4708613919234139E-02 a       872     0    44     1    12
  4.2598866543165165E-02 a       873     0    44     1    13
  5.1193743713676880E-04 a       874     0    44     1    14
 -3.2014372732170143E-02 a       875     0    44     1    15
  1.7605679146099079E-01 a       876     0    44     1    16
  2.7665920052978271E-01 a       877     0    44     1    17
 -1.6182939342502485E-02 a       878     0    44     1    18
 -1.0125529832577384E-03 a       879     0    44     1    19
  5.0967150154233531E-02 a       880     0    44     1    20
  4.8733762328133229E-01 a       881     0    45     1     1
 -6.1147838674387500E-01 a       882     0    45     1     2
 -2.9635331878805438E-01 a       883     0    45     1     3
  2.4913203855465754E-01 a       884     0    45     1     4
  3.8447858817403542E-02 a       885     0    45     1     5
  1.3367322889341842E-02 a       886     0    45     1     6
 -6.6378430950109135E-01 a       887     0    45     1     7
 -1.2262416924565589E-01 a       888     0    45     1     8
 -3.5454757978437274E-01 a       889     0    45     1     9
  9.8167141903305055E-02 a       890     0    45     1    10
 -5.4155462075329797E-01 a       891     0    45     1    11
  2.7664675820318457E-01 a       892     0    45     1    12
 -7.4201129578737368E-01 a       893     0    45     1    13
 -1.9480134881967132E-01 a       894     0    45     1    14
  1.2209056000731834E-01 a       895     0    45     1    15
 -6.6560068975409000E-03 a       896     0    45     1    16
 -5.5484298510834473E-01 a       897     0    45     1    17
 -3.1417896771034259E-01 a       898     0    45     1    18
 -3.6439273061753021E-02 a       899     0    45     1    19
 -9.8881152333927705E-02 a       900     0    45     1    20
  2.3153942843198863E-01 a       901     0    46     1     1
 -1.2371840118183170E-02 a       902     0    46     1     2
  2.6662020766052680E-01 a       903     0    46     1     3
 -7.6265316593989371E-02 a       904     0    46     1     4
 -7.3353037160733409E-02 a       905     0    46     1     5
 -1.6113469721248991E-01 a       906     0    46     1     6
  5.0866883891747698E-02 a       907     0    46     1     7
 -7.0302964496118545E-02 a       908     0    46     1     8
  1.0554878650908088E-03 a       909     0    46     1     9
  2.4003741391445219E-02 a       910     0    46     1    10
  6.8118710770400853E-02 a       911     0    46     1    11
  9.2230195113742214E-03 a       912     0    46     1    12
 -1.8223085434546674E-01 a       913     0    46     1    13
  1.6242654625544967E-01 a       914     0    46     1    14
 -6.1683196474887361E-02 a       915     0    46     1    15
  2.7759317375291605E-02 a       916     0    46     1    16
  1.8609467264894328E-01 a       917     0    46     1    17
  1.0867610232910094E-01 a       918     0    46     1    18
 -1.4790204513806343E-01 a       919     0    46     1    19
  3.8185206264830941E-02 a       920     0    46     1    20
 -1.6039738363674388E-01 a       921     0    47     1     1
 -5.9755677053980646E-02 a       922     0    47     1     2
 -2.8671320378758114E-01 a       923     0    47     1     3
  7.3285980669785214E-02 a       924     0    47     1     4
 -1.5674327799252885E-01 a       925     0    47     1     5
  6.6073013915426568E-02 a       926     0    47     1     6
  3.6414892774718028E-03 a       927     0    47     1     7
  1.6692743100116893E-02 a       928     0    47     1     8
  5.7515890299293985E-02 a       929     0    47     1     9
 -6.6098987180120611E-02 a       930     0    47     1    10
 -1.7882816176166886E-02 a       931     0    47     1    11
 -2.9923989780799826E-01 a       932     0    47     1    12
 -1.2963516287524195E-02 a       933     0    47     1    13
 -3.0345346265090119E-02 a       934     0    47     1    14
 -9.3138854307868012E-03 a       935     0    47     1    15
 -6.1324880105469368E-02 a       936     0    47     1    16
 -2.0751168830911527E-02 a       937     0    47     1    17
 -4.0086216771911848E-02 a       938     0    47     1    18
 -1.9394733910460618E-01 a       939     0    47     1    19
  1.2610567236338993E-01 a       940     0    47     1    20
 -1.9040697757679789E-01 a       941     0    48     1     1
  1.2327633048642761E-01 a       942     0    48     1     2
  9.8405480518078695E-02 a       943     0    48     1     3
 -5.6169839593026051E-02 a       944     0    48     1     4
  9.6395134156606485E-02 a       945     0    48     1     5
  7.0050024085134806E-03 a       946     0    48     1     6
  3.0463825194869554E-01 a       947     0    48     1     7
 -1.1280504143651346E-01 a       948     0    48     1     8
  2.4579828262280459E-01 a       949     0    48     1     9
 -6.0313307693090901E-02 a       950     0    48     1    10
  1.2906543062014747E-01 a       951     0    48     1    11
 -3.9258205161149997E-03 a       952     0    48     1    12
  2.8923432839587143E-01 a       953     0    48     1    13
  2.0163436013993097E-01 a       954     0    48     1    14
 -9.2893860865983363E-02 a       955     0    48     1    15
  7.0281237318455189E-02 a       956     0    48     1    16
  1.6263084596419150E-01 a       957     0    48     1    17
  1.3170051433909846E-01 a       958     0    48     1    18
 -1.6302889202842225E-01 a       959     0    48     1    19
  1.4310416392557335E-02 a       960     0    48     1    20
  4.4392625044794570E-01 a       961     0    49     1     1
  2.0838592330400429E-01 a       962     0    49     1     2
  3.6367997530224661E-01 a       963     0    49     1     3
 -4.2354155579432712E-01 a       964     0    49     1     4
  2.2889581361364178E-01 a       965     0    49     1     5
 -1.2188326954055412E-01 a       966     0    49     1     6
  2.0004253957225249E-01 a       967     0    49     1     7
  1.1621604824553290E-01 a       968     0    49     1     8
 -2.6105614808052380E-01 a       969     0    49     1     9
  1.7311116162288626E-01 a       970     0    49     1    10
  2.8194239989269665E-01 a       971     0    49     1    11
 -1.7916834156162401E-03 a       972     0    49     1    12
  1.9019570013739395E-02 a       973     0    49     1    13
  4.7679660835760862E-02 a       974     0    49     1    14
 -6.0543317096237025E-02 a       975     0    49     1    15
  4.4820818367328136E-01 a       976     0    49     1    16
  2.5224106030270182E-01 a       977     0    49     1    17
 -2.8520582736198724E-01 a       978     0    49     1    18
  3.1881750007413173E-01 a       979     0    49     1    19
 -1.0323025390436846E-02 a       980     0    49     1    20
  3.5844872690663519E-02 a       981     0    50     1     1
  6.4140549193157301E-02 a       982     0    50     1     2
 -1.0977109741463026E-01 a       983     0    50     1     3
 -1.1353866625885457E-02 a       984     0    50     1     4
 -7.8429165342935418E-03 a       985     0    50     1     5
 -2.3686455338309962E-02 a       986     0    50     1     6
 -2.8890801619274276E-01 a       987     0    50     1     7
  9.6901857749057907E-02 a       988     0    50     1     8
  2.9495553417012300E-02 a       989     0    50     1     9
 -1.7787275224384944E-01 a       990     0    50     1    10
  3.2969309627181052E-02 a       991     0    50     1    11
  7.8719030650669888E-02 a       992     0    50     1    12
  1.6001969622053461E-01 a       993     0    50     1    13
 -1.7744819801374229E-02 a       994     0    50     1    14
  1.7807808802009401E-01 a       995     0    50     1    15
  8.1880615159709388E-02 a       996     0    50     1    16
  6.7236013387373977E-02 a       997     0    50     1    17
 -3.7696445399051710E-02 a       998     0    50     1    18
 -5.7133380209339592E-02 a       999     0    50     1    19
 -7.1519557923760371E-02 a      1000     0    50     1    20
 -4.0473625580585226E-01 a      1001     0    51     1     1
  5.3799845065538299E-01 a      1002     0    51     1     2
  4.3738855220295242E-01 a      1003     0    51     1     3
  2.6770045461086811E-01 a      1004     0    51     1     4
 -4.5815812044670079E-01 a      1005     0    51     1     5
 -4.7866436923199779E-01 a      1006     0    51     1     6
  2.7665200089938857E-01 a      1007     0    51     1     7
 -3.1475243400106212E-01 a      1008     0    51     1     8
  2.8602296157428597E-01 a      1009     0    51     1     9
  4.2138686092522949E-02 a      1010     0    51     1    10
 -2.0529059126414395E-01 a      1011     0    51     1    11
  5.8664065567525869E-01 a      1012     0    51     1    12
  2.0879994669402924E-01 a      1013     0    51     1    13
 -1.0495515467030711E-01 a      1014     0    51     1    14
  1.4977468899713653E-01 a      1015     0    51     1    15
 -3.3457188423420015E-01 a      1016     0    51     1    16
 -5.9340736286815216E-02 a      1017     0    51     1    17
  1.1149730194061511E+00 a      1018     0    51     1    18
  7.4693720833464683E-01 a      1019     0    51     1    19
 -2.6725920103657111E-02 a      1020     0    51     1    20
  2.1460302287786026E-03 a      1021     0    52     1     1
 -1.7412603646925276E-01 a      1022     0    52     1     2
 -2.6917540617131752E-01 a      1023     0    52     1     3
 -4.8988069339327656E-01 a      1024     0    52     1     4
  1.7519283558275567E-01 a      1025     0    52     1     5
  9.8720978283155833E-02 a      1026     0    52     1     6
  2.4366905717339571E-01 a      1027     0    52     1     7
  2.0818747890109818E-01 a      1028     0    52     1     8
  1.1370158808776794E-01 a      1029     0    52     1     9
 -3.8311981541172024E-01 a      1030     0    52     1    10
 -6.7054598438527194E-02 a      1031     0    52     1    11
 -2.8820564624545403E-01 a      1032     0    52     1    12
  1.9732769683261706E-01 a      1033     0    52     1    13
 -1.9091363342159681E-01 a      1034     0    52     1    14
  2.1854518317002669E-01 a      1035     0    52     1    15
  1.7623552672027248E-01 a      1036     0    52     1    16
 -3.9764892957243869E-01 a      1037     0    52     1    17
 -2.2766129876503646E-01 a      1038     0    52     1    18
  3.2433927859940009E-01 a      1039     0    52     1    19
  9.9963785901854257E-02 a      1040     0    52     1    20
  8.3041681581158086E-02 a      1041     0    53     1     1
  1.2929819430467723E-01 a      1042     0    53     1     2
  1.8948795678024891E-01 a      1043     0    53     1     3
  5.6910464402565489E-02 a      1044     0    53     1     4
 -1.1256943539221918E-01 a      1045     0    53     1     5
  1.3391583449857700E-02 a      1046     0    53     1     6
  9.8734372009758473E-02 a      1047     0    53     1     7
 -7.7913319031297903E-02 a      1048     0    53     1     8
 -1.7873534935251373E-02 a      1049     0    53     1     9
  2.9400199775516909E-02 a      1050     0    53     1    10
  9.5266683775822990E-03 a      1051     0    53     1    11
  7.3759743399185312E-02 a      1052     0    53     1    12
  1.4568636867346849E-01 a      1053     0    53     1    13
 -8.0805228851962604E-02 a      1054     0    53     1    14
 -1.8718260273322910E-02 a      1055     0    53     1    15
 -6.2854592090055025E-04 a      1056     0    53     1    16
  1.4232564958040891E-01 a      1057     0    53     1    17
 -5.3042796589956150E-02 a      1058     0    53     1    18
 -5.9488065532448224E-02 a      1059     0    53     1    19
 -3.6999576459598713E-02 a      1060     0    53     1    20
 -1.0027713443160641E-01 a      1061     0    54     1     1
  1.0365184450430571E-02 a      1062     0    54     1     2
 -1.1942229525309332E-01 a      1063     0    54     1     3
  8.4703573298044024E-02 a      1064     0    54     1     4
 -3.9526703606685497E-02 a      1065     0    54     1     5
  5.7854077920317007E-02 a      1066     0    54     1     6
 -1.7019470972508527E-02 a      1067     0    54     1     7
 -1.9517073633546320E-01 a      1068     0    54     1     8
 -1.8995792831285108E-01 a      1069     0    54     1     9
 -6.0876913202133308E-02 a      1070     0    54     1    10
 -2.0500329770980391E-01 a      1071     0    54     1    11
  8.3475503448987368E-02 a      1072     0    54     1    12
 -2.2638982558046919E-01 a      1073     0    54     1    13
 -1.6544358651161956E-01 a      1074     0    54     1    14
  1.2054073535219173E-01 a      1075     0    54     1    15
 -2.0556228115459516E-01 a      1076     0    54     1    16
 -1.3998090357670465E-01 a      1077     0    54     1    17
 -1.8939374761812380E-01 a      1078     0    54     1    18
 -1.6545225587910977E-02 a      1079     0    54     1    19
  7.0869706348054687E-02 a      1080     0    54     1    20
  1.0946512082157538E+00 b      1081     1     1
  4.5363573226270565E-01 b      1082     1     2
 -1.1845783681714475E+00 b      1083     1     3
 -1.7962226964646558E-01 b      1084     1     4
  6.8668967515150381E-01 b      1085     1     5
 -3.1601496147440505E-01 b      1086     1     6
  1.0387369968729581E+00 b      1087     1     7
 -1.0658061744315199E+00 b      1088     1     8
 -8.2022552901139933E-01 b      1089     1     9
 -8.1911048186675095E-01 b      1090     1    10
  2.6886064209363825E-01 b      1091     1    11
  3.8091317266655350E-01 b      1092     1    12
 -1.0427786271574602E+00 b      1093     1    13
 -4.6339870692838797E-01 b      1094     1    14
 -7.2095673658813864E-01 b      1095     1    15
  2.2430674525624439E-01 b      1096     1    16
 -1.1154033739529099E+00 b      1097     1    17
 -1.0954260147863093E+00 b      1098     1    18
  1.8559365966631794E-01 b      1099     1    19
 -7.3941381731323663E-01 b      1100     1    20
 -4.0722048154557983E-01 a      1101     1     1     2     1
  1.1254266927868324E+00 a      1102     1     1     2     2
 -9.6532127182331770E-02 a      1103     1     1     2     3
  1.6191074639466288E-01 a      1104     1     1     2     4
  3.6503198270200633E-02 a      1105     1     1     2     5
 -1.9208196498209296E-01 a      1106     1     1     2     6
  2.2375617616071514E-03 a      1107     1     1     2     7
 -3.4998964480979006E-01 a      1108     1     1     2     8
  2.0926116782253093E-01 a      1109     1     1     2     9
  8.1826450538412282E-02 a      1110     1     1     2    10
 -6.0712901996675039E-01 a      1111     1     1     2    11
 -7.4193647006267138E-01 a      1112     1     1     2    12
 -4.3611696851574822E-01 a      1113     1     1     2    13
 -4.2921065907807379E-02 a      1114     1     1     2    14
  1.4436682599145298E-01 a      1115     1     1     2    15
 -6.4212527449192536E-03 a      1116     1     1     2    16
 -4.4313593972278570E-01 a      1117     1     1     2    17
 -6.3183516876853552E-01 a      1118     1     1     2    18
 -2.8973329597167208E-01 a      1119     1     1     2    19
  1.7448448889824972E-01 a      1120     1     1     2    20
  7.1501931006621000E-02 a      1121     1     2     2     1
  4.7839019682965606E-01 a      1122     1     2     2     2
 -8.4116127014136621E-02 a      1123     1     2     2     3
 -4.8861050971501130E-01 a      1124     1     2     2     4
  4.2966132012602049E-01 a      1125     1     2     2     5
 -1.1995244990363457E-01 a      1126     1     2     2     6
 -1.7174296214204388E-01 a      1127     1     2     2     7
  7.2208648256937802E-01 a      1128     1     2     2     8
 -3.5245097327734998E-01 a      1129     1     2     2     9
 -6.2964246680088695E-02 a      1130     1     2     2    10
  3.6966130673322134E-01 a      1131     1     2     2    11
  1.1422814349918714E-01 a      1132     1     2     2    12
  3.4661107330824159E-01 a      1133     1     2     2    13
 -2.0682772007989411E-01 a      1134     1     2     2    14
  1.1064654799593467E-01 a      1135     1     2     2    15
 -4.1747390138684969E-02 a      1136     1     2     2    16
  8.1997456480645226E-01 a      1137     1     2     2    17
 -8.9903123825460096E-01 a      1138     1     2     2    18
 -4.0754250722203839E-01 a      1139     1     2     2    19
  5.7765358901337438E-01 a      1140     1     2     2    20
 -2.5351067530473176E-01 a      1141     1     3     2     1
  2.2484396010153712E-01 a      1142     1     3     2     2
 -2.8782856371182119E-01 a      1143     1     3     2     3
  1.2383003419030404E-01 a      1144     1     3     2     4
 -6.8414246151086530E-02 a      1145     1     3     2     5
  4.6696369106821622E-01 a      1146     1     3     2     6
  5.1523015900960889E-01 a      1147     1     3     2     7
  5.6765294132826027E-01 a      1148     1     3     2     8
 -1.3073110710318814E-01 a      1149     1     3     2     9
  3.2955192890696039E-01 a      1150     1     3     2    10
 -3.0314887623896025E-01 a      1151     1     3     2    11
  9.7992468437722213E-01 a      1152     1     3     2    12
  7.5995649216148164E-01 a      1153     1     3     2    13
 -3.0005688356340338E-01 a      1154     1     3     2    14
 -3.9075049632125392E-01 a      1155     1     3     2    15
 -6.6656267422575155E-01 a      1156     1     3     2    16
  3.2120594176211720E-01 a      1157     1     3     2    17
 -2.6399757366128268E-01 a      1158     1     3     2    18
 -5.5222051492773183E-01 a      1159     1     3     2    19
 -7.0031918725462647E-02 a      1160     1     3     2    20
  7.6901164119890730E-02 a      1161     1     4     2     1
  9.0841266954346567E-01 a      1162     1     4     2     2
  3.5075302419547330E-02 a      1163     1     4     2     3
  2.7445582603306484E-01 a      1164     1     4     2     4
  3.3930566274113311E-01 a      1165     1     4     2     5
 -6.2403538392443933E-02 a      1166     1     4     2     6
 -4.5599056208339560E-02 a      1167     1     4     2     7
  4.4587837772598343E-01 a      1168     1     4     2     8
  8.1710768559867042E-01 a      1169     1     4     2     9
  5.4522940504724571E-01 a      1170     1     4     2    10
  1.1521342724598631E-01 a      1171     1     4     2    11
 -4.0574004410942877E-01 a      1172     1     4     2    12
  4.1824232419132146E-01 a      1173     1     4     2    13
 -4.6509351639752566E-01 a      1174     1     4     2    14
 -4.8646078391881847E-01 a      1175     1     4     2    15
  2.1943014930243393E-01 a      1176     1     4     2    16
 -5.6684395747222771E-01 a      1177     1     4     2    17
 -4.4962205068881000E-01 a      1178     1     4     2    18
  1.1510081824552224E-01 a      1179     1     4     2    19
 -3.5515932739268558E-01 a      1180     1     4     2    20
  7.5277675640497566E-01 a      1181     1     5     2     1
  2.7575805309828560E-01 a      1182     1     5     2     2
  1.4557745185671447E-01 a      1183     1     5     2     3
 -7.1835768924339932E-02 a      1184     1     5     2     4
 -3.0873779799586409E-01 a      1185     1     5     2     5
  6.1442334263872445E-01 a      1186     1     5     2     6
  5.0279597558397870E-01 a      1187     1     5     2     7
 -3.3217537710392386E-01 a      1188     1     5     2     8
 -3.0646255287282820E-02 a      1189     1     5     2     9
  3.6987256206027624E-01 a      1190     1     5     2    10
 -4.7425204305250462E-02 a      1191     1     5     2    11
  2.2918998440568425E-01 a      1192     1     5     2    12
 -5.2447467021726417E-02 a      1193     1     5     2    13
 -3.2400403460332622E-01 a      1194     1     5     2    14
 -6.4571206429704076E-01 a      1195     1     5     2    15
 -5.7577955688547244E-01 a      1196     1     5     2    16
 -9.4229201180020650E-02 a      1197     1     5     2    17
 -5.9905051671430798E-01 a      1198     1     5     2    18
 -3.8686224193386565E-01 a      1199     1     5     2    19
  1.3199343149654130E-01 a      1200     1     5     2    20
  6.9587855271023924E-01 a      1201     1     6     2     1
  6.1691621690319998E-01 a      1202     1     6     2     2
  2.7295166149135364E-01 a      1203     1     6     2     3
  2.3399948806113233E-01 a      1204     1     6     2     4
 -4.8317384216327156E-04 a      1205     1     6     2     5
 -1.2770087094400731E-01 a      1206     1     6     2     6
  1.1341059509486941E-01 a      1207     1     6     2     7
 -4.9021435432949075E-02 a      1208     1     6     2     8
 -8.9029844100414024E-01 a      1209     1     6     2     9
 -5.0397106329942765E-01 a      1210     1     6     2    10
  4.1662908156650119E-01 a      1211     1     6     2    11
 -5.0804175973208210E-01 a      1212     1     6     2    12
 -4.5316696390126404E-01 a      1213     1     6     2    13
 -1.4247299432108235E-01 a      1214     1     6     2    14
 -2.3102350108097847E-01 a      1215     1     6     2    15
  2.5524897398023738E-01 a      1216     1     6     2    16
 -3.5868944046294876E-01 a      1217     1     6     2    17
  7.0750067448255871E-01 a      1218     1     6     2    18
  6.7054903819526293E-02 a      1219     1     6     2    19
  3.4011091780846631E-01 a      1220     1     6     2    20
  3.9974402058677089E-01 a      1221     1     7     2     1
 -2.1034216608045880E-01 a      1222     1     7     2     2
 -9.2357471299618993E-02 a      1223     1     7     2     3
  1.9143987125535986E-01 a      1224     1     7     2     4
 -2.9042836482183987E-01 a      1225     1     7     2     5
 -2.7429633036296475E-01 a      1226     1     7     2     6
 -1.5244311294049975E-01 a      1227     1     7     2     7
 -2.6064098043451450E-01 a      1228     1     7     2     8
  3.0525263579176259E-01 a      1229     1     7     2     9
 -1.4836435716301363E-01 a      1230     1     7     2    10
 -3.6417075329013136E-02 a      1231     1     7     2    11
  2.9872824905647227E-01 a      1232     1     7     2    12
 -1.3811574400865284E-01 a      1233     1     7     2    13
  2.2104398954066815E-01 a      1234     1     7     2    14
  1.1476361825095868E-01 a      1235     1     7     2    15
  2.6296210739789472E-01 a      1236     1     7     2    16
 -3.5315114195747466E-01 a      1237     1     7     2    17
  5.8587612160145874E-01 a      1238     1     7     2    18
  3.8710989322184614E-01 a      1239     1     7     2    19
 -7.9266854604951453E-01 a      1240     1     7     2    20
  3.9044810105053018E-01 a      1241     1     8     2     1
  4.6679294825647366E-01 a      1242     1     8     2     2
  4.2716926359128343E-01 a      1243     1     8     2     3
  2.3388556742553895E-01 a      1244     1     8     2     4
 -2.6608063240174351E-01 a      1245     1     8     2     5
 -5.7963791267224778E-02 a      1246     1     8     2     6
  6.5088795617946338E-01 a      1247     1     8     2     7
  7.4184872583683181E-01 a      1248     1     8     2     8
  7.1611498495254083E-02 a      1249     1     8     2     9
  1.8300788250225111E-01 a      1250     1     8     2    10
  7.3125204502665064E-01 a      1251     1     8     2    11
  4.0926268060973525E-01 a      1252     1     8     2    12
  1.5334379021238045E-01 a      1253     1     8     2    13
 -4.6369777199486906E-01 a      1254     1     8     2    14
 -1.5995395845012544E-01 a      1255     1     8     2    15
  5.0540329089964331E-01 a      1256     1     8     2    16
  1.2390433337145873E-01 a      1257     1     8     2    17
 -1.8265911759515241E-01 a      1258     1     8     2    18
  3.6550551296946729E-03 a      1259     1     8     2    19
  2.7007585527910805E-01 a      1260     1     8     2    20
 -1.0587247484496340E-01 a      1261     1     9     2     1
 -3.9338290987858998E-01 a      1262     1     9     2     2
 -4.1512495460541254E-01 a      1263     1     9     2     3
 -2.2442831984759903E-01 a      1264     1     9     2     4
 -5.4927032305966450E-01 a      1265     1     9     2     5
  1.1937494299656629E-01 a      1266     1     9     2     6
  4.2182421009357063E-01 a      1267     1     9     2     7
 -4.7430872473590630E-01 a      1268     1     9     2     8
 -3.2039094901079079E-01 a      1269     1     9     2     9
  3.0291012030108644E-01 a      1270     1     9     2    10
 -2.6913919875048053E-01 a      1271     1     9     2    11
  6.0857128747689837E-01 a      1272     1     9     2    12
 -5.5116883686344920E-01 a      1273     1     9     2    13
 -4.0771968003988951E-01 a      1274     1     9     2    14
  4.7062677053545393E-01 a      1275     1     9     2    15
 -6.5139070940693955E-01 a      1276     1     9     2    16
  4.1161875342693516E-01 a      1277     1     9     2    17
 -7.0461744812021510E-01 a      1278     1     9     2    18
  3.2619224281547865E-01 a      1279     1     9     2    19
 -7.4422598470147294E-01 a      1280     1     9     2    20
 -6.4916212081383762E-01 a      1281     1    10     2     1
  4.1261398818236689E-01 a      1282     1    10     2     2
  7.0444757881895637E-01 a      1283     1    10     2     3
 -2.6993663252711836E-01 a      1284     1    10     2     4
  7.1736301053707774E-01 a      1285     1    10     2     5
  5.7375900590873796E-01 a      1286     1    10     2     6
  8.3461987824388517E-02 a      1287     1    10     2     7
  4.7127356396533043E-01 a      1288     1    10     2     8
 -3.3667601748187687E-01 a      1289     1    10     2     9
 -1.2378735517279729E-01 a      1290     1    10     2    10
 -2.3864429002324983E-01 a      1291     1    10     2    11
  2.4174953922808365E-01 a      1292     1    10     2    12
 -8.2638739672145478E-01 a      1293     1    10     2    13
 -5.9493589247318368E-01 a      1294     1    10     2    14
 -9.2241250876605940E-01 a      1295     1    10     2    15
 -5.0334774758557543E-01 a      1296     1    10     2    16
 -7.1720529103758335E-01 a      1297     1    10     2    17
  3.7465878493029797E-01 a      1298     1    10     2    18
  5.3109030788269096E-01 a      1299     1    10     2    19
  3.1501555364118250E-01 a      1300     1    10     2    20
  1.0731701150707940E+00 a      1301     1    11     2     1
 -4.0179165273420286E-01 a      1302     1    11     2     2
  4.5754816377247859E-01 a      1303     1    11     2     3
 -3.9226041988789606E-01 a      1304     1    11     2     4
 -2.5967032205817397E-01 a      1305     1    11     2     5
 -2.7183635523293209E-01 a      1306     1    11     2     6
  5.8015327655006055E-01 a      1307     1    11     2     7
 -3.7884100976700136E-01 a      1308     1    11     2     8
 -7.0066129478199268E-01 a      1309     1    11     2     9
  1.6646536136390713E-03 a      1310     1    11     2    10
 -2.9020558501209032E-01 a      1311     1    11     2    11
 -4.6051321057754296E-01 a      1312     1    11     2    12
 -7.7414612381993222E-02 a      1313     1    11     2    13
  3.2922941894262225E-01 a      1314     1    11     2    14
 -4.5954831711285704E-01 a      1315     1    11     2    15
 -1.0820424969609954E-01 a      1316     1    11     2    16
 -6.0832236687527808E-01 a      1317     1    11     2    17
 -2.8960372434843007E-01 a      1318     1    11     2    18
 -1.5733355496616150E-01 a      1319     1    11     2    19
  7.3414800987657680E-01 a      1320     1    11     2    20
 -5.7055410884763647E-01 a      1321     1    12     2     1
 -5.3267640967095831E-01 a      1322     1    12     2     2
 -1.4200817595126594E-01 a      1323     1    12     2     3
 -5.1264594326034507E-01 a      1324     1    12     2     4
 -2.8231293043514516E-01 a      1325     1    12     2     5
 -5.6284296300728309E-01 a      1326     1    12     2     6
 -4.9874864233797660E-02 a      1327     1    12     2     7
  7.6650619208459181E-01 a      1328     1    12     2     8
  2.4124794896288154E-01 a      1329     1    12     2     9
 -2.7072258470254079E-01 a      1330     1    12     2    10
  2.8560043284645448E-01 a      1331     1    12     2    11
  4.3241460752857641E-01 a      1332     1    12     2    12
 -4.1930993865991716E-02 a      1333     1    12     2    13
 -3.5093702070349336E-01 a      1334     1    12     2    14
  6.5981885414820007E-01 a      1335     1    12     2    15
 -3.3025789971463562E-02 a      1336     1    12     2    16
 -2.9964035175771508E-01 a      1337     1    12     2    17
 -2.9059347668833913E-01 a      1338     1    12     2    18
  5.0401751925446270E-01 a      1339     1    12     2    19
  2.6524830419318540E-01 a      1340     1    12     2    20
 -2.3031656287193866E-01 a      1341     1    13     2     1
  8.6530439211792276E-01 a      1342     1    13     2     2
 -6.6298285780776089E-01 a      1343     1    13     2     3
 -1.0816873051487608E-01 a      1344     1    13     2     4
  4.5550742268850297E-01 a      1345     1    13     2     5
 -3.4604225207960942E-01 a      1346     1    13     2     6
  3.0116681158435510E-01 a      1347     1    13     2     7
 -2.5120372929026563E-01 a      1348     1    13     2     8
 -1.1400139486226055E+00 a      1349     1    13     2     9
  1.4572454529954715E-01 a      1350     1    13     2    10
  7.3934103426049336E-02 a      1351     1    13     2    11
 -6.1886169083978004E-01 a      1352     1    13     2    12
  6.1154993999400153E-01 a      1353     1    13     2    13
 -6.4738296924058125E-01 a      1354     1    13     2    14
  1.6136445122402898E-01 a      1355     1    13     2    15
  1.4817963243199095E-01 a      1356     1    13     2    16
  1.0725841571057310E-01 a      1357     1    13     2    17
  4.8374400389604291E-02 a      1358     1    13     2    18
  6.1178261851831395E-02 a      1359     1    13     2    19
 -5.0788984019981942E-02 a      1360     1    13     2    20
  2.8752934544839237E-01 a      1361     1    14     2     1
 -5.8416280472498860E-01 a      1362     1    14     2     2
 -1.2178306475349383E-01 a      1363     1    14     2     3
  4.2258695571372340E-01 a      1364     1    14     2     4
 -6.6259935365058875E-01 a      1365     1    14     2     5
  9.3108718367725635E-02 a      1366     1    14     2     6
 -4.3878559543829770E-01 a      1367     1    14     2     7
  1.3207281597065793E-01 a      1368     1    14     2     8
 -5.9460428083712213E-01 a      1369     1    14     2     9
 -2.3885880817673003E-01 a      1370     1    14     2    10
  2.5540975344910656E-02 a      1371     1    14     2    11
  5.2637870592109659E-01 a      1372     1    14     2    12
  2.3762564684373044E-01 a      1373     1    14     2    13
  9.2053312279523181E-01 a      1374     1    14     2    14
  2.2550597172685438E-01 a      1375     1    14     2    15
  6.3590592108881128E-01 a      1376     1    14     2    16
 -5.5576753234339826E-01 a      1377     1    14     2    17
  4.8810739289914962E-01 a      1378     1    14     2    18
 -2.6443144659875062E-01 a      1379     1    14     2    19
 -2.8173712815062254E-02 a      1380     1    14     2    20
  1.8704270618123006E-01 a      1381     1    15     2     1
 -5.1855392276921830E-01 a      1382     1    15     2     2
 -3.1680202152084608E-01 a      1383     1    15     2     3
  2.1243705874616553E-01 a      1384     1    15     2     4
  2.1132796855745858E-01 a      1385     1    15     2     5
  2.2756455103910608E-01 a      1386     1    15     2     6
  2.8226275647631205E-01 a      1387     1    15     2     7
 -3.3033237549478824E-02 a      1388     1    15     2     8
  2.5815368014189843E-01 a      1389     1    15     2     9
 -2.5618251703352860E-02 a      1390     1    15     2    10
  4.6437621897979653E-01 a      1391     1    15     2    11
  3.8186901494890763E-02 a      1392     1    15     2    12
 -4.1877958280592675E-01 a      1393     1    15     2    13
  7.5120608881915651E-01 a      1394     1    15     2    14
 -1.6825233702723152E-01 a      1395     1    15     2    15
  1.7990205384096253E-01 a      1396     1    15     2    16
 -3.7074319721376908E-01 a      1397     1    15     2    17
  4.3930199860707986E-01 a      1398     1    15     2    18
 -7.6552197287958895E-02 a      1399     1    15     2    19
  2.9869111056438213E-01 a      1400     1    15     2    20
  5.4629077584096686E-01 a      1401     1    16     2     1
  2.4496346166077743E-01 a      1402     1    16     2     2
  1.2515983229819216E-01 a      1403     1    16     2     3
 -2.8101480058396339E-01 a      1404     1    16     2     4
 -1.3666024398097304E-01 a      1405     1    16     2     5
  4.4894520663823295E-01 a      1406     1    16     2     6
  2.8038344846395458E-01 a      1407     1    16     2     7
 -3.1415962466490692E-02 a      1408     1    16     2     8
 -2.0393367891367314E-01 a      1409     1    16     2     9
  5.1975431183321964E-02 a      1410     1    16     2    10
  5.6459112404742351E-01 a      1411     1    16     2    11
  3.2410451665812162E-01 a      1412     1    16     2    12
  1.2259958866219511E-01 a      1413     1    16     2    13
 -3.8838746901665722E-01 a      1414     1    16     2    14
 -2.5056947552063152E-02 a      1415     1    16     2    15
  2.4138141370799826E-01 a      1416     1    16     2    16
  5.4251981188738441E-01 a      1417     1    16     2    17
 -3.9968978163246727E-01 a      1418     1    16     2    18
 -1.4843549910994622E-01 a      1419     1    16     2    19
  5.9808468557937999E-01 a      1420     1    16     2    20
  1.1182316387749160E-01 a      1421     1    17     2     1
 -8.0331492994794440E-01 a      1422     1    17     2     2
 -4.7660519750904778E-01 a      1423     1    17     2     3
  2.6251382236541709E-01 a      1424     1    17     2     4
 -4.0894141945765339E-01 a      1425     1    17     2     5
  1.1702356358570802E-01 a      1426     1    17     2     6
  6.0455918866382130E-01 a      1427     1    17     2     7
 -1.8903501630802322E-01 a      1428     1    17     2     8
 -9.1984935185579292E-02 a      1429     1    17     2     9
 -3.9625894418346114E-01 a      1430     1    17     2    10
 -4.0574178496562013E-01 a      1431     1    17     2    11
 -1.2249174440102492E-02 a      1432     1    17     2    12
  7.8862650840027082E-01 a      1433     1    17     2    13
  4.0098116487677576E-01 a      1434     1    17     2    14
  6.9634517148998087E-01 a      1435     1    17     2    15
  4.2818745362997201E-01 a      1436     1    17     2    16
 -3.4489962537603236E-01 a      1437     1    17     2    17
  3.5436059304126954E-01 a      1438     1    17     2    18
 -1.0969757136079325E-01 a      1439     1    17     2    19
  6.9584807792843539E-01 a      1440     1    17     2    20
  3.4401894389314208E-02 a      1441     1    18     2     1
  3.7323474425663766E-01 a      1442     1    18     2     2
  7.6186632824568812E-01 a      1443     1    18     2     3
  7.3959722986160537E-01 a      1444     1    18     2     4
  1.6728575256958539E-01 a      1445     1    18     2     5
  5.7948289991710922E-01 a      1446     1    18     2     6
 -4.1560379627334493E-01 a      1447     1    18     2     7
 -5.6783211623151815E-02 a      1448     1    18     2     8
 -4.2847246120954857E-01 a      1449     1    18     2     9
  2.7491136393118831E-01 a      1450     1    18     2    10
  8.9593672623711251E-01 a      1451     1    18     2    11
  2.4222781568556755E-03 a      1452     1    18     2    12
 -3.5574379374314835E-01 a      1453     1    18     2    13
  2.5357514445998969E-01 a      1454     1    18     2    14
  2.7025501547579944E-01 a      1455     1    18     2    15
  2.5466812067801475E-01 a      1456     1    18     2    16
  1.3829343655833709E-01 a      1457     1    18     2    17
  1.0957679482823461E-01 a      1458     1    18     2    18
  9.5586787686695196E-01 a      1459     1    18     2    19
 -3.8149441561199271E-01 a      1460     1    18     2    20
 -6.1455069619447922E-01 a      1461     1    19     2     1
  1.7250236478324760E-01 a      1462     1    19     2     2
 -6.5516670277629685E-01 a      1463     1    19     2     3
  3.2517846259906513E-01 a      1464     1    19     2     4
  2.4893144713502177E-01 a      1465     1    19     2     5
 -2.9229895156514379E-01 a      1466     1    19     2     6
 -3.2437151965928113E-01 a      1467     1    19     2     7
 -5.9488043772353261E-01 a      1468     1    19     2     8
  1.7969154901643669E-01 a      1469     1    19     2     9
 -8.8413792949631503E-02 a      1470     1    19     2    10
 -7.5445623779940341E-01 a      1471     1    19     2    11
 -5.9518242705856850E-01 a      1472     1    19     2    12
  7.1743295869787116E-01 a      1473     1    19     2    13
  2.5105440176871135E-01 a      1474     1    19     2    14
  3.8973493278090493E-01 a      1475     1    19     2    15
  1.5817365879225856E-01 a      1476     1    19     2    16
  2.0849566962893716E-02 a      1477     1    19     2    17
  1.7277871783714568E-01 a      1478     1    19     2    18
  1.1594945696722886E-01 a      1479     1    19     2    19
 -6.9016268215088539E-01 a      1480     1    19     2    20
  1.8860434164471396E-01 a      1481     1    20     2     1
  2.5211782194358290E-01 a      1482     1    20     2     2
 -1.9679922730041952E-01 a      1483     1    20     2     3
 -4.2041354548464338E-01 a      1484     1    20     2     4
 -1.3624496287177912E-01 a      1485     1    20     2     5
 -4.5009046006259457E-01 a      1486     1    20     2     6
  2.5792525479330014E-01 a      1487     1    20     2     7
 -1.2715277079753498E-02 a      1488     1    20     2     8
 -1.2860375789939896E-01 a      1489     1    20     2     9
 -5.2856837470802460E-03 a      1490     1    20     2    10
 -5.4374220995728950E-01 a      1491     1    20     2    11
  1.5495847501234369E-01 a      1492     1    20     2    12
  3.9397541896488003E-01 a      1493     1    20     2    13
 -8.4017171221341602E-01 a      1494     1    20     2    14
 -6.9680823993727170E-04 a      1495     1    20     2    15
 -1.4541653948096164E-01 a      1496     1    20     2    16
 -4.3321927204304450E-01 a      1497     1    20     2    17
 -6.3818368348277588E-01 a      1498     1    20     2    18
  3.4375739544658401E-01 a      1499     1    20     2    19
  1.1989281490802674E-02 a      1500     1    20     2    20
 -1.3305759568290498E-01 b      1501     2     1
 -4.5759981844895314E-01 b      1502     2     2
 -1.1828638160441354E+00 b      1503     2     3
  4.3158089602455962E-01 b      1504     2     4
  1.4778912083453375E+00 b      1505     2     5
 -3.4809207426029398E-01 b      1506     2     6
 -1.5079994511657686E+00 b      1507     2     7
 -1.1534560671881871E+00 b      1508     2     8
  7.3345527496124041E-01 b      1509     2     9
  8.7022120967130734E-01 b      1510     2    10
 -3.7344251760094960E-01 b      1511     2    11
 -6.1798744184182053E-01 b      1512     2    12
 -9.3531681812373724E-01 b      1513     2    13
 -1.0130157722358610E+00 b      1514     2    14
  1.5536314791675752E+00 b      1515     2    15
  1.5642262340195598E+00 b      1516     2    16
 -6.6497401575951673E-02 b      1517     2    17
 -7.1180087587196905E-01 b      1518     2    18
  1.6267866325015896E+00 b      1519     2    19
 -2.2212049185876889E-01 b      1520     2    20
  6.6242513996415370E-02 a      1521     2     1     3     1
  2.3192735228790437E-01 a      1522     2     2     3     1
 -5.6061323737245528E-01 a      1523     2     3     3     1
 -7.5007432937823426E-01 a      1524     2     4     3     1
 -7.2961613579098292E-02 a      1525     2     5     3     1
  1.2137768817639836E+00 a      1526     2     6     3     1
 -3.3218067044067451E-01 a      1527     2     7     3     1
  9.9047635595772709E-01 a      1528     2     8     3     1
 -8.9460167113913669E-01 a      1529     2     9     3     1
  1.1691487713619704E+00 a      1530     2    10     3     1
 -2.2454054301183710E-01 a      1531     2    11     3     1
 -1.1512419691292701E+00 a      1532     2    12     3     1
  9.5218130098154274E-01 a      1533     2    13     3     1
  5.6080671540131621E-01 a      1534     2    14     3     1
 -7.4099941582915041E-01 a      1535     2    15     3     1
 -1.2018755599597289E-01 a      1536     2    16     3     1
 -8.9576150953916800E-02 a      1537     2    17     3     1
  1.0635608269470098E+00 a      1538     2    18     3     1
  7.7979080238120413E-01 a      1539     2    19     3     1
  2.6151691123463672E-01 a      1540     2    20     3     1
  7.8887034380953414E-01 b      1541     3     1
