################################################################################
# Neural network connection values (weights and biases).
################################################################################
# Col  Name       Description
################################################################################
# 1    connection Neural network connection value.
# 2    t          Connection type (a = weight, b = bias).
# 3    index      Index enumerating weights.
# 4    l_s        Starting point layer (end point layer for biases).
# 5    n_s        Starting point neuron in starting layer (end point neuron for biases).
# 6    l_e        End point layer.
# 7    n_e        End point neuron in end layer.
################################################################################
#                      1 2         3     4     5     6     7
#             connection t     index   l_s   n_s   l_e   n_e
############################################################
 -1.3241779781655288E-01 a         1     0     1     1     1
  3.0208500341777206E-01 a         2     0     1     1     2
 -2.8188737021642313E-01 a         3     0     1     1     3
 -2.2399183958596171E-02 a         4     0     1     1     4
  5.3395966838316516E-02 a         5     0     1     1     5
 -2.6479631049155350E-01 a         6     0     1     1     6
 -1.5463008766358124E-01 a         7     0     1     1     7
  1.4896803379358617E-01 a         8     0     1     1     8
 -2.4481136627708350E-01 a         9     0     1     1     9
  5.4564213549551592E-02 a        10     0     1     1    10
  3.7503048472136752E-01 a        11     0     1     1    11
 -5.5765897297935518E-02 a        12     0     1     1    12
  2.0299605234475024E-01 a        13     0     1     1    13
 -1.5955603463662757E-03 a        14     0     1     1    14
  1.0130012481319606E-02 a        15     0     1     1    15
  1.3852042231257014E-01 a        16     0     1     1    16
 -6.6113261711501281E-02 a        17     0     1     1    17
 -2.5662457840972558E-01 a        18     0     1     1    18
  1.2296139240992708E-01 a        19     0     1     1    19
  1.3815210416609158E-01 a        20     0     1     1    20
 -1.8535616615634079E-01 a        21     0     2     1     1
  3.2052995212463670E-01 a        22     0     2     1     2
 -1.9525304140599473E-01 a        23     0     2     1     3
  1.5317161325602333E-01 a        24     0     2     1     4
 -1.6866585086489413E-01 a        25     0     2     1     5
  2.7455786060988813E-01 a        26     0     2     1     6
 -5.0287371299036865E-01 a        27     0     2     1     7
  5.1270856569197465E-01 a        28     0     2     1     8
  8.6228268577130063E-01 a        29     0     2     1     9
  5.7514560370998347E-01 a        30     0     2     1    10
 -6.0200600858045084E-01 a        31     0     2     1    11
 -3.0770554450322746E-01 a        32     0     2     1    12
  2.0413397987283644E-01 a        33     0     2     1    13
 -7.0270748831238461E-01 a        34     0     2     1    14
 -2.2786362526899423E-01 a        35     0     2     1    15
  8.8885830889662609E-01 a        36     0     2     1    16
 -8.8272032107263665E-01 a        37     0     2     1    17
  4.8384308763297851E-01 a        38     0     2     1    18
  3.8113599846912892E-02 a        39     0     2     1    19
  5.2715568909067168E-01 a        40     0     2     1    20
 -7.1512270589089155E-02 a        41     0     3     1     1
 -2.6283297300931963E-01 a        42     0     3     1     2
 -7.3433675135668744E-02 a        43     0     3     1     3
 -4.9237559578550062E-02 a        44     0     3     1     4
 -4.4359906947493200E-02 a        45     0     3     1     5
  2.2787150372464388E-01 a        46     0     3     1     6
 -3.2368998195031133E-02 a        47     0     3     1     7
  1.0466642171105087E-01 a        48     0     3     1     8
 -5.3520323539111604E-02 a        49     0     3     1     9
  6.5618445542609525E-04 a        50     0     3     1    10
 -2.0410751308649425E-01 a        51     0     3     1    11
  6.1758903996768005E-02 a        52     0     3     1    12
  1.5504241333815096E-02 a        53     0     3     1    13
  1.6630254172038342E-02 a        54     0     3     1    14
 -5.2142431303673117E-02 a        55     0     3     1    15
 -5.3033068178539214E-02 a        56     0     3     1    16
  5.5561267509868402E-02 a        57     0     3     1    17
 -1.8762763477469480E-01 a        58     0     3     1    18
  3.7905136955061841E-02 a        59     0     3     1    19
  1.7857655410557831E-02 a        60     0     3     1    20
  2.4722083561263075E-01 a        61     0     4     1     1
 -2.8896302510989214E-01 a        62     0     4     1     2
  5.0511328324143547E-02 a        63     0     4     1     3
  1.4671105542691784E-01 a        64     0     4     1     4
 -2.7328715323950793E-02 a        65     0     4     1     5
  2.2458541261233750E-01 a        66     0     4     1     6
  1.4167330984655699E-01 a        67     0     4     1     7
  4.0948169974978764E-02 a        68     0     4     1     8
  1.1479803468392978E-01 a        69     0     4     1     9
  1.5061370447143607E-03 a        70     0     4     1    10
 -2.2268873766490013E-01 a        71     0     4     1    11
 -1.3758484202751596E-02 a        72     0     4     1    12
 -1.9940924384010558E-02 a        73     0     4     1    13
  2.5285388579694576E-02 a        74     0     4     1    14
  5.5443952643331858E-02 a        75     0     4     1    15
 -1.2752746225258424E-01 a        76     0     4     1    16
 -2.7203956823024422E-01 a        77     0     4     1    17
 -1.4643249866597144E-01 a        78     0     4     1    18
  2.0957522471961393E-01 a        79     0     4     1    19
  2.5621969737296368E-01 a        80     0     4     1    20
  1.5042594850834505E+00 a        81     0     5     1     1
  7.2054806735188673E-02 a        82     0     5     1     2
 -2.7973957242609957E-02 a        83     0     5     1     3
 -1.3426721924222515E-01 a        84     0     5     1     4
  2.1156633852460582E-01 a        85     0     5     1     5
  1.7562219066993537E-01 a        86     0     5     1     6
 -1.4975302402953400E-01 a        87     0     5     1     7
 -6.0240511761403404E-01 a        88     0     5     1     8
 -3.5430495810992985E-01 a        89     0     5     1     9
  9.2262697818721962E-01 a        90     0     5     1    10
  8.4796872375392618E-01 a        91     0     5     1    11
  1.6081128421712783E+00 a        92     0     5     1    12
 -5.6468572563208885E-01 a        93     0     5     1    13
  1.2086672976975752E+00 a        94     0     5     1    14
 -4.1917934255693601E-01 a        95     0     5     1    15
  5.4137117235033311E-02 a        96     0     5     1    16
  8.0028523431824017E-01 a        97     0     5     1    17
 -1.6529300620634690E+00 a        98     0     5     1    18
 -5.4795952955481453E-01 a        99     0     5     1    19
  1.7189801171719105E-01 a       100     0     5     1    20
 -9.5479403793871723E-03 a       101     0     6     1     1
 -4.0232557359740795E-02 a       102     0     6     1     2
  2.6499828571121964E-01 a       103     0     6     1     3
 -3.8318018384539007E-02 a       104     0     6     1     4
 -3.2060797224866842E-02 a       105     0     6     1     5
 -3.5396213899569301E-01 a       106     0     6     1     6
 -8.4881716906306068E-02 a       107     0     6     1     7
  2.1988698273806737E-01 a       108     0     6     1     8
  6.3125683367408314E-02 a       109     0     6     1     9
  1.3031313170870218E-01 a       110     0     6     1    10
  1.8079560475872092E-01 a       111     0     6     1    11
  3.5897508608891557E-02 a       112     0     6     1    12
  2.5901189086812259E-03 a       113     0     6     1    13
  1.7646250194033633E-01 a       114     0     6     1    14
 -4.6291107305340737E-02 a       115     0     6     1    15
 -1.6897302181186832E-02 a       116     0     6     1    16
 -5.2286325169228792E-02 a       117     0     6     1    17
 -1.3896232694828592E-01 a       118     0     6     1    18
  2.3422379585613367E-03 a       119     0     6     1    19
 -1.3591516165229585E-02 a       120     0     6     1    20
  1.3998786933757380E-02 a       121     0     7     1     1
  2.9272857805860263E-02 a       122     0     7     1     2
  6.2400035430099365E-02 a       123     0     7     1     3
 -2.0927254060958092E-01 a       124     0     7     1     4
  6.8702286177687991E-02 a       125     0     7     1     5
 -2.3044640178937734E-01 a       126     0     7     1     6
 -1.9125596149938590E-01 a       127     0     7     1     7
 -2.1428734065895100E-01 a       128     0     7     1     8
 -9.0074747242768441E-02 a       129     0     7     1     9
  1.7745651344986121E-02 a       130     0     7     1    10
  1.1810089648214456E-01 a       131     0     7     1    11
  6.2370292232027308E-02 a       132     0     7     1    12
  2.4619378749969761E-01 a       133     0     7     1    13
  3.7488282080464494E-02 a       134     0     7     1    14
  1.8762377831740473E-01 a       135     0     7     1    15
  3.8613678199988916E-01 a       136     0     7     1    16
 -1.6095177891936327E-01 a       137     0     7     1    17
 -2.9656027703151111E-01 a       138     0     7     1    18
 -1.3946328008407923E-02 a       139     0     7     1    19
  1.3423719011350074E-01 a       140     0     7     1    20
 -1.1588582188693037E+00 a       141     0     8     1     1
  2.1464017599869625E-01 a       142     0     8     1     2
 -1.5570767771637628E-01 a       143     0     8     1     3
  9.2084132975540955E-01 a       144     0     8     1     4
 -4.2760738034827585E-02 a       145     0     8     1     5
 -9.1555333314506077E-02 a       146     0     8     1     6
 -8.7723668408535752E-02 a       147     0     8     1     7
  4.7320073206533297E-01 a       148     0     8     1     8
  1.0641493263230317E+00 a       149     0     8     1     9
  2.6950755064215559E-01 a       150     0     8     1    10
 -5.0463385531604676E-01 a       151     0     8     1    11
 -2.7952957520378025E-01 a       152     0     8     1    12
  1.7790751887567224E-01 a       153     0     8     1    13
 -6.3890854066340963E-01 a       154     0     8     1    14
  2.8326468374855301E-01 a       155     0     8     1    15
  4.6353384142363596E-01 a       156     0     8     1    16
 -1.3290635568886990E+00 a       157     0     8     1    17
  7.3509351579392979E-02 a       158     0     8     1    18
  4.2141101288629673E-01 a       159     0     8     1    19
  5.8520718323999987E-01 a       160     0     8     1    20
  8.9804807787521396E-02 a       161     0     9     1     1
 -1.4522952214911247E-01 a       162     0     9     1     2
 -1.6604934578768077E-01 a       163     0     9     1     3
 -2.3454039307222502E-01 a       164     0     9     1     4
 -3.6034706567404338E-02 a       165     0     9     1     5
 -5.4964399373220270E-03 a       166     0     9     1     6
 -1.4977135807218148E-01 a       167     0     9     1     7
  7.6192728869444670E-02 a       168     0     9     1     8
  1.9580125974599537E-02 a       169     0     9     1     9
 -1.4514159719877687E-01 a       170     0     9     1    10
 -3.5064578440774669E-01 a       171     0     9     1    11
  6.5109089574528031E-02 a       172     0     9     1    12
 -1.1204938678280224E-01 a       173     0     9     1    13
 -1.3670948326743518E-02 a       174     0     9     1    14
  1.6290182994375557E-01 a       175     0     9     1    15
  3.5994579908232918E-02 a       176     0     9     1    16
  1.0331832102700084E-01 a       177     0     9     1    17
 -1.4766638981948438E-01 a       178     0     9     1    18
  9.1558139316249024E-02 a       179     0     9     1    19
  2.6058652538767157E-01 a       180     0     9     1    20
  1.2857867997430550E-01 a       181     0    10     1     1
 -4.6262148636921060E-02 a       182     0    10     1     2
 -8.1518109806771530E-02 a       183     0    10     1     3
  1.6528298149789597E-01 a       184     0    10     1     4
  9.2571514569404767E-03 a       185     0    10     1     5
 -4.0570096469828849E-02 a       186     0    10     1     6
  3.2476614742208532E-02 a       187     0    10     1     7
 -4.6337404156010675E-02 a       188     0    10     1     8
 -1.2877011194789559E-01 a       189     0    10     1     9
  9.0072364832516263E-03 a       190     0    10     1    10
  2.4192786519127460E-03 a       191     0    10     1    11
  5.2303044308494809E-03 a       192     0    10     1    12
  1.7441280983349755E-01 a       193     0    10     1    13
 -3.8336939465210926E-02 a       194     0    10     1    14
 -5.8673035562606918E-02 a       195     0    10     1    15
  9.6825837410454044E-02 a       196     0    10     1    16
 -3.0312047524919400E-01 a       197     0    10     1    17
 -1.5836075830062937E-01 a       198     0    10     1    18
  1.2739388549582106E-01 a       199     0    10     1    19
  2.2635211860836124E-01 a       200     0    10     1    20
  1.4659622905280982E+00 a       201     0    11     1     1
  7.1185679384309905E-02 a       202     0    11     1     2
  2.8367608006567085E-01 a       203     0    11     1     3
 -1.0472519520339219E+00 a       204     0    11     1     4
 -5.5436580477438158E-01 a       205     0    11     1     5
  1.7206969013309360E-02 a       206     0    11     1     6
  4.3695196573450966E-02 a       207     0    11     1     7
 -4.3452093370873429E-01 a       208     0    11     1     8
  6.9837096287319211E-02 a       209     0    11     1     9
  5.0442868230602766E-01 a       210     0    11     1    10
  6.5208804666318576E-01 a       211     0    11     1    11
  5.0956147148656672E-01 a       212     0    11     1    12
 -6.9282737055914878E-01 a       213     0    11     1    13
  1.1871790437529617E-01 a       214     0    11     1    14
 -6.2519339911799510E-01 a       215     0    11     1    15
  2.2581748372181015E-01 a       216     0    11     1    16
  1.2529766401913796E+00 a       217     0    11     1    17
 -1.8690610710929759E-01 a       218     0    11     1    18
 -5.5000260033706605E-01 a       219     0    11     1    19
 -1.7855809440235895E-01 a       220     0    11     1    20
  2.3626736955022778E-01 a       221     0    12     1     1
 -4.4769955229249131E-01 a       222     0    12     1     2
  1.6410902192344978E-01 a       223     0    12     1     3
  3.7002881994552948E-02 a       224     0    12     1     4
  1.7788249503633398E-02 a       225     0    12     1     5
  4.9857336946157724E-02 a       226     0    12     1     6
 -8.5080526815549826E-02 a       227     0    12     1     7
  1.2694336822272501E-01 a       228     0    12     1     8
 -1.6433060607735647E-01 a       229     0    12     1     9
 -5.7358375646447040E-03 a       230     0    12     1    10
  8.2493833078499126E-02 a       231     0    12     1    11
 -3.3167952265394464E-02 a       232     0    12     1    12
  3.4902516446362214E-01 a       233     0    12     1    13
  1.3560195122540739E-01 a       234     0    12     1    14
  7.4633900165332209E-02 a       235     0    12     1    15
 -4.4969973336728600E-02 a       236     0    12     1    16
  5.6936067462668785E-02 a       237     0    12     1    17
 -4.4095989720772710E-01 a       238     0    12     1    18
 -6.1264896342738656E-02 a       239     0    12     1    19
  2.0160229699004145E-01 a       240     0    12     1    20
  4.8784238441976491E-02 a       241     0    13     1     1
 -7.0628990121329116E-02 a       242     0    13     1     2
  2.8341779872773351E-02 a       243     0    13     1     3
 -1.1707995815215567E-01 a       244     0    13     1     4
  5.9093931642008490E-02 a       245     0    13     1     5
 -7.3634164763553098E-02 a       246     0    13     1     6
 -1.0001195932388410E-01 a       247     0    13     1     7
  3.5674798982757508E-02 a       248     0    13     1     8
 -2.7668530407354494E-02 a       249     0    13     1     9
 -3.3662246675859570E-02 a       250     0    13     1    10
  8.4977192605186699E-02 a       251     0    13     1    11
  5.2780177356122851E-02 a       252     0    13     1    12
  7.6263763951946992E-02 a       253     0    13     1    13
  4.5879846717926422E-02 a       254     0    13     1    14
  1.3133541408576119E-01 a       255     0    13     1    15
  9.5638665225851766E-02 a       256     0    13     1    16
 -3.4346061755069018E-02 a       257     0    13     1    17
 -1.4950706475339334E-01 a       258     0    13     1    18
  6.6050598699100294E-02 a       259     0    13     1    19
  1.8658906064840203E-01 a       260     0    13     1    20
 -4.8632913068682287E-01 a       261     0    14     1     1
  8.6961091736580259E-02 a       262     0    14     1     2
 -1.2072102460748646E-01 a       263     0    14     1     3
  5.3259498325567123E-01 a       264     0    14     1     4
  3.4674311921349316E-01 a       265     0    14     1     5
 -9.9789130172921209E-02 a       266     0    14     1     6
 -6.1450446118729032E-02 a       267     0    14     1     7
  1.2692198552947495E-01 a       268     0    14     1     8
  1.4470139934520487E-01 a       269     0    14     1     9
 -2.2423239964983155E-01 a       270     0    14     1    10
 -4.0925975617543892E-01 a       271     0    14     1    11
 -1.3203054451527573E-02 a       272     0    14     1    12
  2.9652886906657078E-01 a       273     0    14     1    13
 -1.2542315134984078E-01 a       274     0    14     1    14
  7.6183385743928966E-02 a       275     0    14     1    15
  2.5418754340004637E-02 a       276     0    14     1    16
 -7.9547327037742233E-01 a       277     0    14     1    17
  1.6471986295421839E-01 a       278     0    14     1    18
  1.2718011430113502E-02 a       279     0    14     1    19
  2.4882842512083286E-01 a       280     0    14     1    20
 -4.6756179831653998E-02 a       281     0    15     1     1
 -2.2634506123213508E-01 a       282     0    15     1     2
  3.9597094097702477E-02 a       283     0    15     1     3
 -2.0738012913906864E-01 a       284     0    15     1     4
 -6.0869515249595933E-02 a       285     0    15     1     5
 -1.4962873333677837E-01 a       286     0    15     1     6
 -1.1919129359276633E-01 a       287     0    15     1     7
 -1.2284016483105285E-01 a       288     0    15     1     8
 -1.2786420988083426E-02 a       289     0    15     1     9
  1.7948642306284796E-01 a       290     0    15     1    10
 -1.6559698028326367E-01 a       291     0    15     1    11
  1.5520662462467297E-01 a       292     0    15     1    12
  2.1192237687280513E-02 a       293     0    15     1    13
 -3.5439063400372110E-02 a       294     0    15     1    14
 -2.5209341974120111E-02 a       295     0    15     1    15
  2.6855120729444037E-01 a       296     0    15     1    16
 -5.2634187651389115E-02 a       297     0    15     1    17
 -2.6539901018291634E-01 a       298     0    15     1    18
  1.2807243709560984E-01 a       299     0    15     1    19
  1.2620149052864968E-01 a       300     0    15     1    20
 -9.7899069625564092E-02 a       301     0    16     1     1
 -1.5241135960463611E-02 a       302     0    16     1     2
 -3.5393806616752489E-02 a       303     0    16     1     3
  8.8227595547032536E-02 a       304     0    16     1     4
 -1.6593311029102084E-03 a       305     0    16     1     5
  1.4094635366013470E-03 a       306     0    16     1     6
  2.5313846750537983E-02 a       307     0    16     1     7
 -9.9758175576735372E-02 a       308     0    16     1     8
 -1.0571353188682449E-01 a       309     0    16     1     9
 -5.5411499613992089E-02 a       310     0    16     1    10
 -1.2090104956990655E-01 a       311     0    16     1    11
  6.8679938279532973E-03 a       312     0    16     1    12
 -2.5947343045268860E-04 a       313     0    16     1    13
  7.4337583535449940E-03 a       314     0    16     1    14
 -1.0325250033207012E-01 a       315     0    16     1    15
  5.4257199278610176E-02 a       316     0    16     1    16
 -9.2338146886303263E-02 a       317     0    16     1    17
 -1.2480007491007730E-01 a       318     0    16     1    18
  2.0191813669964379E-02 a       319     0    16     1    19
 -2.8905477134207110E-02 a       320     0    16     1    20
 -5.8906303240808498E-02 a       321     0    17     1     1
 -2.6786502214766189E-01 a       322     0    17     1     2
  6.4996004650388031E-02 a       323     0    17     1     3
 -1.5506039986112372E-01 a       324     0    17     1     4
 -5.6465879676859310E-01 a       325     0    17     1     5
 -2.9869268434248952E-01 a       326     0    17     1     6
  4.8403081633853984E-02 a       327     0    17     1     7
  2.1366969605408062E-01 a       328     0    17     1     8
 -2.0870075527766999E-01 a       329     0    17     1     9
  5.2512389171373319E-01 a       330     0    17     1    10
  5.8609890831251010E-01 a       331     0    17     1    11
  2.0103715122391005E-01 a       332     0    17     1    12
 -8.9877911062347396E-02 a       333     0    17     1    13
 -8.7578418472608652E-02 a       334     0    17     1    14
 -4.0224874086361084E-01 a       335     0    17     1    15
 -2.4871063028696697E-01 a       336     0    17     1    16
  8.8834956614687965E-01 a       337     0    17     1    17
  1.3381096403906476E-01 a       338     0    17     1    18
  7.8826467889975757E-02 a       339     0    17     1    19
 -2.2078621782837593E-01 a       340     0    17     1    20
  1.6598662415724004E-02 a       341     0    18     1     1
 -1.8622745481667163E-01 a       342     0    18     1     2
  1.3888460079903851E-02 a       343     0    18     1     3
  1.8855514118018023E-02 a       344     0    18     1     4
  7.0497351346526529E-02 a       345     0    18     1     5
  7.2357879356722554E-02 a       346     0    18     1     6
 -3.4566786330344698E-02 a       347     0    18     1     7
  8.0042241410674730E-02 a       348     0    18     1     8
 -7.5725100341113918E-02 a       349     0    18     1     9
 -1.4079722272566583E-01 a       350     0    18     1    10
  4.4010680202895100E-02 a       351     0    18     1    11
  2.5908840776575518E-02 a       352     0    18     1    12
  1.7027291195290900E-03 a       353     0    18     1    13
  7.5069866669675508E-02 a       354     0    18     1    14
  5.5336689672643172E-02 a       355     0    18     1    15
 -1.1459767576523129E-01 a       356     0    18     1    16
  9.9033747853184681E-02 a       357     0    18     1    17
 -4.4010586473427066E-02 a       358     0    18     1    18
 -9.3792603663980668E-03 a       359     0    18     1    19
  1.1509854664307635E-01 a       360     0    18     1    20
  4.2584954556426184E-02 a       361     0    19     1     1
 -7.1079067690048209E-02 a       362     0    19     1     2
 -4.1944052295148776E-02 a       363     0    19     1     3
 -8.1148062980435379E-02 a       364     0    19     1     4
  4.8162085886354733E-02 a       365     0    19     1     5
  3.9429354370290604E-03 a       366     0    19     1     6
 -3.6003470403791857E-02 a       367     0    19     1     7
  2.0147356333091865E-01 a       368     0    19     1     8
 -2.5499667964079955E-02 a       369     0    19     1     9
 -3.8904805627141999E-02 a       370     0    19     1    10
  8.3292705050501362E-02 a       371     0    19     1    11
  9.0909959510775858E-03 a       372     0    19     1    12
  2.2061900483123956E-02 a       373     0    19     1    13
  2.9259046989647944E-02 a       374     0    19     1    14
  7.2635062504771739E-02 a       375     0    19     1    15
 -4.7631988679327129E-02 a       376     0    19     1    16
 -1.3162371542574085E-02 a       377     0    19     1    17
 -7.0702942579865743E-02 a       378     0    19     1    18
  9.4161172027872470E-02 a       379     0    19     1    19
  1.7541735816099185E-01 a       380     0    19     1    20
  5.3081762664045795E-01 a       381     0    20     1     1
  4.4458645823285936E-01 a       382     0    20     1     2
  7.1336713202302476E-02 a       383     0    20     1     3
  1.6689775996652703E-01 a       384     0    20     1     4
  4.4834363954219325E-01 a       385     0    20     1     5
  2.3648503065495546E-01 a       386     0    20     1     6
  4.1780718806728873E-02 a       387     0    20     1     7
 -3.3044222440190413E-01 a       388     0    20     1     8
  1.1438909447719889E-01 a       389     0    20     1     9
 -2.1774188252194995E-01 a       390     0    20     1    10
 -1.9422945303027445E-01 a       391     0    20     1    11
 -2.3458850595844377E-01 a       392     0    20     1    12
  1.3550030600060628E-01 a       393     0    20     1    13
 -5.3515777146615574E-02 a       394     0    20     1    14
  2.7088426800075194E-01 a       395     0    20     1    15
  4.1572090410993329E-01 a       396     0    20     1    16
 -6.8088382184411145E-01 a       397     0    20     1    17
  1.5015016847005910E-01 a       398     0    20     1    18
 -2.6663777569489788E-01 a       399     0    20     1    19
  1.7258819323408850E-01 a       400     0    20     1    20
  9.2359478224859973E-02 a       401     0    21     1     1
  2.2368163528384936E-02 a       402     0    21     1     2
  2.6449640984743349E-02 a       403     0    21     1     3
 -2.7457776817156079E-02 a       404     0    21     1     4
 -9.0929609511279125E-02 a       405     0    21     1     5
 -8.5213992427997071E-02 a       406     0    21     1     6
 -5.6092159877586751E-03 a       407     0    21     1     7
 -2.3394096315488586E-02 a       408     0    21     1     8
  6.8952919892017378E-02 a       409     0    21     1     9
  2.0731065289322745E-01 a       410     0    21     1    10
 -6.7623561848371400E-02 a       411     0    21     1    11
  3.4363219938591066E-02 a       412     0    21     1    12
  9.8477436339288779E-02 a       413     0    21     1    13
 -3.5813891729229982E-02 a       414     0    21     1    14
 -4.1307040289520645E-03 a       415     0    21     1    15
  9.5498670279866096E-02 a       416     0    21     1    16
 -8.5008864873645659E-02 a       417     0    21     1    17
  1.1700028552708928E-02 a       418     0    21     1    18
 -4.0176428954700805E-02 a       419     0    21     1    19
 -8.3959120853391786E-02 a       420     0    21     1    20
 -9.4358322977158016E-02 a       421     0    22     1     1
  7.8614429927257021E-02 a       422     0    22     1     2
  4.9945829459443723E-02 a       423     0    22     1     3
  6.9207271189876157E-02 a       424     0    22     1     4
 -2.1639982170523125E-02 a       425     0    22     1     5
 -6.0431264560225281E-02 a       426     0    22     1     6
  1.2872124018264732E-02 a       427     0    22     1     7
 -1.8841244364401030E-01 a       428     0    22     1     8
 -4.0333353312874402E-02 a       429     0    22     1     9
 -7.1513525096140243E-02 a       430     0    22     1    10
 -6.9138290322470056E-02 a       431     0    22     1    11
  1.8449376405981783E-02 a       432     0    22     1    12
 -1.3566141599974730E-02 a       433     0    22     1    13
 -7.3406076871575755E-03 a       434     0    22     1    14
 -7.8194535699234943E-02 a       435     0    22     1    15
  4.7697848030394202E-02 a       436     0    22     1    16
  1.7927345534267492E-02 a       437     0    22     1    17
 -2.6054969405928941E-03 a       438     0    22     1    18
 -3.3129295772744718E-02 a       439     0    22     1    19
 -1.0920324954308086E-01 a       440     0    22     1    20
 -6.0576282621008704E-01 a       441     0    23     1     1
 -4.0864133154710797E-01 a       442     0    23     1     2
 -1.1630730231700309E-01 a       443     0    23     1     3
  9.5093164682305803E-02 a       444     0    23     1     4
 -2.7601215857479511E-01 a       445     0    23     1     5
 -1.1294311263930872E-01 a       446     0    23     1     6
 -6.0571204111509673E-02 a       447     0    23     1     7
  1.9135939162005820E-02 a       448     0    23     1     8
 -1.8532771914323551E-01 a       449     0    23     1     9
  2.8011178710906059E-01 a       450     0    23     1    10
  1.8437973800508989E-01 a       451     0    23     1    11
  3.1641164790502546E-01 a       452     0    23     1    12
 -3.0732765828863079E-01 a       453     0    23     1    13
 -1.7856879023924296E-02 a       454     0    23     1    14
 -2.0365437087844968E-01 a       455     0    23     1    15
 -1.7758256394071162E-01 a       456     0    23     1    16
  3.8493609968374348E-01 a       457     0    23     1    17
  2.0188283711524313E-01 a       458     0    23     1    18
  3.0108809573519354E-02 a       459     0    23     1    19
 -4.6925291017852744E-01 a       460     0    23     1    20
 -1.0660879138360409E-01 a       461     0    24     1     1
 -4.1653945060839699E-02 a       462     0    24     1     2
 -2.4574985774745008E-02 a       463     0    24     1     3
 -3.0144285889566094E-02 a       464     0    24     1     4
  6.5778265264692770E-02 a       465     0    24     1     5
  7.0294605992694520E-02 a       466     0    24     1     6
 -2.6089935845119948E-02 a       467     0    24     1     7
 -5.5048326020838857E-03 a       468     0    24     1     8
 -3.3582237716923494E-02 a       469     0    24     1     9
 -6.4211722583865039E-02 a       470     0    24     1    10
  1.7862829728630097E-01 a       471     0    24     1    11
 -3.7464168300121747E-03 a       472     0    24     1    12
 -1.3354979065668132E-01 a       473     0    24     1    13
  2.5409522156314989E-02 a       474     0    24     1    14
  1.3954784144379624E-02 a       475     0    24     1    15
 -1.0337749649463742E-02 a       476     0    24     1    16
  5.7883981051914113E-02 a       477     0    24     1    17
  1.4570411946879162E-02 a       478     0    24     1    18
  7.0367694717375473E-02 a       479     0    24     1    19
  6.0012532381549410E-02 a       480     0    24     1    20
  6.2926862294914690E-02 a       481     0    25     1     1
 -5.4388074353969577E-02 a       482     0    25     1     2
 -3.9014259305898261E-02 a       483     0    25     1     3
 -1.9268196605217128E-02 a       484     0    25     1     4
  1.1136577125718141E-02 a       485     0    25     1     5
  5.0283818079456380E-02 a       486     0    25     1     6
  3.1406350801580292E-03 a       487     0    25     1     7
  1.2584393128510171E-01 a       488     0    25     1     8
  2.1110002107463374E-02 a       489     0    25     1     9
  3.3712397493746230E-02 a       490     0    25     1    10
  1.2611936401879992E-02 a       491     0    25     1    11
 -3.1644075552482075E-02 a       492     0    25     1    12
  1.9639510655065199E-02 a       493     0    25     1    13
  5.6425134605687585E-03 a       494     0    25     1    14
  3.9377054695793910E-02 a       495     0    25     1    15
 -3.5927405157514108E-02 a       496     0    25     1    16
 -2.9522922240778200E-02 a       497     0    25     1    17
 -1.8557716491297605E-02 a       498     0    25     1    18
  1.4272130766275799E-02 a       499     0    25     1    19
  5.6038280792611139E-02 a       500     0    25     1    20
  3.7905454480150957E-01 a       501     0    26     1     1
  2.3263647877888874E-01 a       502     0    26     1     2
  1.1721724226632901E-01 a       503     0    26     1     3
 -7.4406182704694415E-02 a       504     0    26     1     4
  1.1514940535426554E-01 a       505     0    26     1     5
  4.8036082859968444E-02 a       506     0    26     1     6
  5.2947208922779272E-02 a       507     0    26     1     7
  1.8586748601702361E-03 a       508     0    26     1     8
  1.4391009173598923E-01 a       509     0    26     1     9
 -3.0283039644598458E-01 a       510     0    26     1    10
 -1.6775243452410110E-01 a       511     0    26     1    11
 -2.3804471742421535E-01 a       512     0    26     1    12
  7.2772911737877338E-02 a       513     0    26     1    13
  7.6030313598551502E-02 a       514     0    26     1    14
  5.5636878487651135E-02 a       515     0    26     1    15
  2.6185201185778155E-02 a       516     0    26     1    16
 -6.1969201335189746E-02 a       517     0    26     1    17
 -1.4106347225027460E-01 a       518     0    26     1    18
 -7.1047812702265220E-02 a       519     0    26     1    19
  2.7632549742154394E-01 a       520     0    26     1    20
  1.1406468798156802E-01 a       521     0    27     1     1
  3.1660269499113686E-02 a       522     0    27     1     2
  2.4999387602890940E-02 a       523     0    27     1     3
  3.9885202183306892E-02 a       524     0    27     1     4
 -4.7578233694581314E-02 a       525     0    27     1     5
 -2.8628340166666450E-02 a       526     0    27     1     6
  2.3831017715432858E-02 a       527     0    27     1     7
  9.8791509539457079E-05 a       528     0    27     1     8
  5.0438372016495502E-02 a       529     0    27     1     9
  4.6822834010108706E-02 a       530     0    27     1    10
 -1.3229657571734571E-01 a       531     0    27     1    11
 -1.7460205269661893E-02 a       532     0    27     1    12
  9.6637890834116627E-02 a       533     0    27     1    13
 -1.8468662119949485E-02 a       534     0    27     1    14
  1.5941612930591689E-03 a       535     0    27     1    15
 -8.1716754447583514E-03 a       536     0    27     1    16
 -2.3849666494107222E-02 a       537     0    27     1    17
  1.0769136403664219E-02 a       538     0    27     1    18
 -7.6232803850528136E-02 a       539     0    27     1    19
 -5.9363602852165291E-02 a       540     0    27     1    20
 -7.0157264157242286E-02 a       541     0    28     1     1
 -6.9261106721334540E-03 a       542     0    28     1     2
 -2.3033006524327453E-03 a       543     0    28     1     3
 -7.4687529462872859E-03 a       544     0    28     1     4
 -6.7671291286096032E-04 a       545     0    28     1     5
 -4.2775041888476820E-02 a       546     0    28     1     6
 -1.4872144568529391E-02 a       547     0    28     1     7
 -3.0904412496605277E-02 a       548     0    28     1     8
 -2.5523974137942319E-02 a       549     0    28     1     9
 -1.2759024115020647E-02 a       550     0    28     1    10
 -8.0422615265628270E-04 a       551     0    28     1    11
  2.6439901151436549E-02 a       552     0    28     1    12
 -2.7073101701508336E-02 a       553     0    28     1    13
  1.2012732942236410E-02 a       554     0    28     1    14
 -1.6311955991104854E-02 a       555     0    28     1    15
  1.8197587065159067E-02 a       556     0    28     1    16
  1.1757625352745837E-02 a       557     0    28     1    17
 -4.5248872578963636E-02 a       558     0    28     1    18
  2.2844513158647682E-02 a       559     0    28     1    19
 -3.3993725795739287E-03 a       560     0    28     1    20
 -1.4735190889795907E-01 a       561     0    29     1     1
  3.3447473822754016E-02 a       562     0    29     1     2
  8.7571082676631169E-04 a       563     0    29     1     3
  8.2100005690952781E-03 a       564     0    29     1     4
 -8.5894253821424987E-02 a       565     0    29     1     5
 -1.6792825183453611E-01 a       566     0    29     1     6
 -5.5075859955664060E-02 a       567     0    29     1     7
  1.6871402800044889E-02 a       568     0    29     1     8
 -1.3601295634719615E-01 a       569     0    29     1     9
  1.7757193561788320E-01 a       570     0    29     1    10
  2.0662791034392278E-01 a       571     0    29     1    11
  1.4820568019449029E-01 a       572     0    29     1    12
 -3.4700403954959082E-02 a       573     0    29     1    13
 -1.3679373050352052E-02 a       574     0    29     1    14
  8.0389082941349204E-03 a       575     0    29     1    15
 -5.7320642618641941E-02 a       576     0    29     1    16
 -3.8496394385770963E-03 a       577     0    29     1    17
  1.6851435398577622E-01 a       578     0    29     1    18
  6.9763772868202081E-02 a       579     0    29     1    19
 -8.3286234452095209E-02 a       580     0    29     1    20
 -1.7362268909110246E-02 a       581     0    30     1     1
  1.4305598769824967E-02 a       582     0    30     1     2
 -8.1412904156696643E-03 a       583     0    30     1     3
 -1.8657161740062628E-02 a       584     0    30     1     4
  1.5439032958271990E-02 a       585     0    30     1     5
 -2.0955647002416034E-04 a       586     0    30     1     6
 -1.0780074213765591E-02 a       587     0    30     1     7
 -2.3474795582642456E-03 a       588     0    30     1     8
 -1.6128716726607668E-02 a       589     0    30     1     9
 -4.8308551094540381E-03 a       590     0    30     1    10
  7.1570606542844126E-02 a       591     0    30     1    11
  4.2403663202655638E-03 a       592     0    30     1    12
 -2.0731229480566427E-02 a       593     0    30     1    13
  1.0906664399272072E-02 a       594     0    30     1    14
  1.4756412651954001E-02 a       595     0    30     1    15
  7.3480428372524574E-03 a       596     0    30     1    16
 -3.8568526917296345E-03 a       597     0    30     1    17
  1.5290439700442429E-02 a       598     0    30     1    18
  2.2033330517273454E-02 a       599     0    30     1    19
  2.0219446305931230E-02 a       600     0    30     1    20
  9.3682145100979896E-03 a       601     0    31     1     1
  1.3695842393449220E-01 a       602     0    31     1     2
 -4.1886223624481592E-02 a       603     0    31     1     3
  1.1491120101006391E-02 a       604     0    31     1     4
  4.3418117853466429E-03 a       605     0    31     1     5
 -5.9682075720004960E-02 a       606     0    31     1     6
 -5.8017790885452496E-02 a       607     0    31     1     7
  1.3657304285486085E-01 a       608     0    31     1     8
 -6.6851913882751052E-02 a       609     0    31     1     9
 -4.5015941504570688E-02 a       610     0    31     1    10
  1.0439922572846361E-01 a       611     0    31     1    11
  1.6557848815632350E-02 a       612     0    31     1    12
 -1.4561605041733653E-02 a       613     0    31     1    13
  9.6818012130755651E-02 a       614     0    31     1    14
  1.6819932773437758E-02 a       615     0    31     1    15
 -9.0147671959257877E-03 a       616     0    31     1    16
 -5.7534116340996630E-02 a       617     0    31     1    17
 -9.2811477839522080E-02 a       618     0    31     1    18
  9.9663057652558798E-02 a       619     0    31     1    19
  3.9960481824900820E-02 a       620     0    31     1    20
 -2.8482896824537857E-01 a       621     0    32     1     1
  1.8588546309478270E-02 a       622     0    32     1     2
  1.4170019214974267E-01 a       623     0    32     1     3
 -3.8184395021171375E-01 a       624     0    32     1     4
 -9.7281856456145774E-02 a       625     0    32     1     5
  1.0639700577619064E-01 a       626     0    32     1     6
  4.0150370822476862E-02 a       627     0    32     1     7
  4.2197296997304418E-01 a       628     0    32     1     8
  6.2108677743853959E-02 a       629     0    32     1     9
  5.2904175507156717E-02 a       630     0    32     1    10
 -1.8333681348510097E-01 a       631     0    32     1    11
  3.3630224951093433E-02 a       632     0    32     1    12
 -2.7349434040796849E-01 a       633     0    32     1    13
  1.7171132097712663E-01 a       634     0    32     1    14
 -1.8055106435364829E-01 a       635     0    32     1    15
 -3.3610818906410028E-01 a       636     0    32     1    16
  4.4780561828608828E-01 a       637     0    32     1    17
  2.3873857066491871E-01 a       638     0    32     1    18
 -6.0684851192400406E-02 a       639     0    32     1    19
 -3.7105235215960708E-01 a       640     0    32     1    20
  5.2035485522358101E-02 a       641     0    33     1     1
 -7.7199777072639669E-02 a       642     0    33     1     2
 -3.4830695192164376E-02 a       643     0    33     1     3
 -1.0617248740019884E-01 a       644     0    33     1     4
  1.5273816773084068E-02 a       645     0    33     1     5
  3.0280506071629344E-02 a       646     0    33     1     6
 -3.9931561243150462E-02 a       647     0    33     1     7
  4.0173028659234680E-02 a       648     0    33     1     8
  9.3223631946099519E-02 a       649     0    33     1     9
  1.8194565582716770E-02 a       650     0    33     1    10
 -8.5520985153348855E-02 a       651     0    33     1    11
  1.8400541160689069E-02 a       652     0    33     1    12
 -4.4825070051590282E-02 a       653     0    33     1    13
  4.7459391234699264E-03 a       654     0    33     1    14
  1.3003085945358924E-02 a       655     0    33     1    15
  1.4782637160624083E-02 a       656     0    33     1    16
  1.0705701351364970E-02 a       657     0    33     1    17
  4.7278949392684462E-02 a       658     0    33     1    18
 -8.8719133879451670E-02 a       659     0    33     1    19
  3.1974498346061815E-02 a       660     0    33     1    20
 -1.8180187146682081E-01 a       661     0    34     1     1
 -6.8883385273975389E-02 a       662     0    34     1     2
  2.5075808002401095E-01 a       663     0    34     1     3
 -5.4793116574193945E-01 a       664     0    34     1     4
  6.0071155423873401E-01 a       665     0    34     1     5
  5.4602315884161556E-01 a       666     0    34     1     6
  1.0485147232889984E+00 a       667     0    34     1     7
  2.7808274460498628E-01 a       668     0    34     1     8
 -4.9329310445839247E-01 a       669     0    34     1     9
 -3.3755039621825951E-03 a       670     0    34     1    10
 -8.6518624848838721E-01 a       671     0    34     1    11
 -1.0916246757607477E+00 a       672     0    34     1    12
  1.5751108016433560E-01 a       673     0    34     1    13
 -3.2012350480658464E-01 a       674     0    34     1    14
  1.8219750359077491E-01 a       675     0    34     1    15
 -3.8977281231469202E-01 a       676     0    34     1    16
  4.2998731874669199E-01 a       677     0    34     1    17
  1.2163983541069465E+00 a       678     0    34     1    18
  6.1578794380827184E-01 a       679     0    34     1    19
 -6.2036105829947219E-01 a       680     0    34     1    20
  5.9616686270098612E-02 a       681     0    35     1     1
  2.0264905857711643E-01 a       682     0    35     1     2
  2.3525046461578616E-01 a       683     0    35     1     3
  1.5861766096685295E-01 a       684     0    35     1     4
  2.2835758858685672E-03 a       685     0    35     1     5
  3.5692458511020808E-01 a       686     0    35     1     6
  1.3218491431658641E-01 a       687     0    35     1     7
  3.2023335780810397E-01 a       688     0    35     1     8
 -1.9037052966309745E-01 a       689     0    35     1     9
  2.1005101309745033E-01 a       690     0    35     1    10
 -1.2352152157708919E-01 a       691     0    35     1    11
 -8.0529773138351635E-02 a       692     0    35     1    12
 -1.7563916615166500E-01 a       693     0    35     1    13
  2.3742229497309381E-02 a       694     0    35     1    14
 -2.0847327479715286E-01 a       695     0    35     1    15
 -3.4218120265253338E-01 a       696     0    35     1    16
 -4.2539362774182264E-02 a       697     0    35     1    17
  7.7341268417745335E-01 a       698     0    35     1    18
  8.4021911343031608E-02 a       699     0    35     1    19
 -2.2267059430059141E-01 a       700     0    35     1    20
  2.0477079637049159E-02 a       701     0    36     1     1
 -1.8586883937037470E-02 a       702     0    36     1     2
  3.5236638557414386E-02 a       703     0    36     1     3
 -8.3207949800757477E-02 a       704     0    36     1     4
 -4.2359308418917871E-02 a       705     0    36     1     5
  9.8666253052762335E-03 a       706     0    36     1     6
 -5.5305796500333460E-02 a       707     0    36     1     7
  1.2967932221999570E-01 a       708     0    36     1     8
 -1.8563829632707254E-01 a       709     0    36     1     9
  2.0782292932286903E-01 a       710     0    36     1    10
  7.2362282379994758E-02 a       711     0    36     1    11
 -6.8363465295013012E-02 a       712     0    36     1    12
  2.5708466188493311E-02 a       713     0    36     1    13
  1.1315118239464196E-01 a       714     0    36     1    14
  5.2429282575881253E-02 a       715     0    36     1    15
  7.9780327430735397E-03 a       716     0    36     1    16
 -3.9641603450038213E-02 a       717     0    36     1    17
 -1.0392309760216260E-02 a       718     0    36     1    18
  7.8690468396655056E-02 a       719     0    36     1    19
 -1.0351167066022114E-01 a       720     0    36     1    20
 -2.9242064756432835E-02 a       721     0    37     1     1
  1.3816374282804147E-01 a       722     0    37     1     2
  5.0855430293648092E-02 a       723     0    37     1     3
  7.1237813016969881E-02 a       724     0    37     1     4
 -1.0036559548171063E-02 a       725     0    37     1     5
 -1.1066445642682593E-01 a       726     0    37     1     6
  1.3234608520311159E-01 a       727     0    37     1     7
 -9.1912262829495439E-02 a       728     0    37     1     8
  7.9069467241436753E-03 a       729     0    37     1     9
 -2.5620688848579320E-02 a       730     0    37     1    10
 -1.2987745032602735E-01 a       731     0    37     1    11
 -1.0428694632139386E-01 a       732     0    37     1    12
  1.8230267139724673E-01 a       733     0    37     1    13
 -1.3436746692017942E-01 a       734     0    37     1    14
 -3.2456710593668635E-02 a       735     0    37     1    15
 -1.9432045389411523E-01 a       736     0    37     1    16
  1.1223687924439707E-01 a       737     0    37     1    17
  2.1287643789350399E-01 a       738     0    37     1    18
 -2.1874370984169308E-01 a       739     0    37     1    19
 -5.6097593871705383E-02 a       740     0    37     1    20
  2.6744545224158301E-02 a       741     0    38     1     1
  3.1649744893710097E-01 a       742     0    38     1     2
 -1.9990989878759451E-02 a       743     0    38     1     3
  2.7797328098106938E-01 a       744     0    38     1     4
 -1.1005970473950960E-02 a       745     0    38     1     5
  7.4509934492221402E-02 a       746     0    38     1     6
  7.9352415757066950E-03 a       747     0    38     1     7
 -4.1603113075204763E-02 a       748     0    38     1     8
  1.8104344015961066E-01 a       749     0    38     1     9
 -5.5881008795224466E-03 a       750     0    38     1    10
  1.4729269868653377E-01 a       751     0    38     1    11
  2.2855867584881218E-02 a       752     0    38     1    12
 -2.0107535109517194E-01 a       753     0    38     1    13
 -7.6710778351790965E-02 a       754     0    38     1    14
  7.9041260713078557E-02 a       755     0    38     1    15
 -1.7544195911528468E-01 a       756     0    38     1    16
  6.5173925420563009E-02 a       757     0    38     1    17
  1.6701571959196637E-01 a       758     0    38     1    18
  2.3149830590579339E-02 a       759     0    38     1    19
 -6.9455962465540436E-02 a       760     0    38     1    20
 -1.3521260731567519E-01 a       761     0    39     1     1
 -1.7723152137659298E-01 a       762     0    39     1     2
  1.3926633089255719E-01 a       763     0    39     1     3
  2.6003240491463248E-01 a       764     0    39     1     4
 -2.9182279388369764E-01 a       765     0    39     1     5
 -1.3894035193843102E-01 a       766     0    39     1     6
  1.1869760287345919E-01 a       767     0    39     1     7
 -1.8678502284531440E-01 a       768     0    39     1     8
  1.5485239875666071E-01 a       769     0    39     1     9
  1.3899474737332479E-01 a       770     0    39     1    10
  2.6570703943572438E-01 a       771     0    39     1    11
 -1.6615233037917218E-01 a       772     0    39     1    12
 -2.1149970360382389E-01 a       773     0    39     1    13
  3.1972382071555672E-02 a       774     0    39     1    14
  1.2250133486407017E-01 a       775     0    39     1    15
 -9.2372660096728232E-02 a       776     0    39     1    16
  2.3658968517711768E-01 a       777     0    39     1    17
 -2.6894857604170323E-02 a       778     0    39     1    18
 -7.7364800437871167E-03 a       779     0    39     1    19
 -2.9521642388485603E-01 a       780     0    39     1    20
  5.9235425431805999E-01 a       781     0    40     1     1
  7.6797052883487982E-02 a       782     0    40     1     2
  4.2300031719865666E-01 a       783     0    40     1     3
 -3.3401483500082052E-01 a       784     0    40     1     4
 -6.6341442470375356E-01 a       785     0    40     1     5
  8.0854089201575871E-02 a       786     0    40     1     6
 -8.3889412589319357E-01 a       787     0    40     1     7
  1.0417037443134278E-01 a       788     0    40     1     8
 -3.8954113235182120E-01 a       789     0    40     1     9
 -9.1726337548213777E-01 a       790     0    40     1    10
  4.2918088760539941E-01 a       791     0    40     1    11
 -1.7955664755367812E-01 a       792     0    40     1    12
  9.1663306632718400E-01 a       793     0    40     1    13
  6.9521325251306365E-01 a       794     0    40     1    14
  8.2674965593483218E-01 a       795     0    40     1    15
 -8.9951060478193656E-01 a       796     0    40     1    16
 -6.2311629309106475E-01 a       797     0    40     1    17
 -6.6387393024998143E-01 a       798     0    40     1    18
 -6.3546044567660540E-02 a       799     0    40     1    19
 -4.5015215079519541E-02 a       800     0    40     1    20
 -1.6646045195152631E-01 a       801     0    41     1     1
  4.2578693201809403E-01 a       802     0    41     1     2
 -2.2586342947167026E-01 a       803     0    41     1     3
  9.5190454706278890E-02 a       804     0    41     1     4
  1.1492166854207139E-01 a       805     0    41     1     5
 -1.2693362136556433E-01 a       806     0    41     1     6
  1.1182211557430682E-01 a       807     0    41     1     7
 -3.0195856167247370E-01 a       808     0    41     1     8
  1.2160174880808107E-01 a       809     0    41     1     9
 -4.0026279628893652E-01 a       810     0    41     1    10
  1.0984567227574736E-01 a       811     0    41     1    11
 -1.6074269609219819E-03 a       812     0    41     1    12
 -8.6818334407988584E-02 a       813     0    41     1    13
 -1.6820380601906176E-01 a       814     0    41     1    14
 -1.0366608607270722E-01 a       815     0    41     1    15
  1.2454722039729217E-01 a       816     0    41     1    16
  6.1122354583413231E-02 a       817     0    41     1    17
  2.1232865262880385E-01 a       818     0    41     1    18
 -7.1815779993432707E-02 a       819     0    41     1    19
 -9.9548653738670181E-02 a       820     0    41     1    20
  2.7937173767962696E-02 a       821     0    42     1     1
  4.3734311747552018E-02 a       822     0    42     1     2
 -1.2028134222135069E-01 a       823     0    42     1     3
  3.8514772608412690E-01 a       824     0    42     1     4
  6.7824919492749283E-02 a       825     0    42     1     5
  9.3072888777677568E-02 a       826     0    42     1     6
  1.5717237862891759E-01 a       827     0    42     1     7
 -1.1688613920374437E-01 a       828     0    42     1     8
  3.1902874822522886E-01 a       829     0    42     1     9
 -3.8511599389554602E-01 a       830     0    42     1    10
  5.1713864198761603E-02 a       831     0    42     1    11
  6.7966339717174792E-02 a       832     0    42     1    12
 -2.7804282434185828E-03 a       833     0    42     1    13
 -2.7885119925734653E-01 a       834     0    42     1    14
 -1.9304089841590685E-01 a       835     0    42     1    15
  1.4902172471334709E-02 a       836     0    42     1    16
 -4.5454546813976988E-02 a       837     0    42     1    17
  1.0428329811668326E-01 a       838     0    42     1    18
 -2.4091184065435278E-01 a       839     0    42     1    19
  8.2325165399747491E-02 a       840     0    42     1    20
 -3.5277247335889494E-02 a       841     0    43     1     1
 -1.8767709222948253E-01 a       842     0    43     1     2
 -2.4475811125368879E-02 a       843     0    43     1     3
 -9.0586779468351739E-03 a       844     0    43     1     4
  3.2106978143253335E-03 a       845     0    43     1     5
  4.9258931386560303E-02 a       846     0    43     1     6
  1.5711800304272931E-02 a       847     0    43     1     7
 -6.2470004268417999E-02 a       848     0    43     1     8
 -5.3055882470304013E-03 a       849     0    43     1     9
  1.2769952039943502E-01 a       850     0    43     1    10
 -4.6273607093811828E-02 a       851     0    43     1    11
 -9.3923148186451540E-03 a       852     0    43     1    12
  2.3953735696956274E-02 a       853     0    43     1    13
 -3.3803766025570052E-02 a       854     0    43     1    14
 -4.3405936763626897E-02 a       855     0    43     1    15
  9.8408158337716697E-02 a       856     0    43     1    16
 -6.7903698394568099E-02 a       857     0    43     1    17
  4.8088285339861113E-02 a       858     0    43     1    18
 -7.0100219321852730E-02 a       859     0    43     1    19
 -7.1600519780477587E-02 a       860     0    43     1    20
 -1.8032031183755906E-01 a       861     0    44     1     1
 -4.3336141945888029E-02 a       862     0    44     1     2
 -1.2220109362098132E-01 a       863     0    44     1     3
  1.4066365349009416E-01 a       864     0    44     1     4
  1.3764222386679989E-01 a       865     0    44     1     5
  2.2114849154509408E-01 a       866     0    44     1     6
  5.2118799626055902E-02 a       867     0    44     1     7
  1.3905168914881796E-02 a       868     0    44     1     8
 -6.1266004509449683E-02 a       869     0    44     1     9
 -2.8238382599358858E-01 a       870     0    44     1    10
 -3.5167874837773727E-02 a       871     0    44     1    11
 -3.0800527128757305E-02 a       872     0    44     1    12
 -1.6318774079589365E-01 a       873     0    44     1    13
 -3.8252117717744449E-02 a       874     0    44     1    14
 -1.4368895659341460E-01 a       875     0    44     1    15
 -1.4051547004740106E-01 a       876     0    44     1    16
  2.0769467001884592E-01 a       877     0    44     1    17
  1.3913942277461672E-01 a       878     0    44     1    18
  4.5704333041758097E-02 a       879     0    44     1    19
  7.0730597637011325E-02 a       880     0    44     1    20
 -8.6538860790886671E-02 a       881     0    45     1     1
  9.3742710970641935E-03 a       882     0    45     1     2
  2.0394359492278025E-02 a       883     0    45     1     3
 -6.6711648712285436E-03 a       884     0    45     1     4
  5.0674421611217393E-03 a       885     0    45     1     5
  1.0936870208583511E-02 a       886     0    45     1     6
  2.6990686413346381E-02 a       887     0    45     1     7
 -1.0525271317578087E-01 a       888     0    45     1     8
 -8.8149407077773873E-03 a       889     0    45     1     9
 -1.0304769853447113E-01 a       890     0    45     1    10
 -5.9933480704280437E-02 a       891     0    45     1    11
 -1.1506419052962907E-02 a       892     0    45     1    12
 -6.6053602344901319E-02 a       893     0    45     1    13
 -1.3322864763221540E-02 a       894     0    45     1    14
 -2.8297369272178344E-03 a       895     0    45     1    15
  1.4114817884200609E-02 a       896     0    45     1    16
  2.7446220919946977E-02 a       897     0    45     1    17
 -1.1467055488088325E-01 a       898     0    45     1    18
  3.1257594386187401E-02 a       899     0    45     1    19
 -2.4687921745881417E-02 a       900     0    45     1    20
 -6.3329942231976655E-01 a       901     0    46     1     1
 -2.6627563289732481E-01 a       902     0    46     1     2
 -8.0726175067804953E-02 a       903     0    46     1     3
 -3.0113540068629152E-01 a       904     0    46     1     4
 -2.0916083109533448E-01 a       905     0    46     1     5
 -4.6818399923207993E-01 a       906     0    46     1     6
 -1.8900119967259604E-01 a       907     0    46     1     7
 -6.0757558269544598E-02 a       908     0    46     1     8
 -2.9042082600453811E-01 a       909     0    46     1     9
 -8.8212497463745465E-01 a       910     0    46     1    10
  9.0585106781932034E-01 a       911     0    46     1    11
 -3.7732033699100567E-02 a       912     0    46     1    12
 -1.7043454635459862E-01 a       913     0    46     1    13
  8.0052706112664657E-02 a       914     0    46     1    14
 -5.5927084667325322E-02 a       915     0    46     1    15
 -3.6076917931369967E-01 a       916     0    46     1    16
 -1.4765974802968727E-02 a       917     0    46     1    17
  4.2847872094249273E-01 a       918     0    46     1    18
  8.4419454614121883E-02 a       919     0    46     1    19
 -2.4327440784753046E-02 a       920     0    46     1    20
 -4.8366238114193977E-01 a       921     0    47     1     1
  2.4172110924934773E-01 a       922     0    47     1     2
 -4.5920985313809332E-01 a       923     0    47     1     3
  8.0824119279165968E-02 a       924     0    47     1     4
  2.0034786754095446E-01 a       925     0    47     1     5
  1.6765341024329594E-01 a       926     0    47     1     6
  1.1678363239777539E-01 a       927     0    47     1     7
 -1.7192937207474144E-02 a       928     0    47     1     8
  2.6238603662165884E-02 a       929     0    47     1     9
 -2.0506706214474499E-01 a       930     0    47     1    10
  3.6652829663196046E-01 a       931     0    47     1    11
 -1.0360672015538165E-01 a       932     0    47     1    12
 -2.5812619039900370E-01 a       933     0    47     1    13
 -4.7610927581185750E-02 a       934     0    47     1    14
  1.1137352563264558E-02 a       935     0    47     1    15
 -1.4321728087316212E-02 a       936     0    47     1    16
 -1.0262259415534689E-01 a       937     0    47     1    17
 -1.2537871701691003E-01 a       938     0    47     1    18
  2.3737818873768279E-01 a       939     0    47     1    19
  6.3911761358875524E-02 a       940     0    47     1    20
 -2.6195672194384511E-03 a       941     0    48     1     1
  5.4413848534315301E-02 a       942     0    48     1     2
  5.1958200587047445E-03 a       943     0    48     1     3
  6.7895901965428704E-02 a       944     0    48     1     4
  2.3579344265928188E-02 a       945     0    48     1     5
 -6.8557474571349017E-02 a       946     0    48     1     6
 -1.4370890168071132E-02 a       947     0    48     1     7
  9.7971833011272311E-02 a       948     0    48     1     8
 -3.8388993515874985E-02 a       949     0    48     1     9
 -3.7720054881189617E-02 a       950     0    48     1    10
  2.2344627941053261E-01 a       951     0    48     1    11
  3.6150845230858798E-02 a       952     0    48     1    12
  8.3785008863880225E-02 a       953     0    48     1    13
 -2.8372185284877199E-02 a       954     0    48     1    14
 -2.0455505449009231E-02 a       955     0    48     1    15
 -7.6161988405231043E-02 a       956     0    48     1    16
  5.1085287868777612E-02 a       957     0    48     1    17
  3.4235111586558779E-02 a       958     0    48     1    18
  1.7246632714549895E-01 a       959     0    48     1    19
  1.7135696312587803E-01 a       960     0    48     1    20
  8.9985369065082019E-02 a       961     0    49     1     1
 -1.7472366234948053E-01 a       962     0    49     1     2
 -3.0035444559320217E-02 a       963     0    49     1     3
 -6.0938279861652150E-02 a       964     0    49     1     4
 -1.3962884271757441E-03 a       965     0    49     1     5
  1.4477815550664361E-01 a       966     0    49     1     6
 -1.1281502303770419E-01 a       967     0    49     1     7
  1.0919235905301813E-01 a       968     0    49     1     8
  4.5657353850460658E-03 a       969     0    49     1     9
  3.9323598449906884E-02 a       970     0    49     1    10
 -2.9176944740198010E-02 a       971     0    49     1    11
  9.4104117605473311E-02 a       972     0    49     1    12
 -6.9705966591200055E-02 a       973     0    49     1    13
  1.0751372100555918E-01 a       974     0    49     1    14
  3.9514779560240319E-02 a       975     0    49     1    15
  1.1491023327789815E-01 a       976     0    49     1    16
 -9.3014221598630584E-02 a       977     0    49     1    17
 -4.3104196025316684E-02 a       978     0    49     1    18
  8.8050534217694154E-02 a       979     0    49     1    19
  1.8727278468804544E-02 a       980     0    49     1    20
 -1.8892820063071195E-02 a       981     0    50     1     1
 -2.9338060376363040E-01 a       982     0    50     1     2
  3.7001019679696455E-02 a       983     0    50     1     3
 -1.1632618661103014E-01 a       984     0    50     1     4
 -2.3214144882465607E-02 a       985     0    50     1     5
  1.4763024196516079E-02 a       986     0    50     1     6
  2.6526092809148201E-02 a       987     0    50     1     7
 -9.4723428366019820E-03 a       988     0    50     1     8
 -2.5512457395118628E-02 a       989     0    50     1     9
  7.0640238036939140E-02 a       990     0    50     1    10
 -8.8481405935479457E-02 a       991     0    50     1    11
 -3.7688109438819228E-02 a       992     0    50     1    12
  1.0866338908970830E-01 a       993     0    50     1    13
 -3.2831985690536671E-02 a       994     0    50     1    14
 -8.9774020929719978E-02 a       995     0    50     1    15
  8.4878823559946776E-02 a       996     0    50     1    16
  3.2054622858827958E-02 a       997     0    50     1    17
 -7.6585213734902064E-03 a       998     0    50     1    18
 -4.9635197706716129E-02 a       999     0    50     1    19
 -2.9172688068310391E-02 a      1000     0    50     1    20
  7.2954060879415639E-02 a      1001     0    51     1     1
  1.7042780451007597E-01 a      1002     0    51     1     2
 -1.5009405170250678E-01 a      1003     0    51     1     3
 -2.3775181568873877E-01 a      1004     0    51     1     4
  2.0252435988559786E-01 a      1005     0    51     1     5
  3.4068197199387169E-04 a      1006     0    51     1     6
 -4.8078709205588432E-02 a      1007     0    51     1     7
  1.1029560709930974E-01 a      1008     0    51     1     8
 -1.0258012022266107E-01 a      1009     0    51     1     9
 -2.0534697752217994E-02 a      1010     0    51     1    10
  2.6719422141476441E-02 a      1011     0    51     1    11
  5.9651536210052723E-02 a      1012     0    51     1    12
  8.2475467291033291E-02 a      1013     0    51     1    13
 -8.9683340142828208E-02 a      1014     0    51     1    14
 -5.7135558203595262E-02 a      1015     0    51     1    15
  1.1880738918079116E-01 a      1016     0    51     1    16
 -1.6774994277364655E-01 a      1017     0    51     1    17
 -1.0275825429446354E-01 a      1018     0    51     1    18
  7.1165248364794015E-02 a      1019     0    51     1    19
  2.4865844667776477E-01 a      1020     0    51     1    20
 -7.3211352659131546E-01 a      1021     0    52     1     1
 -2.8900262414524758E-01 a      1022     0    52     1     2
 -6.1350138175541724E-01 a      1023     0    52     1     3
  3.9586865570448976E-01 a      1024     0    52     1     4
  5.5911688403388060E-01 a      1025     0    52     1     5
 -2.4675697636330596E-01 a      1026     0    52     1     6
  3.7238616852987905E-01 a      1027     0    52     1     7
  2.1242695211971177E-01 a      1028     0    52     1     8
  2.8074484686622565E-02 a      1029     0    52     1     9
  4.2587471848369135E-01 a      1030     0    52     1    10
 -2.8669727185535773E-02 a      1031     0    52     1    11
  5.6735315029115642E-02 a      1032     0    52     1    12
 -2.2772292011910078E-01 a      1033     0    52     1    13
 -8.5368222034343147E-02 a      1034     0    52     1    14
 -3.4051790309299079E-01 a      1035     0    52     1    15
  3.6663354322367570E-01 a      1036     0    52     1    16
  7.5785628895424351E-01 a      1037     0    52     1    17
 -1.3724835187095188E-01 a      1038     0    52     1    18
  6.0603603291053931E-01 a      1039     0    52     1    19
  1.2224989052459266E-01 a      1040     0    52     1    20
  1.3730774134564561E-01 a      1041     0    53     1     1
 -6.6563570343472031E-02 a      1042     0    53     1     2
  1.3802930360269330E-01 a      1043     0    53     1     3
 -1.4313427707497722E-02 a      1044     0    53     1     4
 -6.0031531261224645E-02 a      1045     0    53     1     5
  3.0290018065478402E-02 a      1046     0    53     1     6
 -6.3484992078680025E-02 a      1047     0    53     1     7
  7.0464261206595685E-02 a      1048     0    53     1     8
 -4.5664897483405971E-02 a      1049     0    53     1     9
  1.3224997087160509E-01 a      1050     0    53     1    10
 -5.4879676222946573E-02 a      1051     0    53     1    11
  3.2918291502904158E-02 a      1052     0    53     1    12
  5.3061581004915023E-02 a      1053     0    53     1    13
  4.5092794363801786E-02 a      1054     0    53     1    14
  5.7718071517388003E-02 a      1055     0    53     1    15
 -5.8416284447692798E-02 a      1056     0    53     1    16
 -6.3124347998807076E-02 a      1057     0    53     1    17
 -1.1082892534368884E-03 a      1058     0    53     1    18
 -4.4675124459940298E-02 a      1059     0    53     1    19
  2.3396290735303676E-02 a      1060     0    53     1    20
 -4.3662191501448296E-02 a      1061     0    54     1     1
 -5.1659731139671893E-02 a      1062     0    54     1     2
  9.0337873996127097E-02 a      1063     0    54     1     3
 -2.3775496329059770E-01 a      1064     0    54     1     4
 -2.1953561104794884E-02 a      1065     0    54     1     5
 -4.6046174887890652E-02 a      1066     0    54     1     6
 -1.0834310367328619E-01 a      1067     0    54     1     7
  3.1163433821051970E-02 a      1068     0    54     1     8
 -1.7162398369486448E-01 a      1069     0    54     1     9
  1.9605015795813843E-01 a      1070     0    54     1    10
 -1.2281711125022506E-01 a      1071     0    54     1    11
 -2.1635578413145774E-02 a      1072     0    54     1    12
  3.0217743661980261E-02 a      1073     0    54     1    13
  1.5214883881384131E-01 a      1074     0    54     1    14
  8.8685693725044340E-02 a      1075     0    54     1    15
 -2.5660221818951324E-02 a      1076     0    54     1    16
  6.5456590056108099E-02 a      1077     0    54     1    17
 -9.6874507757236675E-02 a      1078     0    54     1    18
  1.8418763519908907E-01 a      1079     0    54     1    19
 -7.4848678329667235E-03 a      1080     0    54     1    20
 -1.3247999443000307E+00 b      1081     1     1
 -1.0199836539019806E+00 b      1082     1     2
 -8.0824239523470331E-01 b      1083     1     3
  2.6832028889415233E-01 b      1084     1     4
  3.5981316997982860E-01 b      1085     1     5
 -9.3203210775637246E-01 b      1086     1     6
  1.3174673407639712E+00 b      1087     1     7
 -4.4147288515339445E-01 b      1088     1     8
 -9.5232695178880589E-01 b      1089     1     9
 -1.2533492093384266E+00 b      1090     1    10
  7.6369497456012647E-01 b      1091     1    11
 -6.3715353664773478E-01 b      1092     1    12
  1.0549276314590077E+00 b      1093     1    13
 -7.9612695714601744E-01 b      1094     1    14
 -2.4759325218031364E-01 b      1095     1    15
  2.5763899978306504E-01 b      1096     1    16
 -3.1029360217395058E-01 b      1097     1    17
 -9.7964819265814540E-01 b      1098     1    18
  8.5632262167766915E-01 b      1099     1    19
 -3.1172045128475923E-01 b      1100     1    20
 -2.5492570200709195E-02 a      1101     1     1     2     1
  6.7156385124655504E-01 a      1102     1     1     2     2
 -2.7151648364202158E-01 a      1103     1     1     2     3
  5.3396877407036814E-01 a      1104     1     1     2     4
 -5.0219404603038809E-01 a      1105     1     1     2     5
 -2.1800834877212452E-01 a      1106     1     1     2     6
  5.9529320577393396E-01 a      1107     1     1     2     7
  6.0308170118657789E-01 a      1108     1     1     2     8
 -3.7478218089324966E-01 a      1109     1     1     2     9
  3.5323322737983670E-01 a      1110     1     1     2    10
  1.2684935917586800E-02 a      1111     1     1     2    11
 -4.8957445812165247E-02 a      1112     1     1     2    12
  1.1475108580694433E-01 a      1113     1     1     2    13
  7.4800914753269698E-01 a      1114     1     1     2    14
 -1.0437690087870184E-01 a      1115     1     1     2    15
  1.1067552046169614E-01 a      1116     1     1     2    16
  1.3052861559185924E-01 a      1117     1     1     2    17
 -6.9414220155702866E-01 a      1118     1     1     2    18
  8.9401279077111750E-01 a      1119     1     1     2    19
 -4.1980840073443060E-01 a      1120     1     1     2    20
  6.2525292662250737E-02 a      1121     1     2     2     1
  4.3650737382988802E-01 a      1122     1     2     2     2
  8.6602134428564947E-01 a      1123     1     2     2     3
  5.3341574931967495E-01 a      1124     1     2     2     4
 -3.8085070507416774E-01 a      1125     1     2     2     5
  6.3042006060842948E-01 a      1126     1     2     2     6
 -6.0397173735265686E-01 a      1127     1     2     2     7
  5.1038363755841010E-01 a      1128     1     2     2     8
  3.9114694813748424E-01 a      1129     1     2     2     9
  2.4590121563871298E-01 a      1130     1     2     2    10
  2.1605289479432990E-01 a      1131     1     2     2    11
 -6.4164663027744218E-01 a      1132     1     2     2    12
 -4.9446160757363918E-02 a      1133     1     2     2    13
 -1.0590670926765823E-01 a      1134     1     2     2    14
  6.1226949112471318E-01 a      1135     1     2     2    15
 -9.9605977316242107E-03 a      1136     1     2     2    16
  9.4693290199831623E-02 a      1137     1     2     2    17
 -1.1550622058783945E-01 a      1138     1     2     2    18
 -1.6065564268669208E-01 a      1139     1     2     2    19
  8.6632261306594960E-02 a      1140     1     2     2    20
  7.1369829229498205E-01 a      1141     1     3     2     1
  2.9605362738368990E-01 a      1142     1     3     2     2
  1.8456401204101522E-01 a      1143     1     3     2     3
  4.8465783074593555E-01 a      1144     1     3     2     4
 -1.7396216210645155E-01 a      1145     1     3     2     5
 -2.9064867088735163E-01 a      1146     1     3     2     6
 -5.3383610258266512E-01 a      1147     1     3     2     7
 -4.7768621088354118E-01 a      1148     1     3     2     8
 -6.3260100129781405E-01 a      1149     1     3     2     9
  6.7248551337294726E-01 a      1150     1     3     2    10
 -7.4183649096462495E-02 a      1151     1     3     2    11
 -8.4446215691146659E-02 a      1152     1     3     2    12
  6.5591818384509948E-02 a      1153     1     3     2    13
  2.9862530394261932E-01 a      1154     1     3     2    14
  4.2708070801281001E-01 a      1155     1     3     2    15
  2.7362148015324942E-02 a      1156     1     3     2    16
  1.3076441094401861E-01 a      1157     1     3     2    17
 -2.2689965818235441E-01 a      1158     1     3     2    18
 -6.1443700805179136E-02 a      1159     1     3     2    19
  2.1776131434746723E-01 a      1160     1     3     2    20
  1.7769411337482854E-01 a      1161     1     4     2     1
 -2.5328119294417289E-01 a      1162     1     4     2     2
 -2.8272167459048170E-01 a      1163     1     4     2     3
 -9.4964745769919562E-02 a      1164     1     4     2     4
  4.8885307080065749E-01 a      1165     1     4     2     5
  2.4374311673644403E-01 a      1166     1     4     2     6
 -3.7442797718528548E-01 a      1167     1     4     2     7
  5.7668106530045893E-01 a      1168     1     4     2     8
 -6.5937342537102359E-02 a      1169     1     4     2     9
 -3.0744190094166352E-01 a      1170     1     4     2    10
 -1.8568577025283012E-01 a      1171     1     4     2    11
  3.7622369745652189E-02 a      1172     1     4     2    12
  4.1910720157001446E-01 a      1173     1     4     2    13
 -1.2437658742602831E-01 a      1174     1     4     2    14
  6.4729908285481197E-02 a      1175     1     4     2    15
  1.9837651956304231E-01 a      1176     1     4     2    16
  8.9250558653776541E-02 a      1177     1     4     2    17
  3.1672620779974324E-03 a      1178     1     4     2    18
 -4.6758477277419436E-01 a      1179     1     4     2    19
  2.6225499779244776E-01 a      1180     1     4     2    20
  5.2776295601956513E-01 a      1181     1     5     2     1
  1.9263799385571828E-01 a      1182     1     5     2     2
  5.3388734916044644E-01 a      1183     1     5     2     3
 -2.7648079863215358E-01 a      1184     1     5     2     4
 -3.1457167058280611E-02 a      1185     1     5     2     5
 -6.0190968134339418E-01 a      1186     1     5     2     6
  1.4445650006760608E-01 a      1187     1     5     2     7
 -3.2673875179982753E-01 a      1188     1     5     2     8
 -2.9906668527499819E-01 a      1189     1     5     2     9
 -7.8991061483616432E-01 a      1190     1     5     2    10
  3.6957788637143757E-01 a      1191     1     5     2    11
  2.7025444063158011E-01 a      1192     1     5     2    12
  5.1051059125746534E-01 a      1193     1     5     2    13
 -5.3138008089834510E-01 a      1194     1     5     2    14
  1.8218963233924329E-01 a      1195     1     5     2    15
  3.8683464278285634E-01 a      1196     1     5     2    16
 -2.5121911138901193E-01 a      1197     1     5     2    17
  3.4949396941695543E-01 a      1198     1     5     2    18
  5.3116769388118157E-01 a      1199     1     5     2    19
 -5.2799108240436698E-01 a      1200     1     5     2    20
  8.0989529947601469E-01 a      1201     1     6     2     1
  3.3138362231530921E-01 a      1202     1     6     2     2
 -1.7626645318191572E-01 a      1203     1     6     2     3
  6.4910139690202207E-02 a      1204     1     6     2     4
 -4.1206119437555500E-01 a      1205     1     6     2     5
  4.9543227014314783E-01 a      1206     1     6     2     6
 -2.9474854257724936E-01 a      1207     1     6     2     7
  1.2405532505149208E-01 a      1208     1     6     2     8
  5.9472734074396238E-01 a      1209     1     6     2     9
  2.9026601593684959E-01 a      1210     1     6     2    10
 -7.7706491551985746E-01 a      1211     1     6     2    11
 -2.2451747219668747E-01 a      1212     1     6     2    12
 -3.6603172832530484E-01 a      1213     1     6     2    13
  3.8298385303888438E-01 a      1214     1     6     2    14
 -3.2222339077769341E-01 a      1215     1     6     2    15
  5.4017960153075351E-01 a      1216     1     6     2    16
 -3.1189542601278258E-01 a      1217     1     6     2    17
  2.8187310967651380E-01 a      1218     1     6     2    18
  8.9687964183865956E-03 a      1219     1     6     2    19
  7.1388554980066465E-01 a      1220     1     6     2    20
  3.1686335098729290E-01 a      1221     1     7     2     1
  7.7844406332397220E-01 a      1222     1     7     2     2
  6.1193423327379803E-01 a      1223     1     7     2     3
  4.3053566514552644E-01 a      1224     1     7     2     4
  1.2729161741409428E-01 a      1225     1     7     2     5
 -6.4621222380335255E-02 a      1226     1     7     2     6
  4.5449370064482575E-01 a      1227     1     7     2     7
 -9.0179868585137032E-02 a      1228     1     7     2     8
  3.2206121240200941E-01 a      1229     1     7     2     9
 -3.3005150527269506E-01 a      1230     1     7     2    10
 -4.2870103147280947E-01 a      1231     1     7     2    11
  2.3241691816390833E-01 a      1232     1     7     2    12
  2.2427165248160333E-01 a      1233     1     7     2    13
  5.7175248559548109E-01 a      1234     1     7     2    14
  4.9993304185613124E-01 a      1235     1     7     2    15
  3.9230439865118294E-01 a      1236     1     7     2    16
 -4.4652314959829548E-01 a      1237     1     7     2    17
  6.3681421268686672E-02 a      1238     1     7     2    18
 -4.7786452305269600E-01 a      1239     1     7     2    19
 -9.0401084110084418E-01 a      1240     1     7     2    20
  2.8079675610358856E-01 a      1241     1     8     2     1
  1.1166631168102067E-01 a      1242     1     8     2     2
  3.2822638420357042E-01 a      1243     1     8     2     3
 -4.7784684289221546E-01 a      1244     1     8     2     4
  7.1888589446215589E-01 a      1245     1     8     2     5
  4.6910738262100554E-01 a      1246     1     8     2     6
 -4.4529046786429638E-01 a      1247     1     8     2     7
  1.0009641873813493E+00 a      1248     1     8     2     8
 -3.0970059695002061E-01 a      1249     1     8     2     9
  4.6385467405143993E-01 a      1250     1     8     2    10
 -6.9336114317981090E-01 a      1251     1     8     2    11
  2.7774902798030721E-01 a      1252     1     8     2    12
  2.5445931249443116E-01 a      1253     1     8     2    13
 -3.0616238903414528E-01 a      1254     1     8     2    14
  1.1405482518337454E-02 a      1255     1     8     2    15
 -3.9946920436520278E-01 a      1256     1     8     2    16
  6.3902101372799752E-02 a      1257     1     8     2    17
 -3.5688973200335788E-01 a      1258     1     8     2    18
 -3.9765519299499696E-01 a      1259     1     8     2    19
 -9.0412717424145680E-02 a      1260     1     8     2    20
  1.1668690575114263E-01 a      1261     1     9     2     1
 -1.4774354722973487E-01 a      1262     1     9     2     2
  5.7388677821219369E-01 a      1263     1     9     2     3
 -3.2555487720914217E-01 a      1264     1     9     2     4
 -9.3047858716485632E-02 a      1265     1     9     2     5
  4.7535428806076746E-01 a      1266     1     9     2     6
 -1.0201879149857128E-01 a      1267     1     9     2     7
  3.7556700047906583E-01 a      1268     1     9     2     8
 -3.3156017435894147E-01 a      1269     1     9     2     9
 -4.6704872722621874E-02 a      1270     1     9     2    10
 -2.9106992472202420E-01 a      1271     1     9     2    11
 -2.9953801707796751E-01 a      1272     1     9     2    12
  6.5223003883529351E-01 a      1273     1     9     2    13
 -2.7982840311520846E-01 a      1274     1     9     2    14
 -2.7519941333426012E-01 a      1275     1     9     2    15
 -6.0829252389095034E-01 a      1276     1     9     2    16
  4.3220487714471151E-01 a      1277     1     9     2    17
 -7.1438719081859980E-01 a      1278     1     9     2    18
 -2.9764733519239261E-01 a      1279     1     9     2    19
 -5.7661297344119411E-01 a      1280     1     9     2    20
  7.6260791145701312E-01 a      1281     1    10     2     1
  1.4505769031069446E-01 a      1282     1    10     2     2
 -4.7476600372264122E-01 a      1283     1    10     2     3
  6.7144536776766695E-01 a      1284     1    10     2     4
 -3.3624138031888956E-01 a      1285     1    10     2     5
 -5.9536584973531159E-01 a      1286     1    10     2     6
 -7.4040588088642986E-02 a      1287     1    10     2     7
 -2.3793665584332262E-02 a      1288     1    10     2     8
 -2.1911344103370820E-01 a      1289     1    10     2     9
 -3.8843367230088632E-02 a      1290     1    10     2    10
 -1.0257755179564158E-01 a      1291     1    10     2    11
 -3.8769100208893320E-02 a      1292     1    10     2    12
  6.0494668633924731E-01 a      1293     1    10     2    13
  3.6031969102850475E-01 a      1294     1    10     2    14
  4.2571087424275295E-01 a      1295     1    10     2    15
  1.0308167468527965E+00 a      1296     1    10     2    16
 -2.3986796758346884E-01 a      1297     1    10     2    17
  1.7965442742612139E-01 a      1298     1    10     2    18
 -4.3222863089986664E-02 a      1299     1    10     2    19
 -2.4244986289293100E-01 a      1300     1    10     2    20
  4.4561805729174803E-01 a      1301     1    11     2     1
 -2.3441958012325412E-01 a      1302     1    11     2     2
  4.1371625605030615E-01 a      1303     1    11     2     3
  2.3006303798214436E-01 a      1304     1    11     2     4
  3.7020211792128505E-01 a      1305     1    11     2     5
 -1.2275935329356838E-01 a      1306     1    11     2     6
 -4.8390715062574655E-02 a      1307     1    11     2     7
 -1.1410437660692832E-01 a      1308     1    11     2     8
 -1.2511127094574007E-01 a      1309     1    11     2     9
 -1.3305516182182761E-01 a      1310     1    11     2    10
 -4.9191491197235598E-01 a      1311     1    11     2    11
  5.0456818415174709E-01 a      1312     1    11     2    12
 -1.6692435505580047E-01 a      1313     1    11     2    13
 -1.0483622017796083E-01 a      1314     1    11     2    14
 -6.1054154155529206E-01 a      1315     1    11     2    15
  3.7424870971956525E-01 a      1316     1    11     2    16
  2.0148852158384031E-01 a      1317     1    11     2    17
 -8.2241409579799543E-02 a      1318     1    11     2    18
  5.0578830200182889E-01 a      1319     1    11     2    19
  1.4313924809775769E-02 a      1320     1    11     2    20
  9.5670300736788352E-02 a      1321     1    12     2     1
 -1.2176107886508168E-01 a      1322     1    12     2     2
  4.2809696378452367E-01 a      1323     1    12     2     3
  9.0664371409838962E-01 a      1324     1    12     2     4
 -1.2514007372110225E-01 a      1325     1    12     2     5
 -7.8922079161578715E-02 a      1326     1    12     2     6
  9.7482090176501709E-02 a      1327     1    12     2     7
  4.4314557556376630E-02 a      1328     1    12     2     8
  7.5682889106037332E-01 a      1329     1    12     2     9
 -2.4990497184271032E-01 a      1330     1    12     2    10
 -4.5271666688801143E-01 a      1331     1    12     2    11
  7.0449611035597560E-03 a      1332     1    12     2    12
  3.4092096960756924E-01 a      1333     1    12     2    13
  1.1748699855585271E-01 a      1334     1    12     2    14
  6.5002480323292422E-01 a      1335     1    12     2    15
 -1.3134974771394842E-01 a      1336     1    12     2    16
  2.9149464603384062E-01 a      1337     1    12     2    17
  8.9857988399625233E-01 a      1338     1    12     2    18
  1.5010529702961681E-01 a      1339     1    12     2    19
  8.5077246294157138E-02 a      1340     1    12     2    20
  2.9382493286297201E-01 a      1341     1    13     2     1
  4.9057479587109476E-01 a      1342     1    13     2     2
 -4.7269225526552211E-01 a      1343     1    13     2     3
 -9.5708106000090620E-01 a      1344     1    13     2     4
  3.7962904470123487E-01 a      1345     1    13     2     5
 -1.9033497299363622E-01 a      1346     1    13     2     6
  3.2087849838532528E-01 a      1347     1    13     2     7
 -7.7326641455839307E-01 a      1348     1    13     2     8
 -1.2281827347666634E-01 a      1349     1    13     2     9
  4.5389187060750250E-02 a      1350     1    13     2    10
  6.7895162109706100E-02 a      1351     1    13     2    11
  2.7574198331111421E-01 a      1352     1    13     2    12
 -4.9166234880956527E-01 a      1353     1    13     2    13
  4.3517028385370249E-01 a      1354     1    13     2    14
 -5.9140320747764985E-01 a      1355     1    13     2    15
 -2.0537655359404014E-01 a      1356     1    13     2    16
 -4.9836217551328682E-01 a      1357     1    13     2    17
 -5.0471080471017449E-01 a      1358     1    13     2    18
  3.5711818689281433E-01 a      1359     1    13     2    19
  1.0022448719492681E-01 a      1360     1    13     2    20
  1.0135749702124457E+00 a      1361     1    14     2     1
 -5.6834273188081785E-01 a      1362     1    14     2     2
 -3.4112002441218320E-01 a      1363     1    14     2     3
  4.4236538518962049E-01 a      1364     1    14     2     4
 -2.5680252280930543E-01 a      1365     1    14     2     5
  1.2935600940465825E-01 a      1366     1    14     2     6
  3.5472354185803412E-01 a      1367     1    14     2     7
 -4.8904299540007534E-01 a      1368     1    14     2     8
 -3.6260964927562023E-01 a      1369     1    14     2     9
 -7.3123554329161469E-02 a      1370     1    14     2    10
  4.9593267115412887E-01 a      1371     1    14     2    11
  2.5913844950510301E-01 a      1372     1    14     2    12
 -3.6799089268810903E-01 a      1373     1    14     2    13
  8.6080731253167148E-02 a      1374     1    14     2    14
  5.2373485988435975E-01 a      1375     1    14     2    15
  4.7675809684276022E-01 a      1376     1    14     2    16
 -3.7930162268726635E-02 a      1377     1    14     2    17
  1.4748127551704410E-01 a      1378     1    14     2    18
  2.0468500752734611E-01 a      1379     1    14     2    19
 -2.5739344749319620E-01 a      1380     1    14     2    20
  9.5083275217379831E-02 a      1381     1    15     2     1
  1.1273671423550999E-01 a      1382     1    15     2     2
 -7.3177888112287337E-01 a      1383     1    15     2     3
 -9.3849560291575007E-01 a      1384     1    15     2     4
 -3.8775407184623417E-01 a      1385     1    15     2     5
  4.5835468741627505E-01 a      1386     1    15     2     6
  4.6835236599928814E-01 a      1387     1    15     2     7
 -3.4950727956935529E-01 a      1388     1    15     2     8
  2.0235905484284727E-01 a      1389     1    15     2     9
 -2.6075149435843292E-01 a      1390     1    15     2    10
 -3.2243108394965844E-02 a      1391     1    15     2    11
 -2.8608215134887627E-01 a      1392     1    15     2    12
 -2.9240550049551106E-01 a      1393     1    15     2    13
 -2.6653649587050182E-01 a      1394     1    15     2    14
 -2.0571423913281589E-01 a      1395     1    15     2    15
 -4.8319836003199529E-01 a      1396     1    15     2    16
 -7.2927509595392481E-01 a      1397     1    15     2    17
  8.7794753802346448E-01 a      1398     1    15     2    18
 -5.1751823202815761E-01 a      1399     1    15     2    19
  1.9608682832735339E-01 a      1400     1    15     2    20
 -4.0168334263882505E-01 a      1401     1    16     2     1
 -6.5072107269358170E-01 a      1402     1    16     2     2
  2.7610845277920106E-02 a      1403     1    16     2     3
  4.7565609625672983E-01 a      1404     1    16     2     4
 -2.3052307356455054E-01 a      1405     1    16     2     5
 -1.8282396222937137E-02 a      1406     1    16     2     6
 -5.2414765368657343E-03 a      1407     1    16     2     7
  2.9535216668549080E-01 a      1408     1    16     2     8
 -4.3538307739040533E-01 a      1409     1    16     2     9
  7.4744535903485165E-01 a      1410     1    16     2    10
  1.2619471917123087E-01 a      1411     1    16     2    11
  7.2059793300811215E-01 a      1412     1    16     2    12
  7.0349455471307012E-02 a      1413     1    16     2    13
 -7.3020981892022818E-01 a      1414     1    16     2    14
 -1.0063448503262956E-01 a      1415     1    16     2    15
 -6.6825960792054584E-01 a      1416     1    16     2    16
  2.1694444191652262E-01 a      1417     1    16     2    17
 -4.5738576843534529E-01 a      1418     1    16     2    18
 -7.5622086052337278E-01 a      1419     1    16     2    19
  1.0393802294375863E-02 a      1420     1    16     2    20
 -4.7290398988829535E-01 a      1421     1    17     2     1
 -3.7347752354916830E-01 a      1422     1    17     2     2
  8.4876782180037996E-02 a      1423     1    17     2     3
 -1.5111939368417360E-03 a      1424     1    17     2     4
 -5.9278199709504420E-01 a      1425     1    17     2     5
 -4.0253275687736352E-02 a      1426     1    17     2     6
  7.9795068212609455E-02 a      1427     1    17     2     7
 -7.7248561023129625E-01 a      1428     1    17     2     8
  1.9027535716753435E-01 a      1429     1    17     2     9
  6.4708519864175629E-01 a      1430     1    17     2    10
  7.4110256268071562E-01 a      1431     1    17     2    11
  5.4989845239949275E-01 a      1432     1    17     2    12
 -5.1309107130443572E-02 a      1433     1    17     2    13
 -5.5119649518456071E-01 a      1434     1    17     2    14
  1.4768971348215731E-01 a      1435     1    17     2    15
  4.3153688408135493E-01 a      1436     1    17     2    16
 -1.3376794616083804E-01 a      1437     1    17     2    17
  9.8759188216147475E-01 a      1438     1    17     2    18
 -8.9648727741377027E-02 a      1439     1    17     2    19
  1.0457044286033626E-01 a      1440     1    17     2    20
 -6.5667285602631964E-01 a      1441     1    18     2     1
 -1.1196470210199171E-01 a      1442     1    18     2     2
 -3.3726108828045681E-01 a      1443     1    18     2     3
 -7.1859189933226642E-01 a      1444     1    18     2     4
 -4.5965958238057540E-02 a      1445     1    18     2     5
 -3.4577382346680356E-03 a      1446     1    18     2     6
  1.2759865384324182E-01 a      1447     1    18     2     7
  6.3249020052423766E-01 a      1448     1    18     2     8
 -6.5702589824577717E-01 a      1449     1    18     2     9
 -4.5317666953514357E-01 a      1450     1    18     2    10
  3.7705019460896688E-01 a      1451     1    18     2    11
 -5.0647542475412888E-01 a      1452     1    18     2    12
  2.7493814159278607E-01 a      1453     1    18     2    13
 -4.5936986450761091E-01 a      1454     1    18     2    14
 -1.4516959046971678E-01 a      1455     1    18     2    15
 -3.4088203905860359E-01 a      1456     1    18     2    16
 -2.9842602156144310E-01 a      1457     1    18     2    17
 -3.8841957912389702E-01 a      1458     1    18     2    18
 -6.0610769685093713E-01 a      1459     1    18     2    19
 -3.8294172363063322E-01 a      1460     1    18     2    20
 -4.7322638786549748E-01 a      1461     1    19     2     1
  6.5555926634402339E-01 a      1462     1    19     2     2
  5.4282897303190969E-01 a      1463     1    19     2     3
 -8.5124795093416930E-02 a      1464     1    19     2     4
 -4.9757799637145422E-01 a      1465     1    19     2     5
 -5.2599112139634019E-01 a      1466     1    19     2     6
 -5.4566164262681816E-01 a      1467     1    19     2     7
  4.8362387219333952E-01 a      1468     1    19     2     8
  5.0344959234179219E-02 a      1469     1    19     2     9
 -9.6796146635839797E-01 a      1470     1    19     2    10
  4.4439102875270908E-01 a      1471     1    19     2    11
 -4.2351919167562724E-01 a      1472     1    19     2    12
 -8.5123031672411031E-02 a      1473     1    19     2    13
  2.4347394641124240E-01 a      1474     1    19     2    14
 -1.4625700988184603E-01 a      1475     1    19     2    15
  7.6447018161146374E-01 a      1476     1    19     2    16
  3.0621374673085922E-01 a      1477     1    19     2    17
 -7.7448009943181920E-02 a      1478     1    19     2    18
 -2.6226263169500658E-01 a      1479     1    19     2    19
  2.2439252074449650E-01 a      1480     1    19     2    20
 -2.1532249967051432E-02 a      1481     1    20     2     1
 -5.4192051022161625E-01 a      1482     1    20     2     2
 -7.8568980309876302E-01 a      1483     1    20     2     3
  1.0726502370022600E-01 a      1484     1    20     2     4
 -1.3389908187168087E-01 a      1485     1    20     2     5
  2.7800237942151285E-01 a      1486     1    20     2     6
 -1.0953098882279405E-01 a      1487     1    20     2     7
 -6.6459618125235778E-02 a      1488     1    20     2     8
 -3.8384534810973098E-01 a      1489     1    20     2     9
  4.7118818921895700E-01 a      1490     1    20     2    10
  1.3149051481459076E-01 a      1491     1    20     2    11
  3.2517515916467551E-02 a      1492     1    20     2    12
 -2.3221905439148280E-01 a      1493     1    20     2    13
  8.4319374971618937E-03 a      1494     1    20     2    14
  1.3798856577147228E-02 a      1495     1    20     2    15
 -6.7430081499601224E-01 a      1496     1    20     2    16
 -2.4876456331530708E-01 a      1497     1    20     2    17
 -3.9015973333546050E-01 a      1498     1    20     2    18
 -4.0446879575967087E-01 a      1499     1    20     2    19
 -3.4695933956564257E-01 a      1500     1    20     2    20
  2.3893793894566264E+00 b      1501     2     1
 -2.4568701064067661E-01 b      1502     2     2
 -9.8619251989960022E-01 b      1503     2     3
 -6.5011308153030822E-01 b      1504     2     4
  1.4746847792220672E+00 b      1505     2     5
 -1.4777836989556918E+00 b      1506     2     6
 -3.7278317551160733E-01 b      1507     2     7
  1.3084544011235606E+00 b      1508     2     8
  1.0168153751068287E-01 b      1509     2     9
 -2.9914871398398729E-01 b      1510     2    10
 -3.1784748874160007E-01 b      1511     2    11
 -6.5713701032149491E-02 b      1512     2    12
  1.5759378849386345E+00 b      1513     2    13
  1.5585205210325573E-01 b      1514     2    14
 -1.4911250425117717E+00 b      1515     2    15
  5.5596665880663099E-01 b      1516     2    16
  3.5899132848459386E-01 b      1517     2    17
  1.8694356816197562E+00 b      1518     2    18
 -1.2558819591678425E+00 b      1519     2    19
  9.4864094672869226E-01 b      1520     2    20
 -2.8398515184168038E-01 a      1521     2     1     3     1
  9.6011787201591225E-01 a      1522     2     2     3     1
 -1.1222147956562210E+00 a      1523     2     3     3     1
  8.8689180572343906E-01 a      1524     2     4     3     1
 -9.1895784374000389E-01 a      1525     2     5     3     1
 -2.1198366108467195E-01 a      1526     2     6     3     1
 -3.5729305613273027E-01 a      1527     2     7     3     1
 -1.3728346588799575E-01 a      1528     2     8     3     1
  6.1632429259835630E-01 a      1529     2     9     3     1
  1.2550860363561580E+00 a      1530     2    10     3     1
 -2.1690216376339402E-01 a      1531     2    11     3     1
 -1.1245430251028172E+00 a      1532     2    12     3     1
 -3.0714241322478358E-01 a      1533     2    13     3     1
 -1.2041547543796198E+00 a      1534     2    14     3     1
 -2.5795705922140449E-01 a      1535     2    15     3     1
  2.9176908609638402E-01 a      1536     2    16     3     1
  1.1813742165615120E+00 a      1537     2    17     3     1
 -5.8082847865708487E-01 a      1538     2    18     3     1
  9.5867730130915196E-01 a      1539     2    19     3     1
 -8.5874533896645677E-01 a      1540     2    20     3     1
 -6.9126994067917047E-01 b      1541     3     1
