################################################################################
# Neural network connection values (weights and biases).
################################################################################
# Col  Name       Description
################################################################################
# 1    connection Neural network connection value.
# 2    t          Connection type (a = weight, b = bias).
# 3    index      Index enumerating weights.
# 4    l_s        Starting point layer (end point layer for biases).
# 5    n_s        Starting point neuron in starting layer (end point neuron for biases).
# 6    l_e        End point layer.
# 7    n_e        End point neuron in end layer.
################################################################################
#                      1 2         3     4     5     6     7
#             connection t     index   l_s   n_s   l_e   n_e
############################################################
 -1.0409021694044829E-01 a         1     0     1     1     1
  5.1124001835157085E-01 a         2     0     1     1     2
  5.0673174828086837E-02 a         3     0     1     1     3
  6.5150138258162571E-02 a         4     0     1     1     4
 -2.7760898503389386E-01 a         5     0     1     1     5
  2.6289066275246264E-01 a         6     0     1     1     6
  2.0244764017342959E-01 a         7     0     1     1     7
  7.9056791919929051E-02 a         8     0     1     1     8
 -2.2723723346147026E-01 a         9     0     1     1     9
  7.1478844229252969E-01 a        10     0     1     1    10
 -1.6445629285084623E-01 a        11     0     1     1    11
  7.1620454059351957E-01 a        12     0     1     1    12
  4.6505912994184234E-01 a        13     0     1     1    13
  3.4391866626329931E-01 a        14     0     1     1    14
 -2.8508477218263512E-02 a        15     0     1     1    15
  7.2085890938310604E-01 a        16     0     1     1    16
 -1.9377816293538563E-01 a        17     0     1     1    17
 -1.0007709730661438E-01 a        18     0     1     1    18
 -1.4810822956407885E-01 a        19     0     1     1    19
  6.6594727484606175E-01 a        20     0     1     1    20
  1.0381650201834577E-01 a        21     0     2     1     1
 -1.1643458970780231E-01 a        22     0     2     1     2
  3.2727559029684644E-01 a        23     0     2     1     3
  6.5518116856018271E-02 a        24     0     2     1     4
 -1.4457921091474749E-01 a        25     0     2     1     5
  2.5128747233819704E-01 a        26     0     2     1     6
  3.0121470908563461E-02 a        27     0     2     1     7
  5.6878923502272860E-02 a        28     0     2     1     8
  7.5512765083941109E-04 a        29     0     2     1     9
  6.2904508703308840E-02 a        30     0     2     1    10
  1.1441041150123106E-01 a        31     0     2     1    11
  1.0211627332504280E-02 a        32     0     2     1    12
  8.8653926965150509E-02 a        33     0     2     1    13
 -1.2731450186773260E-01 a        34     0     2     1    14
 -1.6183215799452261E-01 a        35     0     2     1    15
 -9.0345632118251737E-02 a        36     0     2     1    16
  7.2809744985434896E-02 a        37     0     2     1    17
  7.9551260332649670E-02 a        38     0     2     1    18
 -1.1366367041035460E-03 a        39     0     2     1    19
 -8.6154379378543672E-02 a        40     0     2     1    20
 -1.3965582533287982E-01 a        41     0     3     1     1
  6.0304480400312117E-02 a        42     0     3     1     2
 -2.1615884965450743E-01 a        43     0     3     1     3
 -1.0906943268292017E-01 a        44     0     3     1     4
  1.5396397390858043E-02 a        45     0     3     1     5
  1.0029982855076915E-01 a        46     0     3     1     6
 -4.4202149776528241E-02 a        47     0     3     1     7
  8.9736569176592194E-03 a        48     0     3     1     8
 -5.8013372900104707E-02 a        49     0     3     1     9
 -4.8557256271995884E-02 a        50     0     3     1    10
 -1.3039866285101290E-01 a        51     0     3     1    11
  3.8408809356850981E-02 a        52     0     3     1    12
 -1.8311352045715310E-02 a        53     0     3     1    13
 -7.5892431102634618E-04 a        54     0     3     1    14
  3.6980022006477514E-02 a        55     0     3     1    15
 -7.3989805567931305E-02 a        56     0     3     1    16
 -2.1231122330447624E-01 a        57     0     3     1    17
  1.5738795493540567E-01 a        58     0     3     1    18
  1.8495272579348065E-01 a        59     0     3     1    19
 -1.0237605745550676E-01 a        60     0     3     1    20
  2.4032641331027194E-01 a        61     0     4     1     1
  2.8365894582089107E-01 a        62     0     4     1     2
 -4.3651904952057265E-02 a        63     0     4     1     3
  4.5253315664716076E-02 a        64     0     4     1     4
 -6.9208065784654701E-02 a        65     0     4     1     5
  3.2691937669280358E-02 a        66     0     4     1     6
  1.8321916200901231E-01 a        67     0     4     1     7
 -5.6390694828257193E-01 a        68     0     4     1     8
 -5.8159369690831020E-02 a        69     0     4     1     9
 -2.3890947885240291E-01 a        70     0     4     1    10
  2.1161559002017577E-01 a        71     0     4     1    11
 -3.1400767434722360E-01 a        72     0     4     1    12
 -1.3598598696894407E-01 a        73     0     4     1    13
 -4.6827412877229124E-01 a        74     0     4     1    14
  2.7959667757064538E-01 a        75     0     4     1    15
 -8.5519226505364132E-01 a        76     0     4     1    16
 -6.4348093873666934E-01 a        77     0     4     1    17
  6.7393003876897639E-01 a        78     0     4     1    18
  5.2882402328847455E-01 a        79     0     4     1    19
 -1.6481445398826695E+00 a        80     0     4     1    20
 -1.5362854444708005E-01 a        81     0     5     1     1
  9.3180160212756213E-02 a        82     0     5     1     2
  2.0653810494392383E-01 a        83     0     5     1     3
 -1.5758375839961714E-01 a        84     0     5     1     4
  5.0862422192162589E-02 a        85     0     5     1     5
  1.2660443473799515E-01 a        86     0     5     1     6
 -8.3565214876827401E-02 a        87     0     5     1     7
 -1.4868748790888001E-01 a        88     0     5     1     8
  1.2829957072916291E-02 a        89     0     5     1     9
 -9.9608215919078008E-02 a        90     0     5     1    10
 -2.3950125904426792E-01 a        91     0     5     1    11
  4.1345602834293692E-02 a        92     0     5     1    12
  2.5285346223624699E-02 a        93     0     5     1    13
  3.8539244930333660E-01 a        94     0     5     1    14
 -9.1571306263496119E-02 a        95     0     5     1    15
  5.1297206913459223E-02 a        96     0     5     1    16
 -6.1052419276705010E-02 a        97     0     5     1    17
 -2.0427610241480773E-01 a        98     0     5     1    18
  1.0183169966626217E-01 a        99     0     5     1    19
 -3.9450695905882009E-02 a       100     0     5     1    20
  2.6736477705578832E-01 a       101     0     6     1     1
 -1.0014129459819282E-01 a       102     0     6     1     2
  1.5859856486414681E-01 a       103     0     6     1     3
  2.1206139671581836E-01 a       104     0     6     1     4
 -1.3086164088676741E-01 a       105     0     6     1     5
 -1.7941944417647107E-01 a       106     0     6     1     6
  3.9608164076032938E-02 a       107     0     6     1     7
  8.2703633502123161E-02 a       108     0     6     1     8
 -5.1630334213672989E-02 a       109     0     6     1     9
 -4.4464269121123848E-02 a       110     0     6     1    10
 -1.8145312374186812E-01 a       111     0     6     1    11
 -1.5797733828329281E-02 a       112     0     6     1    12
  1.1613866308527081E-01 a       113     0     6     1    13
 -1.4321473531603868E-01 a       114     0     6     1    14
 -1.7423815140047899E-02 a       115     0     6     1    15
 -1.0624879713206810E-01 a       116     0     6     1    16
  8.5504089719809426E-02 a       117     0     6     1    17
 -2.2828918661213973E-01 a       118     0     6     1    18
 -1.3787745821323524E-01 a       119     0     6     1    19
 -4.8310563640240922E-01 a       120     0     6     1    20
  9.4178634306160719E-02 a       121     0     7     1     1
  5.0345931431396818E-01 a       122     0     7     1     2
  3.1963431508513840E-01 a       123     0     7     1     3
  1.3869826068109434E-01 a       124     0     7     1     4
  1.1711864739427622E-01 a       125     0     7     1     5
  3.1236968376008062E-01 a       126     0     7     1     6
  3.8301266591515126E-01 a       127     0     7     1     7
 -1.1695778048442737E-01 a       128     0     7     1     8
  3.1157804875716943E-01 a       129     0     7     1     9
  6.0895075569997392E-01 a       130     0     7     1    10
 -1.1077406911103931E+00 a       131     0     7     1    11
  5.6075597144596334E-01 a       132     0     7     1    12
  3.6082056361583806E-02 a       133     0     7     1    13
 -6.1879003325025399E-03 a       134     0     7     1    14
  5.8497323827049710E-02 a       135     0     7     1    15
  5.3838497887610015E-01 a       136     0     7     1    16
  2.1170833578269332E-01 a       137     0     7     1    17
  5.0196984909093967E-02 a       138     0     7     1    18
 -3.7376584991078987E-01 a       139     0     7     1    19
  3.4078855354990223E-01 a       140     0     7     1    20
  6.2681444998216790E-02 a       141     0     8     1     1
  8.3146878522964655E-03 a       142     0     8     1     2
 -5.9052164781017477E-02 a       143     0     8     1     3
 -1.1981407659648168E-01 a       144     0     8     1     4
 -6.1122220371021128E-02 a       145     0     8     1     5
 -1.0681590223422767E-01 a       146     0     8     1     6
  2.2301259797410442E-01 a       147     0     8     1     7
  2.8751981845927044E-01 a       148     0     8     1     8
 -1.6590295319561413E-01 a       149     0     8     1     9
  6.2208579050231069E-02 a       150     0     8     1    10
 -7.3435391833769570E-02 a       151     0     8     1    11
  2.8395735675750039E-01 a       152     0     8     1    12
  1.7694445429528225E-02 a       153     0     8     1    13
 -5.3619307614009376E-02 a       154     0     8     1    14
  1.7435579128119738E-01 a       155     0     8     1    15
 -1.0741799581953716E-01 a       156     0     8     1    16
 -3.9452508012961456E-02 a       157     0     8     1    17
  3.3101341463100509E-01 a       158     0     8     1    18
 -7.5814915493075549E-02 a       159     0     8     1    19
  1.7089797143672192E-01 a       160     0     8     1    20
 -1.3319084233349929E-01 a       161     0     9     1     1
 -5.9668692605438212E-01 a       162     0     9     1     2
  2.3424783925346213E-01 a       163     0     9     1     3
  1.1664759499464294E-01 a       164     0     9     1     4
 -3.4818761252604295E-02 a       165     0     9     1     5
 -2.1260614906561237E-01 a       166     0     9     1     6
  6.2460729480144112E-02 a       167     0     9     1     7
  3.3768728613642013E-01 a       168     0     9     1     8
  1.5930528290956694E-01 a       169     0     9     1     9
 -7.6199369637549974E-02 a       170     0     9     1    10
  1.2219187514128477E-01 a       171     0     9     1    11
 -2.6176930330772369E-01 a       172     0     9     1    12
 -1.2983442195088221E-01 a       173     0     9     1    13
  1.3714067020698162E-02 a       174     0     9     1    14
  2.1992267657012197E-02 a       175     0     9     1    15
 -1.6620822748630631E-01 a       176     0     9     1    16
  1.5235971682839583E-01 a       177     0     9     1    17
 -2.3968461614386349E-01 a       178     0     9     1    18
  8.3814428898398796E-02 a       179     0     9     1    19
  1.3146034259510977E-01 a       180     0     9     1    20
  7.0955282000186054E-02 a       181     0    10     1     1
  2.3570361708770290E-02 a       182     0    10     1     2
  3.6316020161541201E-01 a       183     0    10     1     3
  9.3886603874408225E-02 a       184     0    10     1     4
 -5.4790425045695834E-01 a       185     0    10     1     5
 -1.2886969899718739E-01 a       186     0    10     1     6
 -2.1829961476800320E-02 a       187     0    10     1     7
 -5.0721650613239666E-01 a       188     0    10     1     8
 -2.4529916898190163E-01 a       189     0    10     1     9
 -3.1462034161258956E-01 a       190     0    10     1    10
  1.5106242295473429E+00 a       191     0    10     1    11
 -3.7067597329623531E-01 a       192     0    10     1    12
  1.1293450697474165E-01 a       193     0    10     1    13
 -1.8765341125204724E-01 a       194     0    10     1    14
 -1.2103889896302983E-01 a       195     0    10     1    15
 -7.0574787280096740E-01 a       196     0    10     1    16
 -4.7601036872316860E-01 a       197     0    10     1    17
 -4.0429867002615139E-02 a       198     0    10     1    18
  3.9923230876814353E-01 a       199     0    10     1    19
 -2.1079644766894376E-02 a       200     0    10     1    20
 -4.5431522010905903E-02 a       201     0    11     1     1
  2.7972676534386211E-02 a       202     0    11     1     2
  2.0165344370687646E-01 a       203     0    11     1     3
  1.0220840165844530E-01 a       204     0    11     1     4
 -1.3899839344563927E-01 a       205     0    11     1     5
 -1.6269388588249739E-01 a       206     0    11     1     6
  4.2399285573889884E-04 a       207     0    11     1     7
  5.9398197486317382E-02 a       208     0    11     1     8
  2.9909875171808908E-01 a       209     0    11     1     9
 -4.1439010640479522E-02 a       210     0    11     1    10
  3.5533140659339124E-01 a       211     0    11     1    11
 -8.0858776912675415E-02 a       212     0    11     1    12
  1.4441248751660510E-01 a       213     0    11     1    13
 -4.0290237726421416E-02 a       214     0    11     1    14
 -1.1979561986623091E-01 a       215     0    11     1    15
 -3.8541705158061107E-01 a       216     0    11     1    16
 -8.6879530031635815E-02 a       217     0    11     1    17
 -1.5882234754091906E-01 a       218     0    11     1    18
  2.5168266463088651E-01 a       219     0    11     1    19
  8.2849819328283617E-03 a       220     0    11     1    20
 -1.4552513606855275E-01 a       221     0    12     1     1
 -1.7411813302971199E-01 a       222     0    12     1     2
  1.7613787378471807E-01 a       223     0    12     1     3
 -2.5510295404889349E-01 a       224     0    12     1     4
 -1.3219741679040034E-02 a       225     0    12     1     5
 -3.4244226400812211E-01 a       226     0    12     1     6
  1.5556537319622257E-01 a       227     0    12     1     7
  3.6149827576165150E-01 a       228     0    12     1     8
 -2.6510157387268130E-01 a       229     0    12     1     9
  4.4244800037092080E-02 a       230     0    12     1    10
  5.3054933728590215E-02 a       231     0    12     1    11
 -9.4615187342226181E-02 a       232     0    12     1    12
  1.7005039598614727E-01 a       233     0    12     1    13
 -1.4284157886640669E-01 a       234     0    12     1    14
 -2.4934400543298998E-01 a       235     0    12     1    15
 -9.0786715811276078E-02 a       236     0    12     1    16
 -4.1767406606211310E-02 a       237     0    12     1    17
  1.1511601882035444E-01 a       238     0    12     1    18
  1.7957602646230772E-01 a       239     0    12     1    19
 -3.1585575066927851E-01 a       240     0    12     1    20
  4.1302634836236812E-01 a       241     0    13     1     1
  1.0037600921087571E-01 a       242     0    13     1     2
  3.4934497550913735E-01 a       243     0    13     1     3
  1.2909488852687975E-01 a       244     0    13     1     4
  1.5682768805606831E-01 a       245     0    13     1     5
 -1.1777048440508421E-01 a       246     0    13     1     6
  2.7953809378445349E-01 a       247     0    13     1     7
 -8.6128245142379475E-02 a       248     0    13     1     8
  1.4185407360193214E-01 a       249     0    13     1     9
  2.4435351677922484E-01 a       250     0    13     1    10
 -1.0815690712418278E+00 a       251     0    13     1    11
  3.6090721214243898E-01 a       252     0    13     1    12
 -1.8433669036764219E-01 a       253     0    13     1    13
 -2.1752164796016338E-01 a       254     0    13     1    14
  5.9251092887436418E-01 a       255     0    13     1    15
  1.8721862055271113E-01 a       256     0    13     1    16
  3.3337437055322516E-01 a       257     0    13     1    17
 -1.1986331184690786E-01 a       258     0    13     1    18
 -6.3489610460733947E-01 a       259     0    13     1    19
  3.3572947952733034E-01 a       260     0    13     1    20
  2.9787450266811101E-02 a       261     0    14     1     1
  1.1411677197442469E-01 a       262     0    14     1     2
  2.6365110575232914E-01 a       263     0    14     1     3
  9.2611520417120230E-02 a       264     0    14     1     4
 -2.9888625054724911E-02 a       265     0    14     1     5
  1.0721358221332657E-01 a       266     0    14     1     6
  5.6074143467074934E-02 a       267     0    14     1     7
  1.1443560490021754E-01 a       268     0    14     1     8
  7.2510668220191377E-04 a       269     0    14     1     9
 -1.8381191104329914E-02 a       270     0    14     1    10
 -1.1788610599885312E-01 a       271     0    14     1    11
  1.1686087853365050E-01 a       272     0    14     1    12
  2.7653352832843481E-01 a       273     0    14     1    13
  4.1465468402097927E-01 a       274     0    14     1    14
 -4.7529117812708543E-01 a       275     0    14     1    15
 -2.9043554384802089E-01 a       276     0    14     1    16
 -1.3464109633380603E-01 a       277     0    14     1    17
  1.7659791746824560E-01 a       278     0    14     1    18
  8.1222351368889376E-02 a       279     0    14     1    19
 -1.6778756801024072E-01 a       280     0    14     1    20
 -5.7287249585357268E-02 a       281     0    15     1     1
 -3.9571581085286567E-01 a       282     0    15     1     2
 -2.8457195144966480E-01 a       283     0    15     1     3
  3.1060605402711400E-01 a       284     0    15     1     4
  1.9105336070489617E-01 a       285     0    15     1     5
 -5.3874769020354107E-01 a       286     0    15     1     6
 -2.6359327740104348E-02 a       287     0    15     1     7
  3.6549046216525605E-01 a       288     0    15     1     8
 -4.6280857567857686E-01 a       289     0    15     1     9
  9.9594560405364019E-02 a       290     0    15     1    10
 -1.3374635927704312E-01 a       291     0    15     1    11
  6.6712971021040693E-02 a       292     0    15     1    12
  2.1400358959281859E-01 a       293     0    15     1    13
  1.1549361189799864E-01 a       294     0    15     1    14
 -2.7949840932652675E-01 a       295     0    15     1    15
 -1.1685364935689062E-01 a       296     0    15     1    16
  1.3883150302088099E-01 a       297     0    15     1    17
  3.3843247471341792E-01 a       298     0    15     1    18
  1.8757098136123959E-01 a       299     0    15     1    19
 -4.9594896531621446E-01 a       300     0    15     1    20
 -2.5483330076724697E-01 a       301     0    16     1     1
  3.3643960156485569E-01 a       302     0    16     1     2
 -2.5448633473001615E-02 a       303     0    16     1     3
 -2.5085933142131045E-01 a       304     0    16     1     4
 -4.2126863661771641E-01 a       305     0    16     1     5
 -6.8194352963162494E-02 a       306     0    16     1     6
 -2.0089032635514027E-02 a       307     0    16     1     7
 -3.3036797688816649E-01 a       308     0    16     1     8
  2.9390383402990805E-01 a       309     0    16     1     9
 -1.6201163178614134E-01 a       310     0    16     1    10
  1.0089581369182408E+00 a       311     0    16     1    11
 -3.5820912254098558E-02 a       312     0    16     1    12
 -1.3758246416863221E-01 a       313     0    16     1    13
 -3.2275435339914321E-01 a       314     0    16     1    14
  2.4741356467694123E-01 a       315     0    16     1    15
 -2.2802332345939696E-01 a       316     0    16     1    16
 -4.6779981660034353E-01 a       317     0    16     1    17
 -4.4506162603692806E-02 a       318     0    16     1    18
  2.8582498927098071E-01 a       319     0    16     1    19
 -1.4534506243294823E-01 a       320     0    16     1    20
 -1.1591127723338264E-01 a       321     0    17     1     1
 -1.3307389433195899E-01 a       322     0    17     1     2
 -8.5167467001565383E-02 a       323     0    17     1     3
 -9.0714423345641421E-02 a       324     0    17     1     4
  5.2612148608943143E-02 a       325     0    17     1     5
 -1.5851693771115138E-01 a       326     0    17     1     6
  2.3581836336797356E-02 a       327     0    17     1     7
  4.3927603776460010E-02 a       328     0    17     1     8
 -6.9878611254494113E-02 a       329     0    17     1     9
 -1.2138341303537675E-01 a       330     0    17     1    10
 -1.1053426908432443E-01 a       331     0    17     1    11
  1.3593649784116354E-01 a       332     0    17     1    12
  1.6054794068401338E-03 a       333     0    17     1    13
 -8.9148130161653988E-02 a       334     0    17     1    14
  8.6968960576250087E-02 a       335     0    17     1    15
 -1.0514450296917793E-01 a       336     0    17     1    16
 -4.9895819112468556E-02 a       337     0    17     1    17
 -1.1364776300445864E-02 a       338     0    17     1    18
  1.2232287806007093E-01 a       339     0    17     1    19
 -1.7243948180025819E-02 a       340     0    17     1    20
 -1.0926303350040335E-01 a       341     0    18     1     1
 -3.5605938447877161E-01 a       342     0    18     1     2
  1.8607974132922003E-02 a       343     0    18     1     3
  1.0427111908650219E-01 a       344     0    18     1     4
  1.2492491247818603E-01 a       345     0    18     1     5
 -2.5266805965130629E-01 a       346     0    18     1     6
  1.1102191691102216E-01 a       347     0    18     1     7
  3.7892728983403196E-01 a       348     0    18     1     8
  3.2759528444984178E-02 a       349     0    18     1     9
  1.2865399746079786E-02 a       350     0    18     1    10
 -1.7039652015910144E-02 a       351     0    18     1    11
 -1.3306260805537673E-01 a       352     0    18     1    12
 -6.8085920179610196E-02 a       353     0    18     1    13
  1.1978653086304740E-01 a       354     0    18     1    14
 -1.1798040792107106E-01 a       355     0    18     1    15
 -3.3949431550401095E-02 a       356     0    18     1    16
 -3.4633688444917331E-03 a       357     0    18     1    17
 -1.6885749607863633E-02 a       358     0    18     1    18
 -1.1221462136152310E-02 a       359     0    18     1    19
 -1.5029842519149322E-01 a       360     0    18     1    20
  1.5250124245945976E-01 a       361     0    19     1     1
  9.1637474215082060E-02 a       362     0    19     1     2
  1.5465678938484417E-01 a       363     0    19     1     3
 -6.7032535852567326E-02 a       364     0    19     1     4
  9.4380472273860691E-02 a       365     0    19     1     5
 -2.0121832900851715E-02 a       366     0    19     1     6
 -6.9835102156131485E-04 a       367     0    19     1     7
 -8.8140425076773457E-02 a       368     0    19     1     8
  5.9619692787763579E-02 a       369     0    19     1     9
 -1.5599398070219639E-01 a       370     0    19     1    10
 -6.0493067393184141E-01 a       371     0    19     1    11
 -2.0129041686874352E-01 a       372     0    19     1    12
 -6.5425532010937232E-02 a       373     0    19     1    13
  3.3104027471637383E-02 a       374     0    19     1    14
  1.3453455869491121E-01 a       375     0    19     1    15
 -2.3635213589704632E-01 a       376     0    19     1    16
  2.4682523956205096E-02 a       377     0    19     1    17
 -1.5054283109357211E-01 a       378     0    19     1    18
 -1.4581966097142796E-01 a       379     0    19     1    19
  1.2467212445735804E-01 a       380     0    19     1    20
 -4.0239668830483799E-02 a       381     0    20     1     1
  1.6406636225219184E-01 a       382     0    20     1     2
  1.2319422852298627E-01 a       383     0    20     1     3
  4.3966623563626309E-02 a       384     0    20     1     4
 -5.6507692660179805E-02 a       385     0    20     1     5
 -1.7848035081210781E-01 a       386     0    20     1     6
  7.9012774149705284E-02 a       387     0    20     1     7
  3.4965674732045385E-02 a       388     0    20     1     8
  1.2666717682683790E-01 a       389     0    20     1     9
  2.6613096194463809E-02 a       390     0    20     1    10
  8.2329848647952480E-02 a       391     0    20     1    11
 -1.1660345400263265E-01 a       392     0    20     1    12
 -5.3280526206045994E-02 a       393     0    20     1    13
  5.5203736087221657E-02 a       394     0    20     1    14
  2.3918588494871890E-01 a       395     0    20     1    15
  4.0264167774918112E-02 a       396     0    20     1    16
 -9.0103456718573210E-03 a       397     0    20     1    17
  1.5072971173581756E-01 a       398     0    20     1    18
 -7.8876776811868179E-02 a       399     0    20     1    19
 -6.3151869641864561E-02 a       400     0    20     1    20
 -3.2601164280897724E-02 a       401     0    21     1     1
 -1.5018380173740423E-01 a       402     0    21     1     2
 -2.6551101071277061E-02 a       403     0    21     1     3
  1.8905852411101137E-01 a       404     0    21     1     4
  6.6249086897570003E-02 a       405     0    21     1     5
 -9.8165823829986010E-02 a       406     0    21     1     6
 -9.8564369276110439E-02 a       407     0    21     1     7
  2.9499911416248036E-02 a       408     0    21     1     8
 -3.3020336338497319E-01 a       409     0    21     1     9
  1.2249343472167173E-01 a       410     0    21     1    10
  2.3176274054160961E-02 a       411     0    21     1    11
  4.9206758038930883E-02 a       412     0    21     1    12
  1.9411359353358026E-01 a       413     0    21     1    13
  2.0962938515779103E-01 a       414     0    21     1    14
 -4.0244776263069065E-01 a       415     0    21     1    15
  8.3445456019660080E-02 a       416     0    21     1    16
  1.0171425419154972E-01 a       417     0    21     1    17
  2.0276844250221449E-01 a       418     0    21     1    18
  1.6729545803765261E-01 a       419     0    21     1    19
 -1.7035291471655688E-02 a       420     0    21     1    20
 -8.6447488664751632E-02 a       421     0    22     1     1
 -7.5161619597422805E-02 a       422     0    22     1     2
  7.4865325502311800E-02 a       423     0    22     1     3
 -2.0228709868030492E-01 a       424     0    22     1     4
 -3.6501496725509652E-01 a       425     0    22     1     5
 -6.0501720633458905E-02 a       426     0    22     1     6
 -5.8262292485047211E-02 a       427     0    22     1     7
 -1.1797509965267541E-01 a       428     0    22     1     8
  1.3878697107307100E-01 a       429     0    22     1     9
 -4.7455398131677224E-03 a       430     0    22     1    10
  1.1910068060817514E-01 a       431     0    22     1    11
 -3.4087937752362234E-02 a       432     0    22     1    12
 -2.9406395409401465E-01 a       433     0    22     1    13
 -3.2784441096581723E-01 a       434     0    22     1    14
  1.4215826186158226E-01 a       435     0    22     1    15
  1.7813175183066726E-01 a       436     0    22     1    16
 -2.6682845885690543E-01 a       437     0    22     1    17
 -2.4756943806777421E-01 a       438     0    22     1    18
  1.5938752948806173E-01 a       439     0    22     1    19
 -1.9172339221307330E-01 a       440     0    22     1    20
  4.2748243339595419E-02 a       441     0    23     1     1
 -1.4337445416165118E-01 a       442     0    23     1     2
 -2.7230685035786774E-02 a       443     0    23     1     3
  2.8162773927850906E-02 a       444     0    23     1     4
  4.8646398348936935E-02 a       445     0    23     1     5
 -1.3176012735066650E-01 a       446     0    23     1     6
 -2.8810515572441579E-02 a       447     0    23     1     7
 -5.3662623913851827E-02 a       448     0    23     1     8
 -1.5429581968761772E-02 a       449     0    23     1     9
  1.1588203271686899E-02 a       450     0    23     1    10
 -3.9392057006290344E-02 a       451     0    23     1    11
  2.4700570496205842E-02 a       452     0    23     1    12
 -1.4820440016706540E-02 a       453     0    23     1    13
 -5.8370873743947664E-02 a       454     0    23     1    14
 -1.7700688485461277E-01 a       455     0    23     1    15
 -7.6752041691524359E-02 a       456     0    23     1    16
  1.8297623106980746E-02 a       457     0    23     1    17
 -1.7537351188736322E-01 a       458     0    23     1    18
  3.1398101043739773E-02 a       459     0    23     1    19
  5.4282929187813592E-02 a       460     0    23     1    20
  4.9018762419531944E-02 a       461     0    24     1     1
 -1.2580467584940164E-01 a       462     0    24     1     2
  8.7929803252110843E-03 a       463     0    24     1     3
  2.2261297568923988E-01 a       464     0    24     1     4
  2.9586918957345398E-01 a       465     0    24     1     5
 -5.1294596916900789E-02 a       466     0    24     1     6
  1.1115006535160803E-01 a       467     0    24     1     7
  2.0086439395262209E-01 a       468     0    24     1     8
  3.5400653927706652E-02 a       469     0    24     1     9
  1.8166366458560648E-01 a       470     0    24     1    10
  1.8754567576559053E-01 a       471     0    24     1    11
  1.8722894958921352E-01 a       472     0    24     1    12
  2.1424130906564487E-01 a       473     0    24     1    13
  2.0254949746636150E-01 a       474     0    24     1    14
 -2.3366676222156491E-01 a       475     0    24     1    15
  8.2251650594367939E-02 a       476     0    24     1    16
  2.5185554745189970E-01 a       477     0    24     1    17
  2.9871331285178365E-01 a       478     0    24     1    18
 -2.1549300627503284E-01 a       479     0    24     1    19
  1.2190313064274014E-01 a       480     0    24     1    20
  3.5575449463073901E-02 a       481     0    25     1     1
  1.0768317933540189E-01 a       482     0    25     1     2
 -4.5390938499698982E-02 a       483     0    25     1     3
  1.2227732094338252E-02 a       484     0    25     1     4
  1.1654638085284119E-01 a       485     0    25     1     5
  1.4100048709274293E-01 a       486     0    25     1     6
  4.9683495406874063E-02 a       487     0    25     1     7
 -3.9001472832486339E-02 a       488     0    25     1     8
  1.4009921649232812E-01 a       489     0    25     1     9
 -1.4774629732967245E-01 a       490     0    25     1    10
 -1.4320737925398452E-01 a       491     0    25     1    11
  1.4322509502508809E-02 a       492     0    25     1    12
  1.4523502790475637E-01 a       493     0    25     1    13
  8.0793102412606552E-02 a       494     0    25     1    14
  5.7013504604872152E-02 a       495     0    25     1    15
 -1.2887088556967513E-01 a       496     0    25     1    16
  8.9582708262629290E-02 a       497     0    25     1    17
  3.0787487843160471E-02 a       498     0    25     1    18
 -8.6493114144518712E-02 a       499     0    25     1    19
  6.8464249316853701E-02 a       500     0    25     1    20
 -5.7788384751475977E-02 a       501     0    26     1     1
  5.3010304466069760E-02 a       502     0    26     1     2
 -7.3944194725453632E-02 a       503     0    26     1     3
 -5.1830051277149861E-02 a       504     0    26     1     4
  1.7170383089650427E-02 a       505     0    26     1     5
  2.6179339284864023E-01 a       506     0    26     1     6
  1.5881553941179159E-02 a       507     0    26     1     7
  2.6879810659114049E-02 a       508     0    26     1     8
  6.8776606307484360E-03 a       509     0    26     1     9
 -8.4358993009072528E-02 a       510     0    26     1    10
  4.3932115798839093E-02 a       511     0    26     1    11
  6.6784558417835788E-02 a       512     0    26     1    12
  1.2847027128250874E-01 a       513     0    26     1    13
  8.1735419844236532E-02 a       514     0    26     1    14
  6.9168824150446159E-02 a       515     0    26     1    15
  4.6674357923449407E-02 a       516     0    26     1    16
 -2.0292257799637947E-02 a       517     0    26     1    17
  1.4947642599727753E-01 a       518     0    26     1    18
 -4.5412943619951244E-03 a       519     0    26     1    19
 -2.7782698354539781E-02 a       520     0    26     1    20
 -1.0872290157237528E-02 a       521     0    27     1     1
 -1.0899524641075745E-01 a       522     0    27     1     2
 -9.2830925690521399E-02 a       523     0    27     1     3
 -2.0547255221794639E-02 a       524     0    27     1     4
 -1.2170683384040443E-01 a       525     0    27     1     5
  3.5651641059949071E-02 a       526     0    27     1     6
 -2.8884861353108440E-02 a       527     0    27     1     7
  4.0367012533508483E-03 a       528     0    27     1     8
 -6.3443696525913640E-02 a       529     0    27     1     9
 -7.1727871605935967E-02 a       530     0    27     1    10
 -2.3048278389535617E-02 a       531     0    27     1    11
 -5.2338694133153181E-02 a       532     0    27     1    12
 -8.1489693674625177E-02 a       533     0    27     1    13
 -3.9248716061857786E-02 a       534     0    27     1    14
  1.4062713588974679E-01 a       535     0    27     1    15
 -2.7103819846022021E-02 a       536     0    27     1    16
 -1.0581830537703796E-01 a       537     0    27     1    17
 -1.5111452547188897E-01 a       538     0    27     1    18
  1.1059131847161147E-01 a       539     0    27     1    19
 -4.7840685321990019E-02 a       540     0    27     1    20
  1.4777488894205822E-02 a       541     0    28     1     1
  1.5389740174891511E-01 a       542     0    28     1     2
 -8.4868217130615167E-02 a       543     0    28     1     3
 -2.5860378041308012E-03 a       544     0    28     1     4
 -9.0407756299679232E-02 a       545     0    28     1     5
 -6.5801974554266923E-02 a       546     0    28     1     6
 -3.3550714904170914E-02 a       547     0    28     1     7
 -2.7535410484819712E-02 a       548     0    28     1     8
 -1.6697982536981718E-01 a       549     0    28     1     9
  2.5993131039640422E-02 a       550     0    28     1    10
 -3.5105409439517968E-02 a       551     0    28     1    11
 -7.0469252192748438E-02 a       552     0    28     1    12
 -1.3015791905990079E-01 a       553     0    28     1    13
 -1.3445889574526668E-01 a       554     0    28     1    14
  7.2257464809865432E-02 a       555     0    28     1    15
 -2.5885187988185333E-02 a       556     0    28     1    16
 -7.8005411373371220E-02 a       557     0    28     1    17
 -1.4105158979757254E-01 a       558     0    28     1    18
  7.3503020069805428E-02 a       559     0    28     1    19
 -1.4038372301720003E-01 a       560     0    28     1    20
  3.5353356056129132E-02 a       561     0    29     1     1
 -6.0393466583319684E-02 a       562     0    29     1     2
  1.3163148548472023E-02 a       563     0    29     1     3
  4.8488409773345641E-02 a       564     0    29     1     4
 -2.1673917842513119E-02 a       565     0    29     1     5
 -1.2557477231485958E-01 a       566     0    29     1     6
  1.0107483909711388E-02 a       567     0    29     1     7
 -2.3504910192001505E-02 a       568     0    29     1     8
  7.9782915830364259E-02 a       569     0    29     1     9
  1.8240681792888087E-03 a       570     0    29     1    10
 -6.1494167136163800E-03 a       571     0    29     1    11
 -3.2108081575949278E-02 a       572     0    29     1    12
 -5.0707151147560109E-02 a       573     0    29     1    13
 -5.8868336634874396E-02 a       574     0    29     1    14
  2.2391250131104444E-03 a       575     0    29     1    15
 -3.0361564920300555E-02 a       576     0    29     1    16
  9.9126822147604359E-03 a       577     0    29     1    17
 -1.1133305200587720E-01 a       578     0    29     1    18
 -1.2722416652750977E-02 a       579     0    29     1    19
  5.5820958724654215E-03 a       580     0    29     1    20
 -1.6305601742763541E-02 a       581     0    30     1     1
 -1.7921758921847743E-02 a       582     0    30     1     2
  1.7433086409018667E-02 a       583     0    30     1     3
  3.8909791202044415E-02 a       584     0    30     1     4
  1.7787657131497958E-01 a       585     0    30     1     5
  9.0874971889297815E-02 a       586     0    30     1     6
  1.4401272087850706E-02 a       587     0    30     1     7
  6.0461967918322986E-02 a       588     0    30     1     8
 -2.3575537719761289E-02 a       589     0    30     1     9
  1.2995010674608903E-01 a       590     0    30     1    10
  1.5644108808215468E-01 a       591     0    30     1    11
  9.6851330278473508E-02 a       592     0    30     1    12
  1.5649416484224121E-01 a       593     0    30     1    13
  1.8512303244613418E-01 a       594     0    30     1    14
 -2.3834543371287725E-01 a       595     0    30     1    15
  6.1687535125789533E-02 a       596     0    30     1    16
  1.1569879455720659E-01 a       597     0    30     1    17
  2.5090997709720325E-01 a       598     0    30     1    18
 -6.5504004011187209E-02 a       599     0    30     1    19
  1.9490514746752755E-01 a       600     0    30     1    20
 -5.6476735219230778E-01 a       601     0    31     1     1
  4.0597279533039171E-01 a       602     0    31     1     2
  3.9447115823700235E-01 a       603     0    31     1     3
 -5.3672531544985058E-01 a       604     0    31     1     4
 -1.6015569224386617E-01 a       605     0    31     1     5
  3.0812675227752138E-02 a       606     0    31     1     6
 -3.5216429343914213E-01 a       607     0    31     1     7
  3.4443015954511819E-01 a       608     0    31     1     8
  2.2206910190044710E-01 a       609     0    31     1     9
  3.2755061764844029E-01 a       610     0    31     1    10
  3.0264086601575962E-01 a       611     0    31     1    11
 -1.4172161715482381E-01 a       612     0    31     1    12
 -4.0380508573733286E-02 a       613     0    31     1    13
 -3.0037907094054289E-01 a       614     0    31     1    14
  5.1484901066917677E-01 a       615     0    31     1    15
 -2.7970589964607967E-01 a       616     0    31     1    16
  1.5490536687034745E-01 a       617     0    31     1    17
 -9.4797142655505851E-01 a       618     0    31     1    18
 -2.8514892527855346E-01 a       619     0    31     1    19
  5.3369684082532709E-01 a       620     0    31     1    20
  1.9063974970535580E-01 a       621     0    32     1     1
 -3.0073718872611804E-01 a       622     0    32     1     2
 -2.9094741063000634E-01 a       623     0    32     1     3
  4.0233914293193673E-02 a       624     0    32     1     4
  1.7712726037384385E-01 a       625     0    32     1     5
  1.2095263658937565E-01 a       626     0    32     1     6
  7.5549439006580670E-03 a       627     0    32     1     7
 -1.8891710237727739E-02 a       628     0    32     1     8
  2.4866024507138354E-01 a       629     0    32     1     9
 -1.7880539140333587E-01 a       630     0    32     1    10
 -1.4233860446979485E-01 a       631     0    32     1    11
 -4.9385880835896394E-02 a       632     0    32     1    12
  1.1501242438884461E-01 a       633     0    32     1    13
 -1.9189680171191531E-01 a       634     0    32     1    14
  2.8124626669523323E-01 a       635     0    32     1    15
  1.3582011959414650E-01 a       636     0    32     1    16
  1.2179629942905397E-01 a       637     0    32     1    17
 -5.7350423075634628E-02 a       638     0    32     1    18
 -1.6076517668842386E-01 a       639     0    32     1    19
 -2.7172298994110494E-01 a       640     0    32     1    20
  5.6455933292561511E-01 a       641     0    33     1     1
 -4.4473941243966930E-01 a       642     0    33     1     2
 -7.0913396024779962E-01 a       643     0    33     1     3
  4.3412581517263532E-01 a       644     0    33     1     4
  1.9252689825735120E-01 a       645     0    33     1     5
 -2.1805426752618284E-01 a       646     0    33     1     6
  3.6853960992593265E-01 a       647     0    33     1     7
 -1.6917477816007634E-01 a       648     0    33     1     8
 -6.0141566274731628E-01 a       649     0    33     1     9
 -1.7579172158776032E-01 a       650     0    33     1    10
  8.5430479664714838E-04 a       651     0    33     1    11
 -4.2637584564924869E-01 a       652     0    33     1    12
 -1.9140078749174017E-01 a       653     0    33     1    13
  3.6807188836483501E-01 a       654     0    33     1    14
 -7.6358350533874006E-02 a       655     0    33     1    15
  3.2867325988023643E-01 a       656     0    33     1    16
  7.3006502770236670E-01 a       657     0    33     1    17
  5.3538133158391155E-01 a       658     0    33     1    18
  1.3449695797928940E-01 a       659     0    33     1    19
  8.1189486536634181E-01 a       660     0    33     1    20
 -1.1913331621409949E-01 a       661     0    34     1     1
 -1.9545214705959166E-01 a       662     0    34     1     2
  1.2351844814974226E-01 a       663     0    34     1     3
 -1.4381117181428171E-01 a       664     0    34     1     4
 -1.9204897841494831E-01 a       665     0    34     1     5
 -9.6735553400850334E-03 a       666     0    34     1     6
  2.0507634289902621E-01 a       667     0    34     1     7
 -3.0634096318509482E-02 a       668     0    34     1     8
  2.3176809374762890E-02 a       669     0    34     1     9
 -3.5274006698802124E-02 a       670     0    34     1    10
 -3.5832487966082033E-01 a       671     0    34     1    11
 -3.3156288622180907E-01 a       672     0    34     1    12
  1.0281070764843168E-02 a       673     0    34     1    13
 -6.1578821495422084E-02 a       674     0    34     1    14
  1.0330538440016881E-01 a       675     0    34     1    15
  1.8285787947184654E-01 a       676     0    34     1    16
  2.4944615234393727E-01 a       677     0    34     1    17
 -1.5813778664183564E-01 a       678     0    34     1    18
 -3.1056504036333994E-02 a       679     0    34     1    19
  4.1434630734990702E-01 a       680     0    34     1    20
 -1.2103954867405346E-01 a       681     0    35     1     1
  1.1810932017401964E-01 a       682     0    35     1     2
 -1.1827048102395087E-01 a       683     0    35     1     3
  2.9759205541710126E-01 a       684     0    35     1     4
 -8.9517969269078776E-02 a       685     0    35     1     5
 -1.5766946647081526E-01 a       686     0    35     1     6
  8.2058853523278200E-02 a       687     0    35     1     7
  1.1114527425662332E-01 a       688     0    35     1     8
 -2.0856803336197455E-01 a       689     0    35     1     9
 -2.1424182216378965E-01 a       690     0    35     1    10
 -1.8826944744962826E-01 a       691     0    35     1    11
 -1.1787118348352089E-01 a       692     0    35     1    12
 -2.9341132367454916E-02 a       693     0    35     1    13
  1.6012904740491096E-01 a       694     0    35     1    14
 -1.7020143487780220E-02 a       695     0    35     1    15
  2.9695439155871285E-02 a       696     0    35     1    16
 -5.6174987437267308E-02 a       697     0    35     1    17
  4.0591566802313225E-02 a       698     0    35     1    18
  2.1766437835783656E-01 a       699     0    35     1    19
  3.1331929027247035E-01 a       700     0    35     1    20
 -8.8962039798916287E-02 a       701     0    36     1     1
  3.7289507020780993E-01 a       702     0    36     1     2
 -3.7136478036705549E-02 a       703     0    36     1     3
 -9.9528111117370699E-03 a       704     0    36     1     4
 -2.3030673408937680E-01 a       705     0    36     1     5
 -1.2246116455973974E-03 a       706     0    36     1     6
 -1.2295093889526071E-01 a       707     0    36     1     7
  1.1031706438858339E-01 a       708     0    36     1     8
 -1.6784094426041946E-01 a       709     0    36     1     9
 -1.2987390264458296E-01 a       710     0    36     1    10
  2.7318980076234678E-01 a       711     0    36     1    11
  3.1188111226656617E-01 a       712     0    36     1    12
 -1.4768553135433071E-01 a       713     0    36     1    13
 -5.7595967987912874E-02 a       714     0    36     1    14
 -1.0126910507380252E-01 a       715     0    36     1    15
  6.0486744299876299E-02 a       716     0    36     1    16
 -3.3685098711914219E-01 a       717     0    36     1    17
 -3.2725596408194813E-01 a       718     0    36     1    18
 -2.6758345371715075E-01 a       719     0    36     1    19
  3.8504714775442594E-02 a       720     0    36     1    20
  1.0923387823471811E-01 a       721     0    37     1     1
 -3.4716327375963479E-01 a       722     0    37     1     2
  2.8893012585153133E-01 a       723     0    37     1     3
  2.6065237490355481E-01 a       724     0    37     1     4
  4.8252859961686584E-01 a       725     0    37     1     5
  4.1963751719460890E-01 a       726     0    37     1     6
  5.5033875870434323E-01 a       727     0    37     1     7
  3.0825964348923901E-01 a       728     0    37     1     8
  3.9486200356263773E-01 a       729     0    37     1     9
 -1.9745576110202812E-01 a       730     0    37     1    10
 -1.6360975155895474E-01 a       731     0    37     1    11
  1.1520175685017776E-01 a       732     0    37     1    12
 -1.4271262524991708E-02 a       733     0    37     1    13
 -5.0659218637454750E-01 a       734     0    37     1    14
 -4.2855952074645520E-01 a       735     0    37     1    15
  3.8284924070526594E-01 a       736     0    37     1    16
 -4.9554841167931261E-02 a       737     0    37     1    17
  3.4633814552338765E-01 a       738     0    37     1    18
  1.4532582931778807E-02 a       739     0    37     1    19
 -6.4758925592398342E-01 a       740     0    37     1    20
 -2.7953284858820756E-02 a       741     0    38     1     1
  1.9032250545814625E-01 a       742     0    38     1     2
  5.5184600023013876E-02 a       743     0    38     1     3
  2.1350068466762431E-02 a       744     0    38     1     4
 -1.8396657359128138E-01 a       745     0    38     1     5
 -2.9560312815343431E-01 a       746     0    38     1     6
 -8.2291368429789052E-03 a       747     0    38     1     7
  1.1062840551194253E-02 a       748     0    38     1     8
 -4.0695708751548869E-02 a       749     0    38     1     9
  1.0123590371145419E-01 a       750     0    38     1    10
  1.2367139296522064E-01 a       751     0    38     1    11
 -7.0039271342871613E-03 a       752     0    38     1    12
 -1.9695106784501884E-01 a       753     0    38     1    13
  1.1374914982936765E-03 a       754     0    38     1    14
  2.6875519413827466E-02 a       755     0    38     1    15
 -7.1491531151174209E-02 a       756     0    38     1    16
 -7.8959204142773796E-04 a       757     0    38     1    17
  4.8156680096922058E-03 a       758     0    38     1    18
 -4.1065891201773515E-02 a       759     0    38     1    19
 -4.3495432476070864E-02 a       760     0    38     1    20
 -6.2066099619038717E-01 a       761     0    39     1     1
  1.5187447802248855E-01 a       762     0    39     1     2
 -6.8815592291275196E-01 a       763     0    39     1     3
 -8.4799280363900775E-01 a       764     0    39     1     4
 -4.7908549328771699E-01 a       765     0    39     1     5
 -5.7494623765969499E-01 a       766     0    39     1     6
 -1.2132119726101689E+00 a       767     0    39     1     7
 -1.2406077654913923E+00 a       768     0    39     1     8
  6.4400368494619298E-01 a       769     0    39     1     9
  3.4932304950255144E-01 a       770     0    39     1    10
 -9.5521080519127860E-02 a       771     0    39     1    11
  9.2915753045457639E-01 a       772     0    39     1    12
  3.5010485210848513E-02 a       773     0    39     1    13
  1.1980219154927407E+00 a       774     0    39     1    14
  2.7779835339341463E-01 a       775     0    39     1    15
 -3.0972539071623045E-01 a       776     0    39     1    16
 -1.5957727920035356E-01 a       777     0    39     1    17
 -8.7807871419319639E-01 a       778     0    39     1    18
 -1.1531937598950384E-01 a       779     0    39     1    19
 -9.7142017079371534E-02 a       780     0    39     1    20
 -6.8135653297469845E-02 a       781     0    40     1     1
 -1.8086579472882672E-01 a       782     0    40     1     2
 -1.2855668780606896E-01 a       783     0    40     1     3
 -7.3339617181504876E-02 a       784     0    40     1     4
  2.3067865690603587E-01 a       785     0    40     1     5
  1.2927793336043750E-01 a       786     0    40     1     6
 -9.0748144308782600E-02 a       787     0    40     1     7
 -2.3311430812480236E-01 a       788     0    40     1     8
 -3.0172350016768218E-01 a       789     0    40     1     9
 -1.0991819117748278E-01 a       790     0    40     1    10
  3.5651724063148579E-02 a       791     0    40     1    11
 -1.0764277429206634E-01 a       792     0    40     1    12
 -2.7518559579251950E-01 a       793     0    40     1    13
 -2.4227566795834582E-01 a       794     0    40     1    14
  2.7056360642887978E-01 a       795     0    40     1    15
  3.1695731856511498E-02 a       796     0    40     1    16
 -5.8789074411594720E-02 a       797     0    40     1    17
 -2.6732723404389774E-01 a       798     0    40     1    18
 -2.1856706936464468E-01 a       799     0    40     1    19
  3.2380449505408410E-01 a       800     0    40     1    20
  1.9102458324419061E-01 a       801     0    41     1     1
 -1.0069007955279778E-01 a       802     0    41     1     2
 -1.1006415634635017E-01 a       803     0    41     1     3
 -3.1341115317433677E-01 a       804     0    41     1     4
  6.7055032231012238E-02 a       805     0    41     1     5
  3.6883256746648890E-01 a       806     0    41     1     6
 -8.5579155938681178E-02 a       807     0    41     1     7
 -1.4437033994368348E-01 a       808     0    41     1     8
  1.2015095513077849E-01 a       809     0    41     1     9
  3.4813858803120640E-01 a       810     0    41     1    10
  2.2877358149069935E-01 a       811     0    41     1    11
  2.4038406588316211E-01 a       812     0    41     1    12
  1.5786095938996283E-01 a       813     0    41     1    13
 -9.7971814575572136E-02 a       814     0    41     1    14
 -1.2632236218854204E-01 a       815     0    41     1    15
  7.4763514497386566E-02 a       816     0    41     1    16
  5.2627379789297553E-02 a       817     0    41     1    17
  3.8315563833506511E-02 a       818     0    41     1    18
 -1.6589342432942131E-01 a       819     0    41     1    19
 -2.9755168726624831E-01 a       820     0    41     1    20
  6.4455496226725195E-02 a       821     0    42     1     1
 -3.0102425713920433E-01 a       822     0    42     1     2
  1.6158804215775355E-01 a       823     0    42     1     3
  4.5832931905040414E-01 a       824     0    42     1     4
  5.0774331487106528E-01 a       825     0    42     1     5
 -2.0044150782847214E-02 a       826     0    42     1     6
  8.9044817755962000E-02 a       827     0    42     1     7
 -1.2838407627497720E-02 a       828     0    42     1     8
 -1.0445009555263467E-01 a       829     0    42     1     9
  1.8368567559118310E-01 a       830     0    42     1    10
 -1.4551747604904242E-01 a       831     0    42     1    11
 -3.6043691588114912E-01 a       832     0    42     1    12
  4.5766098831623148E-01 a       833     0    42     1    13
 -3.7688286077630051E-01 a       834     0    42     1    14
  3.2354893208683684E-02 a       835     0    42     1    15
 -3.5161169700110367E-01 a       836     0    42     1    16
  4.4721968801535006E-01 a       837     0    42     1    17
  4.9988979135250483E-01 a       838     0    42     1    18
  3.7420432111593738E-01 a       839     0    42     1    19
  2.1591821787785881E-01 a       840     0    42     1    20
  4.8085431875736613E-02 a       841     0    43     1     1
 -6.4574835273972253E-01 a       842     0    43     1     2
  3.4365563726626858E-01 a       843     0    43     1     3
  2.9109373303136948E-01 a       844     0    43     1     4
 -9.0457805449934231E-02 a       845     0    43     1     5
  3.6936533954274771E-02 a       846     0    43     1     6
 -2.6462369063494190E-01 a       847     0    43     1     7
  3.8235678138761081E-01 a       848     0    43     1     8
 -1.6634070710695889E-01 a       849     0    43     1     9
 -4.4821668685989502E-01 a       850     0    43     1    10
  2.3526341635906128E-01 a       851     0    43     1    11
 -1.0164754493556234E+00 a       852     0    43     1    12
  6.6015486150851843E-02 a       853     0    43     1    13
 -6.8219327973302560E-02 a       854     0    43     1    14
  2.1550212249885115E-01 a       855     0    43     1    15
 -3.8614069018209080E-01 a       856     0    43     1    16
 -4.8057594038070339E-01 a       857     0    43     1    17
 -5.3180253344678252E-01 a       858     0    43     1    18
  3.7259713036891573E-01 a       859     0    43     1    19
 -2.8593962248586707E-02 a       860     0    43     1    20
 -1.2887590345625770E-02 a       861     0    44     1     1
  4.9519897860292442E-02 a       862     0    44     1     2
  9.8434161316806018E-02 a       863     0    44     1     3
 -3.8622132433290185E-02 a       864     0    44     1     4
 -1.1473075160810461E-01 a       865     0    44     1     5
  9.9170138386244250E-02 a       866     0    44     1     6
 -6.2896065468113993E-02 a       867     0    44     1     7
  4.6616675302819023E-02 a       868     0    44     1     8
 -3.8523835161797845E-02 a       869     0    44     1     9
  2.3103139937121906E-02 a       870     0    44     1    10
  1.6072271246594891E-01 a       871     0    44     1    11
 -1.7764976825531792E-01 a       872     0    44     1    12
 -4.4125730289943599E-02 a       873     0    44     1    13
  1.3575812692041253E-01 a       874     0    44     1    14
 -9.3667912303169371E-02 a       875     0    44     1    15
 -1.2223749505509247E-01 a       876     0    44     1    16
 -7.2232536048013232E-02 a       877     0    44     1    17
  3.8551071214341155E-02 a       878     0    44     1    18
  6.7744278663851715E-02 a       879     0    44     1    19
 -2.7288914029721945E-02 a       880     0    44     1    20
 -2.5896245254489880E-01 a       881     0    45     1     1
  7.4460861822168167E-01 a       882     0    45     1     2
 -3.7307431449972234E-01 a       883     0    45     1     3
 -9.2687664081644791E-02 a       884     0    45     1     4
 -3.8839695930474771E-01 a       885     0    45     1     5
  3.3414504337749007E-03 a       886     0    45     1     6
  6.0031183550568634E-02 a       887     0    45     1     7
 -3.6835909500680575E-01 a       888     0    45     1     8
  4.3539480362914396E-01 a       889     0    45     1     9
  1.4913166254374215E-02 a       890     0    45     1    10
 -4.2514986455478812E-02 a       891     0    45     1    11
  7.8008584527410030E-01 a       892     0    45     1    12
 -3.6241142361180090E-01 a       893     0    45     1    13
  1.8715984206565983E-01 a       894     0    45     1    14
 -1.5004470737331735E-01 a       895     0    45     1    15
  1.6273151548794443E-01 a       896     0    45     1    16
  1.3384249041690877E-01 a       897     0    45     1    17
  3.3821205478326821E-01 a       898     0    45     1    18
 -1.6552980863165387E-01 a       899     0    45     1    19
  3.7365655650202079E-01 a       900     0    45     1    20
  4.6313429352770767E-02 a       901     0    46     1     1
  2.5049751542094822E-02 a       902     0    46     1     2
 -1.7022680663581680E-01 a       903     0    46     1     3
  1.6587516664450697E-01 a       904     0    46     1     4
  2.3530704872245306E-01 a       905     0    46     1     5
  2.1170472943434629E-01 a       906     0    46     1     6
 -1.3318738060627200E-01 a       907     0    46     1     7
 -1.9504416660919982E-02 a       908     0    46     1     8
  2.2387728471267759E-01 a       909     0    46     1     9
  4.3486964750697410E-02 a       910     0    46     1    10
  1.6775110418459352E-01 a       911     0    46     1    11
  8.5803825107537521E-02 a       912     0    46     1    12
  2.4159877645794851E-02 a       913     0    46     1    13
  7.3375595181359693E-02 a       914     0    46     1    14
 -1.4524779902596063E-01 a       915     0    46     1    15
  4.1030719983553744E-04 a       916     0    46     1    16
 -4.4233624395100528E-02 a       917     0    46     1    17
  4.2385553439098639E-02 a       918     0    46     1    18
  4.2430179294730801E-02 a       919     0    46     1    19
 -2.5944259803730341E-01 a       920     0    46     1    20
  5.5216368779759696E-03 a       921     0    47     1     1
 -1.6468983337980028E-01 a       922     0    47     1     2
  9.0505335953522156E-02 a       923     0    47     1     3
 -2.0222324199908302E-02 a       924     0    47     1     4
  3.0591473751074216E-03 a       925     0    47     1     5
 -2.9915784015941621E-01 a       926     0    47     1     6
 -3.0043603189017005E-02 a       927     0    47     1     7
 -7.1457562855455847E-02 a       928     0    47     1     8
  8.3717508485362024E-02 a       929     0    47     1     9
  1.2266866741250736E-01 a       930     0    47     1    10
 -3.7376086753672468E-02 a       931     0    47     1    11
  8.7189839690910136E-03 a       932     0    47     1    12
 -9.6430886997662113E-02 a       933     0    47     1    13
 -1.1607363510847755E-01 a       934     0    47     1    14
 -2.2895943618699355E-01 a       935     0    47     1    15
  1.6950722750904666E-02 a       936     0    47     1    16
 -5.7280275369310914E-02 a       937     0    47     1    17
 -1.1719811301669235E-01 a       938     0    47     1    18
 -2.3174490365175549E-02 a       939     0    47     1    19
 -1.6955951316288193E-01 a       940     0    47     1    20
  6.0703990055241217E-03 a       941     0    48     1     1
 -1.2383686693252058E-02 a       942     0    48     1     2
 -1.6872232615896271E-01 a       943     0    48     1     3
  1.0347683423221693E-01 a       944     0    48     1     4
  3.0444186409348856E-01 a       945     0    48     1     5
 -8.9245590937377436E-03 a       946     0    48     1     6
 -5.1945405929004443E-02 a       947     0    48     1     7
  4.4096481268432873E-02 a       948     0    48     1     8
 -4.0175948490940777E-01 a       949     0    48     1     9
  9.2043643062351216E-02 a       950     0    48     1    10
  8.9602785862027301E-02 a       951     0    48     1    11
 -2.1057200866210835E-01 a       952     0    48     1    12
  1.1164748875360667E-01 a       953     0    48     1    13
 -6.1558989840830039E-02 a       954     0    48     1    14
 -2.6518684919079969E-02 a       955     0    48     1    15
 -4.6678041269463601E-02 a       956     0    48     1    16
  8.6176214099576431E-03 a       957     0    48     1    17
  9.5264655447865054E-02 a       958     0    48     1    18
  9.7888318770661717E-02 a       959     0    48     1    19
  1.4851347835916755E-02 a       960     0    48     1    20
  4.0228281838375041E-02 a       961     0    49     1     1
  4.5026001386255579E-03 a       962     0    49     1     2
  1.0034293084982555E-01 a       963     0    49     1     3
 -5.6062501587476876E-01 a       964     0    49     1     4
 -1.8745834227489355E-01 a       965     0    49     1     5
  1.1800814865521134E-01 a       966     0    49     1     6
  5.8720659346160095E-02 a       967     0    49     1     7
 -2.4055908611353410E-01 a       968     0    49     1     8
 -3.4277688602460460E-01 a       969     0    49     1     9
 -1.7045958009186604E-01 a       970     0    49     1    10
  1.5468424463047489E-01 a       971     0    49     1    11
 -3.0244085780777241E-01 a       972     0    49     1    12
  1.2174710859496378E-01 a       973     0    49     1    13
  2.9087392633812420E-01 a       974     0    49     1    14
  2.8840514386734101E-01 a       975     0    49     1    15
  1.4209759000717465E-01 a       976     0    49     1    16
  2.1396212165567693E-01 a       977     0    49     1    17
 -1.6767115559510273E-01 a       978     0    49     1    18
  4.2492820351627721E-02 a       979     0    49     1    19
 -8.0953714744184793E-02 a       980     0    49     1    20
  6.0471688098475210E-02 a       981     0    50     1     1
 -1.2142249568575375E-01 a       982     0    50     1     2
  1.2072547246270393E-01 a       983     0    50     1     3
 -1.6210731053777025E-01 a       984     0    50     1     4
  1.0850845223280406E-01 a       985     0    50     1     5
  2.8714223181374534E-02 a       986     0    50     1     6
 -3.7750054899154534E-02 a       987     0    50     1     7
 -5.0756625186249606E-03 a       988     0    50     1     8
  6.7032785875478559E-03 a       989     0    50     1     9
  1.4740759024349091E-02 a       990     0    50     1    10
 -1.9225915155306683E-01 a       991     0    50     1    11
 -1.5911998831689173E-02 a       992     0    50     1    12
  1.3134287812151482E-01 a       993     0    50     1    13
  8.4317039985283740E-02 a       994     0    50     1    14
 -2.0346688946456698E-01 a       995     0    50     1    15
  2.5644634252795007E-01 a       996     0    50     1    16
 -2.8598736023032836E-02 a       997     0    50     1    17
  6.7002855446328557E-02 a       998     0    50     1    18
  3.3887156640224687E-02 a       999     0    50     1    19
 -1.2531791332534359E-01 a      1000     0    50     1    20
  1.9692045575038700E-01 a      1001     0    51     1     1
  7.4159846631350390E-01 a      1002     0    51     1     2
  3.1152797234682766E-01 a      1003     0    51     1     3
  3.6303340042944776E-01 a      1004     0    51     1     4
 -1.2131752082409377E-02 a      1005     0    51     1     5
  3.1504629758061661E-02 a      1006     0    51     1     6
 -1.0701034989455839E-01 a      1007     0    51     1     7
  1.0556220994283021E+00 a      1008     0    51     1     8
  4.9035345643276529E-01 a      1009     0    51     1     9
 -1.1064762783079926E-01 a      1010     0    51     1    10
 -1.0259320359443980E+00 a      1011     0    51     1    11
 -5.0997560728397895E-01 a      1012     0    51     1    12
  3.0200897483336447E-01 a      1013     0    51     1    13
 -3.3013380091128564E-01 a      1014     0    51     1    14
 -1.1755833086612687E-01 a      1015     0    51     1    15
  3.7073741139093253E-01 a      1016     0    51     1    16
 -6.7386989233227157E-01 a      1017     0    51     1    17
  6.0589208883936507E-01 a      1018     0    51     1    18
  1.7092343123216394E-01 a      1019     0    51     1    19
  2.2164310193281619E-01 a      1020     0    51     1    20
  1.8383394315084628E-01 a      1021     0    52     1     1
  3.0027279398498063E-01 a      1022     0    52     1     2
 -1.6793633821112963E-01 a      1023     0    52     1     3
  1.7749401385860644E-01 a      1024     0    52     1     4
 -2.3405317111285448E-01 a      1025     0    52     1     5
 -6.1128549311587142E-02 a      1026     0    52     1     6
 -2.8792535103823097E-01 a      1027     0    52     1     7
 -6.6981676098265636E-02 a      1028     0    52     1     8
 -1.9208129056383386E-01 a      1029     0    52     1     9
  2.7337516073302426E-01 a      1030     0    52     1    10
  1.7098183907238146E-01 a      1031     0    52     1    11
  4.2492009922470410E-02 a      1032     0    52     1    12
 -1.9462979180925710E-01 a      1033     0    52     1    13
 -2.5532482070367629E-01 a      1034     0    52     1    14
  6.4014882250867128E-02 a      1035     0    52     1    15
  4.1157339832126738E-01 a      1036     0    52     1    16
  1.7497154024803432E-01 a      1037     0    52     1    17
 -9.3259333756470941E-02 a      1038     0    52     1    18
 -3.2287589994106483E-02 a      1039     0    52     1    19
  5.1748918995044016E-03 a      1040     0    52     1    20
 -1.3155350872296373E-01 a      1041     0    53     1     1
  6.9426436924976326E-02 a      1042     0    53     1     2
  2.4084122961805274E-01 a      1043     0    53     1     3
  9.3391488676757159E-02 a      1044     0    53     1     4
  3.3599120363379198E-02 a      1045     0    53     1     5
  9.7832667167232018E-02 a      1046     0    53     1     6
 -1.6348302523075935E-02 a      1047     0    53     1     7
  5.1281684303087327E-02 a      1048     0    53     1     8
 -1.4060476734951128E-02 a      1049     0    53     1     9
 -1.3229213452063507E-01 a      1050     0    53     1    10
 -5.3574427192194164E-02 a      1051     0    53     1    11
 -1.0777599509450016E-01 a      1052     0    53     1    12
 -9.7528381080596124E-02 a      1053     0    53     1    13
  1.0086637296602553E-01 a      1054     0    53     1    14
  2.8917868606360489E-02 a      1055     0    53     1    15
 -2.9658038354687000E-02 a      1056     0    53     1    16
  1.3193346513221990E-03 a      1057     0    53     1    17
  4.2745544954435895E-02 a      1058     0    53     1    18
  3.6043011934145858E-02 a      1059     0    53     1    19
  2.4573932074923055E-01 a      1060     0    53     1    20
  7.7337762096143889E-02 a      1061     0    54     1     1
  1.6160523315508282E-01 a      1062     0    54     1     2
 -3.0010433863843450E-01 a      1063     0    54     1     3
 -2.3192300333109178E-01 a      1064     0    54     1     4
 -1.9546318971569659E-01 a      1065     0    54     1     5
  5.1131946862115618E-01 a      1066     0    54     1     6
  1.7532668623514611E-01 a      1067     0    54     1     7
 -6.6517510870702665E-02 a      1068     0    54     1     8
 -5.4331402926865384E-02 a      1069     0    54     1     9
 -8.0300903175724553E-02 a      1070     0    54     1    10
  2.6779038460088617E-01 a      1071     0    54     1    11
  2.6328522655630088E-01 a      1072     0    54     1    12
 -1.5909770255535594E-01 a      1073     0    54     1    13
  9.9006444874812846E-02 a      1074     0    54     1    14
 -1.9726426121063928E-02 a      1075     0    54     1    15
  1.6409889022301610E-01 a      1076     0    54     1    16
 -1.3115692047203616E-02 a      1077     0    54     1    17
 -1.9542481753542065E-01 a      1078     0    54     1    18
 -3.1113836186123028E-01 a      1079     0    54     1    19
 -4.1081794180606965E-02 a      1080     0    54     1    20
 -7.5410021306219588E-01 b      1081     1     1
  1.2810290501821162E+00 b      1082     1     2
  1.3589334272439988E+00 b      1083     1     3
 -1.1384261284682626E+00 b      1084     1     4
  6.9410572863418854E-02 b      1085     1     5
  1.3901500209100925E+00 b      1086     1     6
 -1.5045301951017029E-01 b      1087     1     7
 -1.5312196380654483E-01 b      1088     1     8
 -1.4945297643345214E+00 b      1089     1     9
  4.8041323727231611E-01 b      1090     1    10
  9.7164284039964877E-01 b      1091     1    11
  1.0242369642259457E+00 b      1092     1    12
  5.6095512819327720E-01 b      1093     1    13
  1.3916968909402130E-01 b      1094     1    14
  7.6957756433287461E-01 b      1095     1    15
 -1.0248659511294529E+00 b      1096     1    16
  8.9436662347810236E-01 b      1097     1    17
  6.9855751123555188E-01 b      1098     1    18
  2.2709929586169048E-01 b      1099     1    19
  1.4329742962764780E+00 b      1100     1    20
 -5.8051418488887196E-01 a      1101     1     1     2     1
 -6.2403576654713866E-01 a      1102     1     1     2     2
  6.4515417803278396E-01 a      1103     1     1     2     3
  3.3518255372983136E-01 a      1104     1     1     2     4
 -3.6004818110456799E-01 a      1105     1     1     2     5
 -7.4394242926288456E-01 a      1106     1     1     2     6
  3.8240608528786840E-01 a      1107     1     1     2     7
  4.8054350448144367E-01 a      1108     1     1     2     8
 -1.1207084373191686E-01 a      1109     1     1     2     9
 -7.8887578114403265E-02 a      1110     1     1     2    10
  5.7581937882614209E-01 a      1111     1     1     2    11
 -6.9006403848761400E-01 a      1112     1     1     2    12
  4.3117291399764751E-01 a      1113     1     1     2    13
  2.0750887532222317E-01 a      1114     1     1     2    14
  5.7980647184993106E-01 a      1115     1     1     2    15
 -5.3971975614167689E-01 a      1116     1     1     2    16
 -1.7898356881508620E-02 a      1117     1     1     2    17
 -3.2288331677178206E-01 a      1118     1     1     2    18
  4.1651829108221117E-01 a      1119     1     1     2    19
  5.4169966346477882E-01 a      1120     1     1     2    20
 -1.7756658873255485E-01 a      1121     1     2     2     1
  2.0165159730994575E-01 a      1122     1     2     2     2
  1.1153186330978365E-01 a      1123     1     2     2     3
  5.5386876701652772E-02 a      1124     1     2     2     4
  4.7631709657336530E-01 a      1125     1     2     2     5
  4.0228437736842034E-03 a      1126     1     2     2     6
  2.1237629230779664E-01 a      1127     1     2     2     7
  1.5436725540540905E-01 a      1128     1     2     2     8
 -5.2322455337508134E-01 a      1129     1     2     2     9
 -9.4949423084329099E-01 a      1130     1     2     2    10
 -3.6449856495582150E-01 a      1131     1     2     2    11
  7.5098030853740527E-01 a      1132     1     2     2    12
  3.9630966367853832E-01 a      1133     1     2     2    13
  1.4762713539472536E-02 a      1134     1     2     2    14
  5.3966451662934822E-01 a      1135     1     2     2    15
 -4.8365048981393610E-01 a      1136     1     2     2    16
  1.5210759496011697E-01 a      1137     1     2     2    17
 -3.2080300186581971E-02 a      1138     1     2     2    18
  1.4136531583391085E-01 a      1139     1     2     2    19
  2.4198111335380360E-01 a      1140     1     2     2    20
 -3.4718893855105204E-01 a      1141     1     3     2     1
  6.3486925906007685E-02 a      1142     1     3     2     2
  1.8759917189181163E-01 a      1143     1     3     2     3
 -3.5350791227170758E-01 a      1144     1     3     2     4
  3.3214003918692625E-01 a      1145     1     3     2     5
  2.5395684364756164E-02 a      1146     1     3     2     6
  6.8648518543691292E-02 a      1147     1     3     2     7
 -5.1922913672442028E-01 a      1148     1     3     2     8
 -5.4321366384669389E-01 a      1149     1     3     2     9
 -1.3564074313289953E-01 a      1150     1     3     2    10
 -3.0649233664719983E-01 a      1151     1     3     2    11
 -4.9010966383471904E-01 a      1152     1     3     2    12
 -2.2946112060364324E-01 a      1153     1     3     2    13
  3.3322812989159739E-01 a      1154     1     3     2    14
  4.6995072951569766E-02 a      1155     1     3     2    15
 -1.9405287446845448E-01 a      1156     1     3     2    16
 -3.0207668735943227E-02 a      1157     1     3     2    17
 -5.6120539541591507E-03 a      1158     1     3     2    18
 -6.5790922834023846E-01 a      1159     1     3     2    19
 -2.4729883668534688E-01 a      1160     1     3     2    20
 -2.9562221894881285E-01 a      1161     1     4     2     1
 -6.9827176598876106E-01 a      1162     1     4     2     2
 -1.8592791213627924E-01 a      1163     1     4     2     3
 -3.1554087743293590E-03 a      1164     1     4     2     4
  3.9372947820754095E-01 a      1165     1     4     2     5
  1.1770654820189996E-01 a      1166     1     4     2     6
 -1.3371406363976354E-01 a      1167     1     4     2     7
  1.6894496903938316E-01 a      1168     1     4     2     8
 -3.6228843642643171E-01 a      1169     1     4     2     9
  2.9028898706656713E-02 a      1170     1     4     2    10
 -1.7598203312562022E-01 a      1171     1     4     2    11
  3.3087595430369454E-01 a      1172     1     4     2    12
  5.1874288912602451E-01 a      1173     1     4     2    13
 -1.6579198658811653E-01 a      1174     1     4     2    14
  7.5762527186427875E-01 a      1175     1     4     2    15
  5.8416112195452574E-01 a      1176     1     4     2    16
  2.4746726393275353E-01 a      1177     1     4     2    17
 -3.4750758110396240E-01 a      1178     1     4     2    18
 -5.8646010863476827E-01 a      1179     1     4     2    19
  8.1725961240801240E-02 a      1180     1     4     2    20
  2.8782670890055168E-01 a      1181     1     5     2     1
  3.3331388787584876E-01 a      1182     1     5     2     2
  2.0892313627821696E-01 a      1183     1     5     2     3
  3.4776458212964717E-01 a      1184     1     5     2     4
 -3.6222550074654614E-01 a      1185     1     5     2     5
 -4.2564941534525058E-01 a      1186     1     5     2     6
  2.5903247795256990E-01 a      1187     1     5     2     7
  2.2340165423960926E-03 a      1188     1     5     2     8
 -6.7935935766764516E-02 a      1189     1     5     2     9
 -6.7331275712590897E-03 a      1190     1     5     2    10
  3.9732189739814211E-01 a      1191     1     5     2    11
 -5.6664957650690706E-01 a      1192     1     5     2    12
  3.5224813605517202E-01 a      1193     1     5     2    13
 -2.0075452780852956E-01 a      1194     1     5     2    14
 -6.3980883134757505E-01 a      1195     1     5     2    15
  1.5737646493793667E-01 a      1196     1     5     2    16
 -4.2808492332537335E-01 a      1197     1     5     2    17
 -2.3862086847594796E-01 a      1198     1     5     2    18
  4.1750810277056116E-01 a      1199     1     5     2    19
  3.6717959317065846E-01 a      1200     1     5     2    20
 -8.9924136545543237E-02 a      1201     1     6     2     1
  1.2598653644430802E-01 a      1202     1     6     2     2
  4.8144206680835334E-02 a      1203     1     6     2     3
  1.7415879220250188E-02 a      1204     1     6     2     4
  3.5020420917747930E-01 a      1205     1     6     2     5
  6.6896989749578617E-01 a      1206     1     6     2     6
  4.0397451586259586E-01 a      1207     1     6     2     7
  1.3195191060538650E-01 a      1208     1     6     2     8
 -3.2812040721757241E-01 a      1209     1     6     2     9
 -3.1128881807864478E-01 a      1210     1     6     2    10
 -4.0663794421838140E-03 a      1211     1     6     2    11
 -1.1913550914098338E-01 a      1212     1     6     2    12
  1.1000623769549873E-01 a      1213     1     6     2    13
 -4.8523748337909867E-01 a      1214     1     6     2    14
  4.0295891104823928E-01 a      1215     1     6     2    15
  1.6304895791372759E-02 a      1216     1     6     2    16
  1.3595294362384791E-01 a      1217     1     6     2    17
  5.7884087328723598E-02 a      1218     1     6     2    18
 -4.2703926435691741E-01 a      1219     1     6     2    19
 -4.5790520783544858E-01 a      1220     1     6     2    20
 -3.3870477844973196E-01 a      1221     1     7     2     1
  1.8124010156668044E-01 a      1222     1     7     2     2
  5.1098621205122163E-01 a      1223     1     7     2     3
 -2.4197546650476789E-01 a      1224     1     7     2     4
 -2.9526053781946793E-01 a      1225     1     7     2     5
  5.7795978777746271E-01 a      1226     1     7     2     6
  9.8771004203583646E-01 a      1227     1     7     2     7
 -6.2226905924879826E-03 a      1228     1     7     2     8
 -4.4748848341085118E-01 a      1229     1     7     2     9
 -5.1346801712460637E-02 a      1230     1     7     2    10
  5.9908217382449791E-01 a      1231     1     7     2    11
 -2.7833591417574866E-01 a      1232     1     7     2    12
  4.1584647968536181E-01 a      1233     1     7     2    13
 -8.4687495429659643E-01 a      1234     1     7     2    14
 -1.5502730555867161E-01 a      1235     1     7     2    15
 -2.4967001580086243E-01 a      1236     1     7     2    16
 -2.6097363491846692E-01 a      1237     1     7     2    17
 -2.4847445384227002E-01 a      1238     1     7     2    18
  7.9991565175013501E-01 a      1239     1     7     2    19
  1.1224267633226133E-01 a      1240     1     7     2    20
 -3.9369752459527002E-01 a      1241     1     8     2     1
  3.4405745144756694E-01 a      1242     1     8     2     2
 -3.3241233609110643E-01 a      1243     1     8     2     3
 -2.5037936693382468E-01 a      1244     1     8     2     4
  6.2017371020721868E-01 a      1245     1     8     2     5
  4.6199685036780175E-01 a      1246     1     8     2     6
  1.1500989512496880E+00 a      1247     1     8     2     7
 -9.5731399606952727E-01 a      1248     1     8     2     8
 -6.3567535078385617E-01 a      1249     1     8     2     9
 -6.3872552530313750E-02 a      1250     1     8     2    10
  4.7630123336918961E-01 a      1251     1     8     2    11
 -6.4550660850856378E-01 a      1252     1     8     2    12
  5.3683690947454998E-01 a      1253     1     8     2    13
 -5.9954232604590341E-01 a      1254     1     8     2    14
 -3.4107789381849614E-02 a      1255     1     8     2    15
 -2.9924335728273749E-01 a      1256     1     8     2    16
  1.7281047955828227E-01 a      1257     1     8     2    17
  1.5661194799105924E-01 a      1258     1     8     2    18
  4.0130027139216297E-02 a      1259     1     8     2    19
  2.6817531643785669E-01 a      1260     1     8     2    20
  2.2922319466027172E-01 a      1261     1     9     2     1
 -5.2814435258425985E-01 a      1262     1     9     2     2
  2.3086610606991140E-01 a      1263     1     9     2     3
  6.8587922310861371E-01 a      1264     1     9     2     4
 -1.1218793408139303E-01 a      1265     1     9     2     5
 -5.2398743408559913E-02 a      1266     1     9     2     6
  3.4680503717374950E-01 a      1267     1     9     2     7
  4.9161504132567979E-01 a      1268     1     9     2     8
  1.1738954325278585E-01 a      1269     1     9     2     9
 -8.7564719141689229E-01 a      1270     1     9     2    10
 -2.0423933702475883E-01 a      1271     1     9     2    11
  3.1934504450292145E-01 a      1272     1     9     2    12
  4.9573761687182127E-01 a      1273     1     9     2    13
 -5.4207634168832164E-01 a      1274     1     9     2    14
 -7.7434077387195946E-02 a      1275     1     9     2    15
  5.1119440328896104E-01 a      1276     1     9     2    16
 -3.4882429857995570E-02 a      1277     1     9     2    17
  2.2425282172813468E-01 a      1278     1     9     2    18
  5.1723468586982368E-01 a      1279     1     9     2    19
  4.1632012218929121E-01 a      1280     1     9     2    20
  4.1624840318427267E-02 a      1281     1    10     2     1
 -4.5846336571089652E-01 a      1282     1    10     2     2
  1.4652989323540011E-01 a      1283     1    10     2     3
  7.3276503007892591E-01 a      1284     1    10     2     4
 -1.2713462483802590E-01 a      1285     1    10     2     5
  1.7602765850259647E-01 a      1286     1    10     2     6
 -3.5170534865790515E-01 a      1287     1    10     2     7
 -4.1098779928210866E-01 a      1288     1    10     2     8
  2.8965839211041783E-01 a      1289     1    10     2     9
 -1.2860451248141794E-01 a      1290     1    10     2    10
  2.0072815520005524E-01 a      1291     1    10     2    11
  2.3703789685419396E-01 a      1292     1    10     2    12
 -5.0827586705926131E-01 a      1293     1    10     2    13
 -3.4342898277578571E-01 a      1294     1    10     2    14
 -1.9048005875378141E-01 a      1295     1    10     2    15
 -5.5220387997203257E-01 a      1296     1    10     2    16
 -1.1044067796309123E-01 a      1297     1    10     2    17
 -1.6497372997885837E-01 a      1298     1    10     2    18
  4.2525856666261325E-01 a      1299     1    10     2    19
 -2.4224713474191081E-02 a      1300     1    10     2    20
 -3.8449269170013273E-01 a      1301     1    11     2     1
  4.1607862220302549E-03 a      1302     1    11     2     2
  4.0732528921947797E-01 a      1303     1    11     2     3
 -4.2462767345996733E-01 a      1304     1    11     2     4
 -1.3765608583365627E-01 a      1305     1    11     2     5
 -5.7534097723473465E-01 a      1306     1    11     2     6
 -2.1352567548055995E-01 a      1307     1    11     2     7
  3.9624736156309903E-01 a      1308     1    11     2     8
 -2.7504424462867982E-01 a      1309     1    11     2     9
 -9.7513637678727103E-02 a      1310     1    11     2    10
 -8.1312322364349206E-03 a      1311     1    11     2    11
 -4.2527971888743160E-01 a      1312     1    11     2    12
  2.8828541825637688E-01 a      1313     1    11     2    13
 -2.1777291226172360E-01 a      1314     1    11     2    14
  1.2959486057556419E-01 a      1315     1    11     2    15
  1.5167677368331789E-01 a      1316     1    11     2    16
  1.6444544652771928E-01 a      1317     1    11     2    17
  8.8973245654554078E-01 a      1318     1    11     2    18
  4.1490918868537147E-02 a      1319     1    11     2    19
 -7.5450437837913231E-01 a      1320     1    11     2    20
 -5.9621268981694719E-01 a      1321     1    12     2     1
  2.4536294379508669E-01 a      1322     1    12     2     2
  8.1911674554717495E-01 a      1323     1    12     2     3
 -1.7603680995462537E-01 a      1324     1    12     2     4
  2.4401040924684553E-01 a      1325     1    12     2     5
  6.9570876162092621E-02 a      1326     1    12     2     6
 -5.9369626692701372E-01 a      1327     1    12     2     7
  2.6161947583928841E-01 a      1328     1    12     2     8
 -3.2967058296723628E-01 a      1329     1    12     2     9
 -3.4781619654248741E-01 a      1330     1    12     2    10
 -5.8873684841155494E-01 a      1331     1    12     2    11
  1.2192505360787176E+00 a      1332     1    12     2    12
 -1.2014691802037313E-01 a      1333     1    12     2    13
  1.1076416043221021E-01 a      1334     1    12     2    14
  7.0973900397144560E-02 a      1335     1    12     2    15
  1.3027197753231243E-01 a      1336     1    12     2    16
 -2.6607356214409633E-01 a      1337     1    12     2    17
  3.3707306566019335E-01 a      1338     1    12     2    18
 -2.5005837455100755E-01 a      1339     1    12     2    19
  4.9326479291488434E-01 a      1340     1    12     2    20
  6.6258962477342476E-02 a      1341     1    13     2     1
 -3.1732578099899056E-01 a      1342     1    13     2     2
 -9.6735339754933355E-02 a      1343     1    13     2     3
 -4.5387966370759131E-01 a      1344     1    13     2     4
 -4.3554741599737790E-01 a      1345     1    13     2     5
  2.6970062031780852E-02 a      1346     1    13     2     6
  2.9811651427309971E-01 a      1347     1    13     2     7
 -9.0412814201131797E-01 a      1348     1    13     2     8
  5.3656442781473557E-01 a      1349     1    13     2     9
  1.2934562124117696E-01 a      1350     1    13     2    10
 -6.2513103617134558E-01 a      1351     1    13     2    11
 -4.7983364663443037E-02 a      1352     1    13     2    12
 -2.2630184726127855E-01 a      1353     1    13     2    13
 -1.8380592866545981E-01 a      1354     1    13     2    14
  1.4320974190075633E-01 a      1355     1    13     2    15
  3.8659830539086576E-01 a      1356     1    13     2    16
  6.6438264805047587E-01 a      1357     1    13     2    17
 -7.6211446393616615E-03 a      1358     1    13     2    18
 -4.7951969198303294E-02 a      1359     1    13     2    19
 -2.3205817579975097E-01 a      1360     1    13     2    20
  5.0344385026374994E-01 a      1361     1    14     2     1
 -3.6543025624272468E-01 a      1362     1    14     2     2
 -2.9035806057118196E-01 a      1363     1    14     2     3
  5.7341845827798188E-01 a      1364     1    14     2     4
  5.8741987720432209E-02 a      1365     1    14     2     5
  3.0355048062056699E-02 a      1366     1    14     2     6
  4.7601387291228314E-01 a      1367     1    14     2     7
 -5.9375268965200045E-01 a      1368     1    14     2     8
  3.8947541980955479E-02 a      1369     1    14     2     9
  2.0178386496188241E-01 a      1370     1    14     2    10
  6.1430629223674404E-01 a      1371     1    14     2    11
  9.3358462688030763E-01 a      1372     1    14     2    12
  2.4257251044796146E-01 a      1373     1    14     2    13
  6.0882562656013306E-01 a      1374     1    14     2    14
  7.7633069664261548E-02 a      1375     1    14     2    15
  6.9567892131211717E-01 a      1376     1    14     2    16
 -4.7471643666949909E-01 a      1377     1    14     2    17
 -4.1212641258599858E-01 a      1378     1    14     2    18
 -1.1885264185475683E-02 a      1379     1    14     2    19
  7.6318340012239516E-01 a      1380     1    14     2    20
 -9.3533940763004433E-02 a      1381     1    15     2     1
 -4.3754344747364460E-01 a      1382     1    15     2     2
  2.2508452574449410E-02 a      1383     1    15     2     3
  5.1049413908119734E-01 a      1384     1    15     2     4
  5.4205188338844534E-01 a      1385     1    15     2     5
 -3.9183781326688588E-01 a      1386     1    15     2     6
 -2.5430843342818971E-01 a      1387     1    15     2     7
 -3.8310392379966746E-01 a      1388     1    15     2     8
 -4.2405529257199043E-01 a      1389     1    15     2     9
  2.3968785364942333E-01 a      1390     1    15     2    10
  2.7029142642176868E-01 a      1391     1    15     2    11
 -1.0371992284762534E-01 a      1392     1    15     2    12
  1.9761166049183185E-01 a      1393     1    15     2    13
  3.4125764715994439E-01 a      1394     1    15     2    14
 -3.2043592576829383E-01 a      1395     1    15     2    15
  3.3202377246846404E-01 a      1396     1    15     2    16
 -4.6880556042494026E-01 a      1397     1    15     2    17
  1.8081844857716124E-02 a      1398     1    15     2    18
 -1.3894555610626089E-01 a      1399     1    15     2    19
  2.2881154648141816E-01 a      1400     1    15     2    20
 -5.0220948831692891E-01 a      1401     1    16     2     1
  7.4126549376607467E-02 a      1402     1    16     2     2
 -3.0353415911850989E-01 a      1403     1    16     2     3
 -5.4563969466580187E-01 a      1404     1    16     2     4
 -6.7481219655996655E-02 a      1405     1    16     2     5
  3.7038814731651831E-01 a      1406     1    16     2     6
 -6.6555053416754759E-02 a      1407     1    16     2     7
 -8.7734095199387252E-01 a      1408     1    16     2     8
 -2.8480772062235443E-01 a      1409     1    16     2     9
 -3.6383932671874780E-01 a      1410     1    16     2    10
 -3.0617924462108059E-01 a      1411     1    16     2    11
 -5.5424430775728561E-01 a      1412     1    16     2    12
 -3.9245652206403758E-01 a      1413     1    16     2    13
  1.0113430833402264E+00 a      1414     1    16     2    14
 -3.0442961036312022E-01 a      1415     1    16     2    15
 -3.0307674400086890E-02 a      1416     1    16     2    16
  1.5401659231855580E-01 a      1417     1    16     2    17
  3.3197805714570217E-01 a      1418     1    16     2    18
 -9.9203468901705276E-04 a      1419     1    16     2    19
 -3.1966033848187630E-01 a      1420     1    16     2    20
  4.4134799596251667E-01 a      1421     1    17     2     1
 -3.4915747971543687E-01 a      1422     1    17     2     2
 -3.7436646236455567E-01 a      1423     1    17     2     3
  4.4775400615802796E-01 a      1424     1    17     2     4
  1.0463765883400834E-01 a      1425     1    17     2     5
 -4.8869185782414298E-01 a      1426     1    17     2     6
 -6.1181181770764059E-01 a      1427     1    17     2     7
  4.9505681845064251E-02 a      1428     1    17     2     8
  3.6988888997525904E-01 a      1429     1    17     2     9
  2.8698084988067235E-01 a      1430     1    17     2    10
 -2.6779640472923316E-01 a      1431     1    17     2    11
  7.1914403090361678E-01 a      1432     1    17     2    12
 -9.0241217071584459E-02 a      1433     1    17     2    13
  2.5184011539084412E-02 a      1434     1    17     2    14
  2.8525817931020570E-01 a      1435     1    17     2    15
 -6.5418088896895421E-01 a      1436     1    17     2    16
  2.0268098765903175E-01 a      1437     1    17     2    17
 -2.5329429311000484E-01 a      1438     1    17     2    18
  6.2806769768740056E-01 a      1439     1    17     2    19
  8.4593961886801197E-02 a      1440     1    17     2    20
 -1.3913081583400963E-01 a      1441     1    18     2     1
  5.6903102417501985E-03 a      1442     1    18     2     2
 -8.1234567435749569E-02 a      1443     1    18     2     3
 -5.0303846643905015E-01 a      1444     1    18     2     4
  1.9278780868678910E-01 a      1445     1    18     2     5
 -6.3230663018729438E-01 a      1446     1    18     2     6
 -9.2898996942363081E-03 a      1447     1    18     2     7
  7.8468473485609691E-01 a      1448     1    18     2     8
  4.9669311718742071E-01 a      1449     1    18     2     9
  4.4282885469683014E-01 a      1450     1    18     2    10
  3.4490459118619254E-02 a      1451     1    18     2    11
 -7.8356765029118569E-01 a      1452     1    18     2    12
 -2.4744025426728350E-01 a      1453     1    18     2    13
  1.1771548756025932E-01 a      1454     1    18     2    14
  4.6296488968658406E-01 a      1455     1    18     2    15
  1.1272246704346552E-01 a      1456     1    18     2    16
  3.9416036028366636E-01 a      1457     1    18     2    17
  2.8021725794360458E-01 a      1458     1    18     2    18
  5.1797183485861625E-02 a      1459     1    18     2    19
 -7.4579057041592867E-01 a      1460     1    18     2    20
  8.7757892044042873E-01 a      1461     1    19     2     1
  6.3662825365869286E-02 a      1462     1    19     2     2
  3.5482415802172457E-01 a      1463     1    19     2     3
  1.6098235858447141E-01 a      1464     1    19     2     4
  5.7897333232903170E-01 a      1465     1    19     2     5
  2.9368371898370038E-01 a      1466     1    19     2     6
 -2.9556335824228763E-01 a      1467     1    19     2     7
  1.9938322424025168E-01 a      1468     1    19     2     8
 -2.3640352488834609E-01 a      1469     1    19     2     9
  8.1184287888980322E-01 a      1470     1    19     2    10
  2.9140518288480016E-01 a      1471     1    19     2    11
 -4.4670018203292955E-01 a      1472     1    19     2    12
 -4.9677951048263724E-01 a      1473     1    19     2    13
  1.9776262797924871E-01 a      1474     1    19     2    14
 -1.9937676714200056E-01 a      1475     1    19     2    15
 -1.0669098695275073E-01 a      1476     1    19     2    16
 -8.6786489776444808E-01 a      1477     1    19     2    17
  3.3567552108447057E-01 a      1478     1    19     2    18
 -6.7653491078771233E-01 a      1479     1    19     2    19
  2.1700652440428507E-02 a      1480     1    19     2    20
  1.5451292767241806E-01 a      1481     1    20     2     1
 -3.3516108272650413E-01 a      1482     1    20     2     2
 -2.1162787803767333E-01 a      1483     1    20     2     3
  5.6838549518629122E-01 a      1484     1    20     2     4
 -2.9042759629923065E-01 a      1485     1    20     2     5
  3.4214380131462961E-02 a      1486     1    20     2     6
  4.4758975785436156E-01 a      1487     1    20     2     7
 -1.0434868220654268E-01 a      1488     1    20     2     8
 -1.6459972690331096E-01 a      1489     1    20     2     9
  1.6135234987745317E-01 a      1490     1    20     2    10
 -1.2195841317388862E-02 a      1491     1    20     2    11
  2.9536330008840617E-01 a      1492     1    20     2    12
 -4.2245909040891255E-01 a      1493     1    20     2    13
  8.0515444316742868E-01 a      1494     1    20     2    14
  5.5547982066519375E-01 a      1495     1    20     2    15
 -4.9727774367785071E-01 a      1496     1    20     2    16
 -1.2692971723724497E-01 a      1497     1    20     2    17
 -9.4596570504714794E-01 a      1498     1    20     2    18
 -2.7893813056932953E-01 a      1499     1    20     2    19
 -6.0358616178296590E-02 a      1500     1    20     2    20
 -1.2407741478176518E-01 b      1501     2     1
 -2.7294091731012826E-01 b      1502     2     2
  6.5355363694690316E-01 b      1503     2     3
 -5.6327951000567984E-02 b      1504     2     4
 -1.5081381410497776E+00 b      1505     2     5
 -2.0059128672147161E-01 b      1506     2     6
 -6.6421729876850488E-01 b      1507     2     7
  8.8115767919316523E-02 b      1508     2     8
  5.2085080440977238E-01 b      1509     2     9
 -2.9663742488836770E-01 b      1510     2    10
  7.4767639394025698E-01 b      1511     2    11
  4.1276603948333485E-01 b      1512     2    12
 -1.3740449286760059E+00 b      1513     2    13
  1.3292045875547767E+00 b      1514     2    14
  3.2647070098711489E-01 b      1515     2    15
 -1.0723498784791825E+00 b      1516     2    16
 -1.0753512350330456E+00 b      1517     2    17
 -1.1262689331760822E+00 b      1518     2    18
 -1.5864943297990124E+00 b      1519     2    19
 -1.0783290699565137E-01 b      1520     2    20
 -3.2374538753354404E-01 a      1521     2     1     3     1
  6.3946451558522610E-01 a      1522     2     2     3     1
 -9.9061344474793822E-01 a      1523     2     3     3     1
  9.0529004009270297E-01 a      1524     2     4     3     1
 -6.7578915192805705E-02 a      1525     2     5     3     1
 -1.3445449981072784E-02 a      1526     2     6     3     1
  7.2739592017209298E-01 a      1527     2     7     3     1
 -1.2941301776992026E-01 a      1528     2     8     3     1
 -8.5093278977774137E-03 a      1529     2     9     3     1
  4.4127163111363527E-01 a      1530     2    10     3     1
 -5.9453225614488447E-01 a      1531     2    11     3     1
 -9.8503052294840621E-01 a      1532     2    12     3     1
 -3.3256195043111236E-01 a      1533     2    13     3     1
  7.2716617952156315E-01 a      1534     2    14     3     1
  4.0697390895596064E-01 a      1535     2    15     3     1
 -9.6493853950346820E-01 a      1536     2    16     3     1
  1.0798530818787664E+00 a      1537     2    17     3     1
  1.3368584444681202E+00 a      1538     2    18     3     1
 -8.1592032196649733E-01 a      1539     2    19     3     1
  1.0825790388561030E+00 a      1540     2    20     3     1
 -4.8812427296361499E-01 b      1541     3     1
