################################################################################
# Neural network connection values (weights and biases).
################################################################################
# Col  Name       Description
################################################################################
# 1    connection Neural network connection value.
# 2    t          Connection type (a = weight, b = bias).
# 3    index      Index enumerating weights.
# 4    l_s        Starting point layer (end point layer for biases).
# 5    n_s        Starting point neuron in starting layer (end point neuron for biases).
# 6    l_e        End point layer.
# 7    n_e        End point neuron in end layer.
################################################################################
#                      1 2         3     4     5     6     7
#             connection t     index   l_s   n_s   l_e   n_e
############################################################
  7.3903640444412680E-02 a         1     0     1     1     1
 -5.6496261468426652E-03 a         2     0     1     1     2
 -1.7784461366621834E-01 a         3     0     1     1     3
  2.0627300850601488E-01 a         4     0     1     1     4
 -1.1043005869189168E-01 a         5     0     1     1     5
  9.2035176854116177E-02 a         6     0     1     1     6
  1.8980258055552288E-01 a         7     0     1     1     7
  1.8347011684027753E-01 a         8     0     1     1     8
 -9.2136299833915289E-02 a         9     0     1     1     9
  3.4308102116554565E-02 a        10     0     1     1    10
 -2.1096865098953368E-01 a        11     0     1     1    11
  9.1611425322590104E-02 a        12     0     1     1    12
 -1.2875109097448209E-01 a        13     0     1     1    13
  1.7997017656952391E-01 a        14     0     1     1    14
 -1.2314329910116877E-01 a        15     0     1     1    15
 -1.1158099385110154E-01 a        16     0     1     1    16
 -1.3651045576361923E-01 a        17     0     1     1    17
 -1.3529376275936214E-01 a        18     0     1     1    18
 -6.8019405873066041E-02 a        19     0     1     1    19
  3.8452536338911665E-02 a        20     0     1     1    20
  8.8398858437449490E-02 a        21     0     2     1     1
  1.7534021258548074E-01 a        22     0     2     1     2
  3.8986498498215566E-01 a        23     0     2     1     3
  1.2416290891514180E-01 a        24     0     2     1     4
  3.7706315288762665E-01 a        25     0     2     1     5
 -1.7072970379368924E-01 a        26     0     2     1     6
 -7.8097725513465277E-02 a        27     0     2     1     7
  8.1474181122619582E-01 a        28     0     2     1     8
 -5.0594124140781505E-01 a        29     0     2     1     9
  1.1755821383741662E-01 a        30     0     2     1    10
 -2.0848084810590303E-01 a        31     0     2     1    11
  1.2267425348344858E+00 a        32     0     2     1    12
  5.6610378341116485E-01 a        33     0     2     1    13
  4.8744699681263892E-01 a        34     0     2     1    14
 -9.4371912654832621E-02 a        35     0     2     1    15
 -4.9107383700406571E-01 a        36     0     2     1    16
 -1.4346326480284091E+00 a        37     0     2     1    17
 -1.6496448250327797E-01 a        38     0     2     1    18
  6.8883957089898717E-01 a        39     0     2     1    19
  4.5371974064073839E-01 a        40     0     2     1    20
  3.1026770590220128E-02 a        41     0     3     1     1
  8.2191207321999221E-02 a        42     0     3     1     2
  8.2731741191074862E-02 a        43     0     3     1     3
  1.0719242671814948E-02 a        44     0     3     1     4
  3.3454810431133553E-01 a        45     0     3     1     5
 -2.2737134280563542E-01 a        46     0     3     1     6
  5.8406655187018500E-02 a        47     0     3     1     7
 -2.6945052165414979E-01 a        48     0     3     1     8
 -4.7175921089107030E-02 a        49     0     3     1     9
  7.9921069062327862E-02 a        50     0     3     1    10
  1.6842261390327878E-01 a        51     0     3     1    11
  7.5860591752158785E-02 a        52     0     3     1    12
 -5.9284871148308708E-02 a        53     0     3     1    13
  5.3081992308874809E-02 a        54     0     3     1    14
  1.0933497060571112E-01 a        55     0     3     1    15
  3.3550669580731329E-02 a        56     0     3     1    16
 -2.4074136529162776E-01 a        57     0     3     1    17
 -8.4418136057069049E-02 a        58     0     3     1    18
  5.3072236201090930E-02 a        59     0     3     1    19
  4.0634983044450283E-02 a        60     0     3     1    20
 -2.5613532946574280E-01 a        61     0     4     1     1
  9.1646476834323892E-02 a        62     0     4     1     2
  1.7293305742275261E-01 a        63     0     4     1     3
  1.6236380303826278E-02 a        64     0     4     1     4
 -2.3228817398245516E-01 a        65     0     4     1     5
 -2.1916652219490096E-01 a        66     0     4     1     6
 -2.9590968974527221E-01 a        67     0     4     1     7
  2.7785409560515165E-03 a        68     0     4     1     8
  4.2276107727341576E-02 a        69     0     4     1     9
  4.4376615761291482E-02 a        70     0     4     1    10
  1.7403757554874896E-01 a        71     0     4     1    11
 -2.2485705259416396E-02 a        72     0     4     1    12
  4.0045506834796574E-02 a        73     0     4     1    13
 -1.6895990575198463E-01 a        74     0     4     1    14
 -2.1912517205261359E-02 a        75     0     4     1    15
  1.1844177327505016E-01 a        76     0     4     1    16
  1.2533002735238699E-01 a        77     0     4     1    17
 -2.2627937292537054E-02 a        78     0     4     1    18
  1.3531590886163167E-01 a        79     0     4     1    19
  1.4142564598747864E-01 a        80     0     4     1    20
 -1.4865983077589990E+00 a        81     0     5     1     1
  2.1333138723571979E-01 a        82     0     5     1     2
 -1.6151994258903226E+00 a        83     0     5     1     3
 -2.7087722278047971E-01 a        84     0     5     1     4
 -7.0918779191826065E-01 a        85     0     5     1     5
  4.6351847217355835E-01 a        86     0     5     1     6
 -4.1690485796267485E-01 a        87     0     5     1     7
 -2.7286247844393352E-01 a        88     0     5     1     8
 -7.4447208259549114E-01 a        89     0     5     1     9
  2.8633911501294002E-01 a        90     0     5     1    10
 -3.9801405859648953E-01 a        91     0     5     1    11
 -2.0794702266642298E-01 a        92     0     5     1    12
  3.0471485058071329E-01 a        93     0     5     1    13
 -3.2144567211024061E-01 a        94     0     5     1    14
 -1.1851437027561775E+00 a        95     0     5     1    15
  1.1401370130422961E+00 a        96     0     5     1    16
  8.5571895972811052E-01 a        97     0     5     1    17
 -7.1891938402920652E-01 a        98     0     5     1    18
 -1.2378467698071718E+00 a        99     0     5     1    19
 -3.2618910606821194E-01 a       100     0     5     1    20
  1.1292197457826425E-02 a       101     0     6     1     1
  4.4633860425874500E-02 a       102     0     6     1     2
 -1.4932310935340727E-02 a       103     0     6     1     3
  1.4153654843515674E-02 a       104     0     6     1     4
 -1.3713793524647161E-01 a       105     0     6     1     5
 -9.6426451724371073E-02 a       106     0     6     1     6
  3.8157680248108582E-02 a       107     0     6     1     7
  1.2815861140052798E-01 a       108     0     6     1     8
 -1.4079208481054792E-01 a       109     0     6     1     9
 -4.3173386733237739E-03 a       110     0     6     1    10
 -6.9510614430399534E-02 a       111     0     6     1    11
  1.0253749763626126E-01 a       112     0     6     1    12
  1.0226189771360790E-01 a       113     0     6     1    13
  3.1248448845198513E-03 a       114     0     6     1    14
 -1.8871994361220636E-02 a       115     0     6     1    15
 -4.0768872413596405E-02 a       116     0     6     1    16
  1.6831806005398689E-01 a       117     0     6     1    17
 -4.4106648475859780E-02 a       118     0     6     1    18
 -2.8894404268811291E-01 a       119     0     6     1    19
  1.0078295538255086E-01 a       120     0     6     1    20
 -3.2671145794775686E-01 a       121     0     7     1     1
 -1.2810045064916931E-01 a       122     0     7     1     2
 -2.6960047373188106E-01 a       123     0     7     1     3
  1.0120152990336420E-01 a       124     0     7     1     4
 -1.6438774151497790E-01 a       125     0     7     1     5
  1.6889088461285426E-01 a       126     0     7     1     6
 -3.5904752389981070E-03 a       127     0     7     1     7
  3.0747556314290037E-01 a       128     0     7     1     8
  9.0447087730762196E-02 a       129     0     7     1     9
 -1.7694112575827123E-01 a       130     0     7     1    10
 -3.2824209410528306E-02 a       131     0     7     1    11
  1.6525153134976683E-01 a       132     0     7     1    12
  1.5213400503449843E-02 a       133     0     7     1    13
  2.6302692708936409E-01 a       134     0     7     1    14
 -2.6000287342880352E-01 a       135     0     7     1    15
 -2.0485287990220907E-01 a       136     0     7     1    16
 -1.5215153722369412E-01 a       137     0     7     1    17
 -1.3648012921038630E-01 a       138     0     7     1    18
  1.7609802464455707E-01 a       139     0     7     1    19
 -1.9385434834414661E-01 a       140     0     7     1    20
 -1.4196618948108667E-02 a       141     0     8     1     1
  4.5950825067366413E-01 a       142     0     8     1     2
  6.3175679778776062E-01 a       143     0     8     1     3
 -3.1531835547437367E-02 a       144     0     8     1     4
  4.8155477777369438E-01 a       145     0     8     1     5
 -6.6781666696116759E-01 a       146     0     8     1     6
 -3.8571670800656277E-01 a       147     0     8     1     7
 -2.0907921234776325E-01 a       148     0     8     1     8
  4.2440118610650285E-01 a       149     0     8     1     9
 -2.8036607232606345E-02 a       150     0     8     1    10
 -2.4430072428954422E-01 a       151     0     8     1    11
  6.9193572819084304E-01 a       152     0     8     1    12
  3.8847273082687339E-01 a       153     0     8     1    13
  2.3080263564514791E-01 a       154     0     8     1    14
 -1.4480058366031578E-01 a       155     0     8     1    15
 -1.5762918718064459E-01 a       156     0     8     1    16
 -1.3002748501279990E+00 a       157     0     8     1    17
 -1.9211036567614820E-01 a       158     0     8     1    18
  1.3175902170440885E+00 a       159     0     8     1    19
  8.4279671741206919E-01 a       160     0     8     1    20
 -2.2068930148215277E-01 a       161     0     9     1     1
  8.5351691014135589E-02 a       162     0     9     1     2
  9.9003084920952292E-02 a       163     0     9     1     3
  3.3996448965193427E-01 a       164     0     9     1     4
 -7.3198523832971638E-02 a       165     0     9     1     5
  1.6966347408965590E-01 a       166     0     9     1     6
 -3.8450747853540651E-01 a       167     0     9     1     7
  3.0837976852934262E-01 a       168     0     9     1     8
  6.4706894319124242E-02 a       169     0     9     1     9
 -1.6821542861231828E-01 a       170     0     9     1    10
  3.3750217713598173E-02 a       171     0     9     1    11
 -2.0124230097989546E-01 a       172     0     9     1    12
  2.6361023543767953E-01 a       173     0     9     1    13
  8.9875212742089275E-02 a       174     0     9     1    14
 -3.1408802540539804E-01 a       175     0     9     1    15
  1.3793943415672344E-01 a       176     0     9     1    16
 -1.5736616770067788E-01 a       177     0     9     1    17
  9.9011711676280173E-02 a       178     0     9     1    18
  1.3788933504038556E-01 a       179     0     9     1    19
 -3.0531779747166538E-01 a       180     0     9     1    20
 -1.2797502310895673E-01 a       181     0    10     1     1
  2.0068578790895544E-01 a       182     0    10     1     2
 -2.0947649582328667E-02 a       183     0    10     1     3
  9.6430210284631196E-02 a       184     0    10     1     4
 -9.7434289598907989E-03 a       185     0    10     1     5
  3.9112450316665513E-02 a       186     0    10     1     6
 -1.5154894405439467E-01 a       187     0    10     1     7
 -1.0956424339276304E-02 a       188     0    10     1     8
  2.3163981070302694E-02 a       189     0    10     1     9
  5.9416182985666977E-02 a       190     0    10     1    10
  1.7156485442696609E-01 a       191     0    10     1    11
  4.9682316214180643E-02 a       192     0    10     1    12
  1.1314515310377492E-02 a       193     0    10     1    13
 -1.8932976958254126E-02 a       194     0    10     1    14
 -4.9378795020807151E-02 a       195     0    10     1    15
  4.8368428723731732E-02 a       196     0    10     1    16
 -4.9314636336462388E-02 a       197     0    10     1    17
 -4.5682327234532916E-02 a       198     0    10     1    18
  1.2007318182156786E-01 a       199     0    10     1    19
 -1.0600065334984179E-01 a       200     0    10     1    20
 -2.9802725193456764E-01 a       201     0    11     1     1
 -3.6231613365604208E-03 a       202     0    11     1     2
 -1.1202669541439041E+00 a       203     0    11     1     3
 -2.8891504329630158E-01 a       204     0    11     1     4
  1.6819053385793542E-01 a       205     0    11     1     5
  8.5715321359859709E-01 a       206     0    11     1     6
  8.3140354056909116E-01 a       207     0    11     1     7
  6.1292465903938709E-01 a       208     0    11     1     8
 -1.0012263536661228E+00 a       209     0    11     1     9
  7.7804848722074871E-01 a       210     0    11     1    10
  5.6278349632195335E-01 a       211     0    11     1    11
 -2.8134597699375591E-01 a       212     0    11     1    12
  5.3397146830420716E-01 a       213     0    11     1    13
 -5.1224384039219736E-02 a       214     0    11     1    14
 -3.9522186786054944E-02 a       215     0    11     1    15
  4.9441675982247307E-01 a       216     0    11     1    16
  3.1017579050789068E-01 a       217     0    11     1    17
 -2.9199280483066947E-01 a       218     0    11     1    18
 -6.7429726743438190E-01 a       219     0    11     1    19
 -6.0866766536077976E-01 a       220     0    11     1    20
 -2.1940934658369074E-01 a       221     0    12     1     1
 -7.8708250116359652E-02 a       222     0    12     1     2
  4.6498445720921509E-02 a       223     0    12     1     3
 -1.5982075510119216E-02 a       224     0    12     1     4
 -1.8856105606131715E-01 a       225     0    12     1     5
 -4.5408700675490682E-01 a       226     0    12     1     6
 -1.8382302577318929E-01 a       227     0    12     1     7
  8.7356598961539578E-02 a       228     0    12     1     8
 -1.6203871581106512E-02 a       229     0    12     1     9
 -9.7997142814860549E-02 a       230     0    12     1    10
  2.0154735697420484E-01 a       231     0    12     1    11
  1.9664442713296501E-01 a       232     0    12     1    12
  3.2336499765585297E-01 a       233     0    12     1    13
  1.0586788156927034E-01 a       234     0    12     1    14
 -3.4974018839724735E-01 a       235     0    12     1    15
 -3.1333651659873574E-01 a       236     0    12     1    16
 -1.4569920608148604E-01 a       237     0    12     1    17
  2.6467168475366648E-02 a       238     0    12     1    18
 -1.5226462888541842E-03 a       239     0    12     1    19
  9.1330356131185137E-03 a       240     0    12     1    20
 -1.3243741352660882E-01 a       241     0    13     1     1
 -1.5161131509194797E-01 a       242     0    13     1     2
 -8.7752244074519065E-02 a       243     0    13     1     3
 -7.2101678188767629E-02 a       244     0    13     1     4
 -1.5869945438264077E-01 a       245     0    13     1     5
 -5.3481691065664895E-02 a       246     0    13     1     6
  4.7778044137549915E-02 a       247     0    13     1     7
  1.3241244146345724E-01 a       248     0    13     1     8
  1.5740163789163411E-01 a       249     0    13     1     9
 -1.0621488197769714E-01 a       250     0    13     1    10
  3.0488101866167291E-02 a       251     0    13     1    11
  1.0736382587506206E-01 a       252     0    13     1    12
  3.9922614077754687E-02 a       253     0    13     1    13
  5.9704909439154671E-02 a       254     0    13     1    14
 -1.2195878400057185E-01 a       255     0    13     1    15
 -1.7954732002153367E-01 a       256     0    13     1    16
  8.0075782150054460E-04 a       257     0    13     1    17
  2.0675478306288738E-02 a       258     0    13     1    18
  6.0048932023109548E-02 a       259     0    13     1    19
 -1.2023263510327716E-01 a       260     0    13     1    20
 -1.6500380344933793E-01 a       261     0    14     1     1
  2.7419262420558432E-01 a       262     0    14     1     2
  5.5562289585574975E-01 a       263     0    14     1     3
  2.1906089328616728E-02 a       264     0    14     1     4
  2.2416700432804820E-01 a       265     0    14     1     5
 -4.2210948510031536E-02 a       266     0    14     1     6
 -6.4755871235260809E-01 a       267     0    14     1     7
 -2.9933874395988719E-01 a       268     0    14     1     8
  2.7177774939256483E-01 a       269     0    14     1     9
 -4.1871007209779731E-01 a       270     0    14     1    10
 -4.6025194001067926E-01 a       271     0    14     1    11
  3.1531079868176115E-01 a       272     0    14     1    12
 -1.2848583062664429E-01 a       273     0    14     1    13
  1.2462495729071353E-01 a       274     0    14     1    14
  5.0450786635227327E-02 a       275     0    14     1    15
 -9.1145707619093339E-02 a       276     0    14     1    16
 -3.2528488038948178E-01 a       277     0    14     1    17
  3.7973992258410166E-02 a       278     0    14     1    18
  1.6111348145875909E-01 a       279     0    14     1    19
  6.9829064750198441E-02 a       280     0    14     1    20
 -1.5007991928578804E-01 a       281     0    15     1     1
 -2.3723522502233144E-02 a       282     0    15     1     2
  1.2611264141191542E-02 a       283     0    15     1     3
 -1.6081381899871097E-02 a       284     0    15     1     4
 -1.4964360705979851E-01 a       285     0    15     1     5
  1.5734395073254828E-01 a       286     0    15     1     6
 -1.2918854739018781E-01 a       287     0    15     1     7
  1.9378028977833453E-01 a       288     0    15     1     8
 -1.8839405258753755E-02 a       289     0    15     1     9
 -1.5076811134836465E-01 a       290     0    15     1    10
  2.0048703135221518E-01 a       291     0    15     1    11
  6.7136517750830904E-02 a       292     0    15     1    12
  9.9214972233873752E-02 a       293     0    15     1    13
  1.0443565352237935E-01 a       294     0    15     1    14
 -6.5249753014795839E-02 a       295     0    15     1    15
 -5.9314449910789539E-02 a       296     0    15     1    16
 -1.5690142858647466E-01 a       297     0    15     1    17
  1.2887256801196201E-01 a       298     0    15     1    18
 -1.5277625164633785E-01 a       299     0    15     1    19
 -1.6520286577419208E-01 a       300     0    15     1    20
 -1.3925449294890337E-02 a       301     0    16     1     1
  1.3948262093662286E-01 a       302     0    16     1     2
 -5.1247647269064472E-02 a       303     0    16     1     3
  1.8336789340189480E-01 a       304     0    16     1     4
  1.8888637100820997E-02 a       305     0    16     1     5
 -3.4664781680980666E-02 a       306     0    16     1     6
 -1.1360999959360873E-01 a       307     0    16     1     7
 -2.1935314785559270E-03 a       308     0    16     1     8
 -1.7880554089247887E-02 a       309     0    16     1     9
  3.6929477816386197E-02 a       310     0    16     1    10
 -3.7019344940602918E-02 a       311     0    16     1    11
 -5.7416422120642296E-02 a       312     0    16     1    12
 -2.5909805827831988E-02 a       313     0    16     1    13
 -1.9937764586314050E-03 a       314     0    16     1    14
 -6.7992721823586524E-02 a       315     0    16     1    15
  1.0375647429376586E-01 a       316     0    16     1    16
 -3.8924273571604981E-02 a       317     0    16     1    17
 -4.8170569071082352E-02 a       318     0    16     1    18
  3.8298966309640137E-02 a       319     0    16     1    19
 -2.2189812861979907E-03 a       320     0    16     1    20
  3.4950346483325717E-01 a       321     0    17     1     1
 -2.3626851511893757E-01 a       322     0    17     1     2
 -2.2836829655955643E-01 a       323     0    17     1     3
  1.1829813584031727E-02 a       324     0    17     1     4
 -1.8539247887562996E-01 a       325     0    17     1     5
  2.1576986459346612E-01 a       326     0    17     1     6
  4.6450105489735466E-01 a       327     0    17     1     7
  5.1070376222726040E-02 a       328     0    17     1     8
 -4.9501336044905370E-01 a       329     0    17     1     9
  3.9732025151289574E-01 a       330     0    17     1    10
  4.8824645017263496E-01 a       331     0    17     1    11
 -3.4355219715182583E-01 a       332     0    17     1    12
  3.1009970285290234E-01 a       333     0    17     1    13
 -2.6269201098846895E-01 a       334     0    17     1    14
 -4.0764960562950514E-01 a       335     0    17     1    15
  1.8628271790961068E-01 a       336     0    17     1    16
  2.1484482081850351E-01 a       337     0    17     1    17
 -6.2443098448886861E-02 a       338     0    17     1    18
  1.2734474748423563E-01 a       339     0    17     1    19
  2.7774428197602596E-01 a       340     0    17     1    20
  1.2454384176738531E-02 a       341     0    18     1     1
 -2.6797092053360519E-02 a       342     0    18     1     2
  9.6313010419374845E-02 a       343     0    18     1     3
  3.9862067125581532E-02 a       344     0    18     1     4
  9.4055013739534857E-02 a       345     0    18     1     5
 -1.8448204622042719E-01 a       346     0    18     1     6
 -1.2157511194098361E-01 a       347     0    18     1     7
 -1.0018124271196629E-02 a       348     0    18     1     8
 -1.5183922102818092E-02 a       349     0    18     1     9
  8.6277747200726399E-03 a       350     0    18     1    10
 -4.4876348951519394E-02 a       351     0    18     1    11
 -5.5487737957971191E-03 a       352     0    18     1    12
  2.0728379169610198E-01 a       353     0    18     1    13
 -3.4207488793905297E-02 a       354     0    18     1    14
 -1.6616309624294096E-01 a       355     0    18     1    15
 -9.6510346573261199E-03 a       356     0    18     1    16
  2.6182785200162720E-02 a       357     0    18     1    17
 -5.1005932731151102E-02 a       358     0    18     1    18
  9.0859733145523744E-02 a       359     0    18     1    19
  6.0494288000857536E-02 a       360     0    18     1    20
 -1.5390904419953309E-02 a       361     0    19     1     1
 -4.6326580466868737E-02 a       362     0    19     1     2
 -1.3381390590780856E-02 a       363     0    19     1     3
 -1.1097606702082510E-01 a       364     0    19     1     4
 -4.3976414833856226E-02 a       365     0    19     1     5
  1.8675111053935493E-02 a       366     0    19     1     6
  9.6197682771055670E-02 a       367     0    19     1     7
  2.1079741628268731E-02 a       368     0    19     1     8
  8.4828140646931990E-02 a       369     0    19     1     9
 -2.7369701518614453E-02 a       370     0    19     1    10
  8.4490150238061057E-02 a       371     0    19     1    11
  8.9504195827464023E-02 a       372     0    19     1    12
  4.3420386637154702E-02 a       373     0    19     1    13
 -7.0491686541680832E-03 a       374     0    19     1    14
  5.7676318641478451E-02 a       375     0    19     1    15
 -1.5700735123462684E-01 a       376     0    19     1    16
  1.3550786960537019E-03 a       377     0    19     1    17
  1.0640840427577079E-01 a       378     0    19     1    18
 -1.7761151530599900E-02 a       379     0    19     1    19
 -1.1234271048283574E-01 a       380     0    19     1    20
 -4.3607298877892114E-01 a       381     0    20     1     1
  5.6208875495837800E-02 a       382     0    20     1     2
 -2.3292306496917235E-02 a       383     0    20     1     3
 -2.8929982510172320E-01 a       384     0    20     1     4
  3.1481180433111666E-01 a       385     0    20     1     5
 -7.7805028922905015E-02 a       386     0    20     1     6
 -2.7433235116548399E-01 a       387     0    20     1     7
  5.7245971613541745E-02 a       388     0    20     1     8
  2.8603114915339639E-01 a       389     0    20     1     9
 -3.4505667783660432E-01 a       390     0    20     1    10
 -2.5526838541178404E-01 a       391     0    20     1    11
  3.6127955977812176E-01 a       392     0    20     1    12
 -3.9513976347860724E-01 a       393     0    20     1    13
  3.1232971386842118E-01 a       394     0    20     1    14
  3.9132755537903363E-01 a       395     0    20     1    15
 -2.5147032143655812E-01 a       396     0    20     1    16
 -1.4030696028068532E-01 a       397     0    20     1    17
  1.7283289880008329E-01 a       398     0    20     1    18
 -3.1703911605401688E-02 a       399     0    20     1    19
 -4.2516590420205042E-01 a       400     0    20     1    20
 -7.6182074498074723E-02 a       401     0    21     1     1
  2.7105602591401979E-02 a       402     0    21     1     2
 -1.6856694845650465E-02 a       403     0    21     1     3
 -1.0752477167400639E-03 a       404     0    21     1     4
 -7.9063169118647275E-02 a       405     0    21     1     5
  3.3642182686861963E-02 a       406     0    21     1     6
  1.0328671873199993E-01 a       407     0    21     1     7
 -1.4035623019868928E-02 a       408     0    21     1     8
  4.2321069605209344E-02 a       409     0    21     1     9
 -1.9414669357146190E-02 a       410     0    21     1    10
  9.5146849315829243E-02 a       411     0    21     1    11
  2.4776006890897149E-03 a       412     0    21     1    12
 -3.8669232614603047E-02 a       413     0    21     1    13
  7.4172629143120283E-02 a       414     0    21     1    14
  1.0614893800753089E-01 a       415     0    21     1    15
 -3.9199136304194616E-02 a       416     0    21     1    16
 -9.7080023080383229E-02 a       417     0    21     1    17
  1.7232692350815360E-02 a       418     0    21     1    18
 -1.3064476956330159E-01 a       419     0    21     1    19
 -1.4727322894966710E-01 a       420     0    21     1    20
 -8.2143333058573107E-03 a       421     0    22     1     1
  3.0861891519033183E-02 a       422     0    22     1     2
 -4.7648101764263526E-02 a       423     0    22     1     3
  1.0922586553110140E-01 a       424     0    22     1     4
 -6.5617297805345462E-02 a       425     0    22     1     5
 -1.2651737490951342E-02 a       426     0    22     1     6
 -1.0177766736725251E-01 a       427     0    22     1     7
  3.5435888006380666E-02 a       428     0    22     1     8
 -6.6859871773873272E-02 a       429     0    22     1     9
 -3.4784428452933826E-03 a       430     0    22     1    10
 -8.9904213361125876E-02 a       431     0    22     1    11
 -5.2683644999177576E-02 a       432     0    22     1    12
 -1.4515801683459112E-01 a       433     0    22     1    13
  1.4235245234701325E-02 a       434     0    22     1    14
 -8.4062444965001593E-02 a       435     0    22     1    15
  1.0883983538737504E-01 a       436     0    22     1    16
 -1.5449000633997288E-02 a       437     0    22     1    17
 -7.5255813580484845E-02 a       438     0    22     1    18
  1.5627536629747876E-02 a       439     0    22     1    19
  1.3604300834890556E-01 a       440     0    22     1    20
  5.1851101202999972E-01 a       441     0    23     1     1
 -3.1653360367698091E-01 a       442     0    23     1     2
  4.6544022916345684E-02 a       443     0    23     1     3
  1.2232284648214722E-01 a       444     0    23     1     4
  9.9313491167827589E-02 a       445     0    23     1     5
 -2.5457827576495773E-01 a       446     0    23     1     6
  3.5967703074605062E-02 a       447     0    23     1     7
 -3.0788584096995092E-01 a       448     0    23     1     8
 -5.5810101344350146E-02 a       449     0    23     1     9
  2.0787135281629920E-01 a       450     0    23     1    10
  8.8337052716339487E-03 a       451     0    23     1    11
 -1.9697845745537082E-01 a       452     0    23     1    12
  7.8311256576828492E-01 a       453     0    23     1    13
 -3.6316995965036541E-01 a       454     0    23     1    14
 -3.6334738130032995E-01 a       455     0    23     1    15
  4.0538362571042423E-02 a       456     0    23     1    16
  1.3415411032363203E-01 a       457     0    23     1    17
 -4.1387653242205086E-02 a       458     0    23     1    18
  1.7239252606290262E-01 a       459     0    23     1    19
  1.7766060747803003E-01 a       460     0    23     1    20
  8.6678129710728705E-02 a       461     0    24     1     1
 -6.9999513226709831E-02 a       462     0    24     1     2
  5.9392093650156894E-02 a       463     0    24     1     3
 -3.6018219244542495E-02 a       464     0    24     1     4
  9.8760698178407796E-02 a       465     0    24     1     5
 -1.0881738616725777E-01 a       466     0    24     1     6
 -6.5974849476509112E-02 a       467     0    24     1     7
 -5.6540259416562211E-02 a       468     0    24     1     8
  4.1366035711105651E-03 a       469     0    24     1     9
  4.3872596281872393E-03 a       470     0    24     1    10
 -4.4237081018592903E-02 a       471     0    24     1    11
  8.7499999238206203E-03 a       472     0    24     1    12
  9.3618895416630418E-02 a       473     0    24     1    13
 -7.2917068159435397E-02 a       474     0    24     1    14
 -7.4653169231063007E-02 a       475     0    24     1    15
  1.6932319251615343E-03 a       476     0    24     1    16
  7.6348350319368125E-02 a       477     0    24     1    17
  4.3831260725912223E-02 a       478     0    24     1    18
  7.2231056904699456E-02 a       479     0    24     1    19
  6.8391502710011917E-02 a       480     0    24     1    20
 -1.1546208038315763E-02 a       481     0    25     1     1
  2.6160653653609766E-03 a       482     0    25     1     2
  4.8036171534105061E-03 a       483     0    25     1     3
 -1.3443538131121997E-02 a       484     0    25     1     4
  1.8599811821295165E-02 a       485     0    25     1     5
  6.6772356355978522E-03 a       486     0    25     1     6
  3.4864912580519013E-02 a       487     0    25     1     7
  2.1093578484618857E-02 a       488     0    25     1     8
  4.7687615404942749E-02 a       489     0    25     1     9
 -1.7315627971519129E-03 a       490     0    25     1    10
  2.9132703119308059E-02 a       491     0    25     1    11
  2.0779716563491316E-02 a       492     0    25     1    12
  8.0644325481198778E-02 a       493     0    25     1    13
 -3.1906671075898610E-03 a       494     0    25     1    14
  3.4897818917747431E-02 a       495     0    25     1    15
 -7.6193996143929521E-02 a       496     0    25     1    16
  1.0265452482375809E-02 a       497     0    25     1    17
  4.4530033074226233E-02 a       498     0    25     1    18
  1.1663297302334761E-02 a       499     0    25     1    19
 -1.0730109865952990E-01 a       500     0    25     1    20
 -1.6369468473870114E-01 a       501     0    26     1     1
  2.3820949139935016E-01 a       502     0    26     1     2
 -6.8379940456553892E-03 a       503     0    26     1     3
 -1.0040832739147391E-01 a       504     0    26     1     4
 -6.6879853254748853E-03 a       505     0    26     1     5
  2.5489214214785455E-01 a       506     0    26     1     6
 -3.0240839087129070E-02 a       507     0    26     1     7
  2.5507460484648414E-01 a       508     0    26     1     8
  5.5035665870539919E-03 a       509     0    26     1     9
 -1.2058227626249533E-02 a       510     0    26     1    10
  9.0949196149330350E-02 a       511     0    26     1    11
  4.3412495920184868E-02 a       512     0    26     1    12
 -3.0523602491853696E-01 a       513     0    26     1    13
  6.0136528457267642E-02 a       514     0    26     1    14
  2.3908735861562586E-01 a       515     0    26     1    15
  1.2517281936956329E-01 a       516     0    26     1    16
  9.7552162637681348E-05 a       517     0    26     1    17
  4.2819229425966505E-02 a       518     0    26     1    18
 -2.7808878306946984E-02 a       519     0    26     1    19
 -8.1853335602958946E-02 a       520     0    26     1    20
 -4.7509819872423149E-02 a       521     0    27     1     1
  4.1857394130428521E-02 a       522     0    27     1     2
 -1.2591011130290762E-02 a       523     0    27     1     3
  2.4313487263832555E-02 a       524     0    27     1     4
 -1.3805246766679456E-02 a       525     0    27     1     5
  6.5485836553936319E-02 a       526     0    27     1     6
  2.9021763434391973E-02 a       527     0    27     1     7
  3.2616073505930196E-02 a       528     0    27     1     8
 -3.3124938100889692E-02 a       529     0    27     1     9
  8.6474423332936184E-03 a       530     0    27     1    10
  1.5205702090686850E-02 a       531     0    27     1    11
 -7.4383586011832689E-03 a       532     0    27     1    12
 -5.4017310583935685E-03 a       533     0    27     1    13
  4.3306824746696712E-02 a       534     0    27     1    14
  4.0242541087508805E-02 a       535     0    27     1    15
  2.6976176614133034E-02 a       536     0    27     1    16
 -3.6946361879179337E-02 a       537     0    27     1    17
 -6.3147867988567447E-02 a       538     0    27     1    18
 -3.4972955862814119E-02 a       539     0    27     1    19
 -1.6725132835830239E-02 a       540     0    27     1    20
  2.1736932071921101E-02 a       541     0    28     1     1
  6.3349903218683321E-04 a       542     0    28     1     2
  5.5539318127170072E-03 a       543     0    28     1     3
 -9.1732731331537320E-03 a       544     0    28     1     4
 -2.2505529944495624E-02 a       545     0    28     1     5
 -9.1065651938998550E-03 a       546     0    28     1     6
 -2.4681112377532788E-02 a       547     0    28     1     7
 -1.4907140736736543E-02 a       548     0    28     1     8
  3.4680001383367306E-04 a       549     0    28     1     9
 -6.3302785907636064E-03 a       550     0    28     1    10
  8.6003940737555979E-03 a       551     0    28     1    11
  6.2548005017503089E-04 a       552     0    28     1    12
 -3.4401312056978550E-02 a       553     0    28     1    13
 -1.2230386419394194E-02 a       554     0    28     1    14
 -9.6638616868067774E-03 a       555     0    28     1    15
  2.3980036960975250E-02 a       556     0    28     1    16
 -4.3826118092221995E-03 a       557     0    28     1    17
  9.8689237105637640E-03 a       558     0    28     1    18
 -7.1938226010345519E-03 a       559     0    28     1    19
  2.4644702506725315E-02 a       560     0    28     1    20
  1.1466940294859963E-01 a       561     0    29     1     1
 -5.7374902040438040E-02 a       562     0    29     1     2
  8.4810517621986284E-02 a       563     0    29     1     3
  1.1123093289912557E-01 a       564     0    29     1     4
 -3.4786789019223524E-02 a       565     0    29     1     5
 -5.1564085465862809E-02 a       566     0    29     1     6
 -1.1123891662342561E-01 a       567     0    29     1     7
 -1.0219577360975471E-01 a       568     0    29     1     8
 -4.3973940080974973E-02 a       569     0    29     1     9
  4.2331536125412371E-02 a       570     0    29     1    10
 -2.6868038354276258E-02 a       571     0    29     1    11
 -5.3466057879302427E-02 a       572     0    29     1    12
  9.7093251672720884E-02 a       573     0    29     1    13
 -7.2131768998967505E-02 a       574     0    29     1    14
 -6.8403870750576010E-02 a       575     0    29     1    15
  1.3482618827488206E-02 a       576     0    29     1    16
  8.1745428548779281E-02 a       577     0    29     1    17
 -7.3167091787325195E-02 a       578     0    29     1    18
  1.2456019296177974E-01 a       579     0    29     1    19
 -5.1562609400307963E-02 a       580     0    29     1    20
  2.7609660665941459E-02 a       581     0    30     1     1
 -9.7024740856370695E-03 a       582     0    30     1     2
  2.3302771956155620E-02 a       583     0    30     1     3
 -2.5851830553924454E-02 a       584     0    30     1     4
  2.8918940167541561E-02 a       585     0    30     1     5
 -5.2207191471530544E-02 a       586     0    30     1     6
  1.2160645851865643E-02 a       587     0    30     1     7
 -5.5314592934104422E-02 a       588     0    30     1     8
  2.3996082950689727E-02 a       589     0    30     1     9
  4.2931354644299407E-03 a       590     0    30     1    10
  2.0102653926274014E-02 a       591     0    30     1    11
  7.6222677018129440E-03 a       592     0    30     1    12
  2.9564602185922415E-02 a       593     0    30     1    13
 -2.1536334794191699E-02 a       594     0    30     1    14
 -3.2090336964563856E-03 a       595     0    30     1    15
 -9.5002246127777242E-03 a       596     0    30     1    16
  1.2346938249740230E-02 a       597     0    30     1    17
  3.9266240090513008E-02 a       598     0    30     1    18
 -8.3365482006488509E-03 a       599     0    30     1    19
 -3.3082034150201983E-03 a       600     0    30     1    20
  7.0695271613941596E-02 a       601     0    31     1     1
  1.9616817891689831E-02 a       602     0    31     1     2
  7.8984853156886428E-02 a       603     0    31     1     3
  5.5028409996414007E-02 a       604     0    31     1     4
  6.9785448433916000E-02 a       605     0    31     1     5
 -2.4145155383873664E-02 a       606     0    31     1     6
 -1.3285067800190870E-01 a       607     0    31     1     7
 -8.0829203263654434E-02 a       608     0    31     1     8
 -1.3112933344720612E-01 a       609     0    31     1     9
 -3.6090129464279360E-03 a       610     0    31     1    10
 -5.3107943651960483E-02 a       611     0    31     1    11
  6.2786600405213083E-02 a       612     0    31     1    12
  3.1610240722476521E-02 a       613     0    31     1    13
 -3.1151947560889751E-02 a       614     0    31     1    14
  1.8512404558511133E-02 a       615     0    31     1    15
  7.4229628440450127E-02 a       616     0    31     1    16
 -3.7578157115347496E-02 a       617     0    31     1    17
 -1.0994958971020651E-01 a       618     0    31     1    18
 -1.1774881409430286E-02 a       619     0    31     1    19
  9.2437833594432098E-02 a       620     0    31     1    20
  3.2242051223795370E-01 a       621     0    32     1     1
  6.7414328712250685E-02 a       622     0    32     1     2
  2.2845085785510325E-01 a       623     0    32     1     3
  1.0369610512554082E-01 a       624     0    32     1     4
  1.5678598854133391E-02 a       625     0    32     1     5
 -1.2820451203597238E-01 a       626     0    32     1     6
  9.4423758398586952E-02 a       627     0    32     1     7
 -2.8632365638046282E-02 a       628     0    32     1     8
 -3.5683451093893076E-01 a       629     0    32     1     9
  6.4426428202659536E-02 a       630     0    32     1    10
 -2.8999917176178386E-01 a       631     0    32     1    11
 -2.8693265601171858E-01 a       632     0    32     1    12
 -1.5652034978112722E-01 a       633     0    32     1    13
 -1.1021203605834708E-01 a       634     0    32     1    14
  1.1212051479235334E-01 a       635     0    32     1    15
  1.9722864394163303E-01 a       636     0    32     1    16
  1.8478105170630021E-01 a       637     0    32     1    17
  1.8390755512159521E-01 a       638     0    32     1    18
 -1.8110030513293221E-01 a       639     0    32     1    19
  2.6031990640996661E-01 a       640     0    32     1    20
  1.6843306165214161E-02 a       641     0    33     1     1
  4.9577227057059310E-02 a       642     0    33     1     2
 -4.9310163946085998E-02 a       643     0    33     1     3
  1.0397423555257669E-01 a       644     0    33     1     4
 -9.7651744962349348E-03 a       645     0    33     1     5
  1.0375949237203790E-01 a       646     0    33     1     6
 -3.0880415156630536E-02 a       647     0    33     1     7
  1.9535417056057408E-01 a       648     0    33     1     8
  1.3468651034252890E-01 a       649     0    33     1     9
 -1.3584966127701928E-02 a       650     0    33     1    10
 -3.6426947127320815E-02 a       651     0    33     1    11
 -7.0888529909651693E-02 a       652     0    33     1    12
 -1.0995619997044966E-02 a       653     0    33     1    13
  3.4324113451609205E-02 a       654     0    33     1    14
  5.4190673808005865E-02 a       655     0    33     1    15
  6.1630046422806756E-02 a       656     0    33     1    16
  5.1316529680876757E-02 a       657     0    33     1    17
 -9.3119883250803753E-02 a       658     0    33     1    18
  6.2967604155767687E-02 a       659     0    33     1    19
 -1.5368667619051110E-01 a       660     0    33     1    20
  5.6578843678898771E-01 a       661     0    34     1     1
  2.3324199580783664E-01 a       662     0    34     1     2
  4.9464003540891105E-01 a       663     0    34     1     3
 -3.8506664353993825E-01 a       664     0    34     1     4
  2.7549788783293921E-01 a       665     0    34     1     5
  1.7556359066776307E-02 a       666     0    34     1     6
  9.5086203171190886E-01 a       667     0    34     1     7
  4.9617105453317906E-01 a       668     0    34     1     8
 -7.7272670356046214E-01 a       669     0    34     1     9
 -3.4768440320566263E-01 a       670     0    34     1    10
 -1.0940444491050437E-01 a       671     0    34     1    11
 -6.6737180538011942E-01 a       672     0    34     1    12
 -6.8119324691443450E-01 a       673     0    34     1    13
  4.2852619788968821E-01 a       674     0    34     1    14
  7.6158781355098470E-01 a       675     0    34     1    15
 -5.5185755252310231E-01 a       676     0    34     1    16
  8.3242581842931818E-01 a       677     0    34     1    17
  8.3067898844421773E-01 a       678     0    34     1    18
  1.0226040626696097E-01 a       679     0    34     1    19
  5.5440218387074180E-01 a       680     0    34     1    20
  1.3134858240476662E-02 a       681     0    35     1     1
  1.5408664986656773E-01 a       682     0    35     1     2
 -9.9207852885680823E-03 a       683     0    35     1     3
 -1.1865170120549043E-01 a       684     0    35     1     4
 -1.8281377238041618E-01 a       685     0    35     1     5
 -8.3849624494905795E-02 a       686     0    35     1     6
  2.2715186479922009E-01 a       687     0    35     1     7
 -1.9772641664076296E-01 a       688     0    35     1     8
 -1.6385332538570294E-01 a       689     0    35     1     9
  2.1387598523214546E-01 a       690     0    35     1    10
 -2.4718148766064751E-01 a       691     0    35     1    11
 -8.9210665726610572E-02 a       692     0    35     1    12
 -5.0154497375848062E-01 a       693     0    35     1    13
 -1.4638267160863538E-02 a       694     0    35     1    14
  2.1061341810505924E-01 a       695     0    35     1    15
  2.1387967424971538E-01 a       696     0    35     1    16
  2.3401385338693856E-01 a       697     0    35     1    17
 -2.7153594206335629E-01 a       698     0    35     1    18
 -1.2532107888124905E-01 a       699     0    35     1    19
  2.7639689592298478E-01 a       700     0    35     1    20
 -1.6883664500144718E-01 a       701     0    36     1     1
 -4.7444372972802653E-03 a       702     0    36     1     2
  9.2565811220340216E-02 a       703     0    36     1     3
 -7.2033915104845830E-02 a       704     0    36     1     4
 -1.1966974168682466E-01 a       705     0    36     1     5
 -2.0333657087120444E-02 a       706     0    36     1     6
  8.1185655591815703E-03 a       707     0    36     1     7
 -1.7558980175141986E-01 a       708     0    36     1     8
 -1.4975375299232352E-01 a       709     0    36     1     9
 -4.6909023250354780E-04 a       710     0    36     1    10
  6.0867975805225946E-02 a       711     0    36     1    11
 -7.9728816075495534E-02 a       712     0    36     1    12
 -1.8090041539144358E-01 a       713     0    36     1    13
  1.3694956696923363E-01 a       714     0    36     1    14
  6.4104672572187923E-02 a       715     0    36     1    15
  9.2780698868068001E-02 a       716     0    36     1    16
  8.1784580211468297E-02 a       717     0    36     1    17
 -6.1529082906016989E-02 a       718     0    36     1    18
 -1.7372524680339960E-01 a       719     0    36     1    19
  2.4901828045498098E-01 a       720     0    36     1    20
 -3.2378899616698081E-01 a       721     0    37     1     1
 -7.2174308488010874E-02 a       722     0    37     1     2
 -3.2508569264069309E-02 a       723     0    37     1     3
 -5.5737350383257042E-02 a       724     0    37     1     4
 -1.1906751215856988E-01 a       725     0    37     1     5
 -2.4053330334983209E-02 a       726     0    37     1     6
  3.1727624589136139E-01 a       727     0    37     1     7
  7.3987770596638539E-02 a       728     0    37     1     8
 -7.1018847675734978E-02 a       729     0    37     1     9
 -1.5800211502108363E-02 a       730     0    37     1    10
  6.3102507130320284E-02 a       731     0    37     1    11
 -5.8903936895281152E-02 a       732     0    37     1    12
  6.7198698579996205E-02 a       733     0    37     1    13
  1.6502261417457562E-01 a       734     0    37     1    14
 -2.5127803577577013E-01 a       735     0    37     1    15
 -1.4693764062043985E-01 a       736     0    37     1    16
  3.3884585001482170E-02 a       737     0    37     1    17
  8.1773530574709041E-02 a       738     0    37     1    18
 -4.0866498702134595E-02 a       739     0    37     1    19
  2.0124053516970625E-01 a       740     0    37     1    20
  4.6586820909411852E-02 a       741     0    38     1     1
  3.5675265080915834E-02 a       742     0    38     1     2
  2.0445965429676505E-03 a       743     0    38     1     3
  9.7508835665748375E-02 a       744     0    38     1     4
 -5.6646372360577991E-02 a       745     0    38     1     5
 -8.8147944843874962E-02 a       746     0    38     1     6
 -7.5355286530338808E-02 a       747     0    38     1     7
 -7.5925788346485230E-03 a       748     0    38     1     8
 -1.5302634559346701E-01 a       749     0    38     1     9
  5.2956482815461350E-02 a       750     0    38     1    10
 -1.9724009110353280E-01 a       751     0    38     1    11
  1.5147319957496683E-01 a       752     0    38     1    12
  5.9456237079234954E-02 a       753     0    38     1    13
  4.4840378462625757E-02 a       754     0    38     1    14
  4.4529185252335048E-02 a       755     0    38     1    15
  1.7252690683861815E-03 a       756     0    38     1    16
 -1.0436814768235257E-01 a       757     0    38     1    17
 -1.3748380457009365E-01 a       758     0    38     1    18
 -1.3953533632159160E-01 a       759     0    38     1    19
  2.1886919688653586E-01 a       760     0    38     1    20
  1.4904054181990693E-02 a       761     0    39     1     1
 -1.9852005515849902E-01 a       762     0    39     1     2
  2.0532543973356646E-01 a       763     0    39     1     3
 -1.5503860946250187E-03 a       764     0    39     1     4
 -6.7966173716701425E-02 a       765     0    39     1     5
 -1.1492198668815588E-01 a       766     0    39     1     6
  1.6489506349012188E-02 a       767     0    39     1     7
 -1.0809407065004027E-01 a       768     0    39     1     8
  2.5088532340185744E-02 a       769     0    39     1     9
  2.6185124852640745E-01 a       770     0    39     1    10
 -1.9783939116755009E-01 a       771     0    39     1    11
 -2.9307942460466924E-01 a       772     0    39     1    12
  3.3073694861833203E-02 a       773     0    39     1    13
 -2.3299508717111558E-01 a       774     0    39     1    14
 -2.5050403541245391E-02 a       775     0    39     1    15
 -2.6349980892930097E-01 a       776     0    39     1    16
 -1.3058374722526825E-01 a       777     0    39     1    17
  2.9426698178819161E-01 a       778     0    39     1    18
  2.3269238553849389E-01 a       779     0    39     1    19
 -5.1160433693888308E-01 a       780     0    39     1    20
 -3.2473124724792451E-01 a       781     0    40     1     1
 -6.8426519949414177E-01 a       782     0    40     1     2
  3.4605495145030052E-01 a       783     0    40     1     3
  7.2239910409026364E-01 a       784     0    40     1     4
 -1.5171724263118940E+00 a       785     0    40     1     5
  3.5809383463899447E-01 a       786     0    40     1     6
 -6.3296307852942979E-01 a       787     0    40     1     7
 -7.4551676534048639E-01 a       788     0    40     1     8
  5.3722016238281278E-01 a       789     0    40     1     9
  4.0204999515633749E-02 a       790     0    40     1    10
  8.9179795470656531E-01 a       791     0    40     1    11
  5.2030758845039349E-01 a       792     0    40     1    12
 -6.7386980326679825E-03 a       793     0    40     1    13
 -2.0568221810908130E-01 a       794     0    40     1    14
  3.6199188320407455E-01 a       795     0    40     1    15
 -3.6129260329811820E-02 a       796     0    40     1    16
  2.1441950253458322E-01 a       797     0    40     1    17
 -3.0272234130321302E-01 a       798     0    40     1    18
 -8.8994636923067361E-01 a       799     0    40     1    19
 -1.2339273157602169E-01 a       800     0    40     1    20
  3.1689690295210970E-01 a       801     0    41     1     1
 -8.5073947364750130E-02 a       802     0    41     1     2
  6.7936915677182061E-02 a       803     0    41     1     3
 -1.8015292772694794E-01 a       804     0    41     1     4
  1.9325065843631764E-01 a       805     0    41     1     5
  2.0972030594250562E-01 a       806     0    41     1     6
  8.2120063913299929E-02 a       807     0    41     1     7
  1.1045136789122070E-02 a       808     0    41     1     8
 -2.3822679433505266E-02 a       809     0    41     1     9
  2.0076381338787343E-02 a       810     0    41     1    10
 -3.3960549652825765E-02 a       811     0    41     1    11
 -1.2623245426931939E-01 a       812     0    41     1    12
 -1.9879010922801834E-02 a       813     0    41     1    13
 -1.4815308123944379E-01 a       814     0    41     1    14
  4.6047562827039631E-02 a       815     0    41     1    15
  2.9426879816358881E-01 a       816     0    41     1    16
  2.5400069183422724E-01 a       817     0    41     1    17
 -1.1584475067823796E-02 a       818     0    41     1    18
  2.5527141970957901E-01 a       819     0    41     1    19
  2.0468136367770651E-01 a       820     0    41     1    20
  2.0216657631208160E-01 a       821     0    42     1     1
 -9.7084358497734596E-03 a       822     0    42     1     2
 -2.4079778231342097E-01 a       823     0    42     1     3
  1.8629359560117270E-02 a       824     0    42     1     4
  2.8795038168069148E-01 a       825     0    42     1     5
  9.4599588261599990E-03 a       826     0    42     1     6
  3.9904747465639174E-03 a       827     0    42     1     7
  2.0419869533821836E-01 a       828     0    42     1     8
  6.7393168660195263E-02 a       829     0    42     1     9
 -4.2728503187908926E-02 a       830     0    42     1    10
 -4.5826846429588029E-02 a       831     0    42     1    11
  3.2739335437419542E-01 a       832     0    42     1    12
  7.1966185756505263E-02 a       833     0    42     1    13
 -2.2400496197546715E-01 a       834     0    42     1    14
 -1.0061524640463637E-01 a       835     0    42     1    15
 -2.4846281083665406E-01 a       836     0    42     1    16
 -3.0031961387026984E-01 a       837     0    42     1    17
  6.3722322153032626E-02 a       838     0    42     1    18
  3.6564325870074066E-01 a       839     0    42     1    19
 -2.9437600104950418E-01 a       840     0    42     1    20
 -4.9376440850694807E-02 a       841     0    43     1     1
 -3.0497293076253207E-02 a       842     0    43     1     2
 -8.4129301451359231E-02 a       843     0    43     1     3
  7.3882810511081004E-02 a       844     0    43     1     4
 -1.3929026265477154E-01 a       845     0    43     1     5
 -1.6329770559627581E-02 a       846     0    43     1     6
 -1.1253187154358222E-02 a       847     0    43     1     7
  1.1238386074741957E-01 a       848     0    43     1     8
  7.2425754334952019E-02 a       849     0    43     1     9
 -4.0646343068552998E-02 a       850     0    43     1    10
 -5.1541068051203398E-02 a       851     0    43     1    11
  4.3454096741313850E-03 a       852     0    43     1    12
 -9.8328404371207725E-02 a       853     0    43     1    13
  2.4892667707469809E-02 a       854     0    43     1    14
 -4.9139448309532596E-02 a       855     0    43     1    15
 -1.5305134333431608E-01 a       856     0    43     1    16
 -3.1889097517265007E-02 a       857     0    43     1    17
  6.9793439035763669E-02 a       858     0    43     1    18
  2.6939577320150253E-02 a       859     0    43     1    19
 -9.7307230589818508E-02 a       860     0    43     1    20
  3.1544898826262407E-01 a       861     0    44     1     1
 -1.3293700161966993E-01 a       862     0    44     1     2
 -1.3447323099330648E-03 a       863     0    44     1     3
 -3.4741282811193747E-01 a       864     0    44     1     4
  8.4565148066469392E-02 a       865     0    44     1     5
  4.1591528522778705E-02 a       866     0    44     1     6
  1.6811483166348104E-01 a       867     0    44     1     7
 -1.2835248364967100E-01 a       868     0    44     1     8
  2.3871580114396723E-01 a       869     0    44     1     9
  3.1449308468662437E-02 a       870     0    44     1    10
  2.3527056398069432E-03 a       871     0    44     1    11
 -5.3131955441775562E-02 a       872     0    44     1    12
  3.7212878281771632E-02 a       873     0    44     1    13
 -1.8796215981295733E-01 a       874     0    44     1    14
  1.2266144077563043E-01 a       875     0    44     1    15
  5.6647363487750506E-02 a       876     0    44     1    16
  1.1483127700766008E-01 a       877     0    44     1    17
  2.3607907257946781E-01 a       878     0    44     1    18
 -1.4936649074348732E-01 a       879     0    44     1    19
  8.7762694008585107E-02 a       880     0    44     1    20
  2.2342709543186252E-02 a       881     0    45     1     1
 -3.2696499324906619E-02 a       882     0    45     1     2
 -2.5981244660637708E-02 a       883     0    45     1     3
 -1.1592200455042539E-01 a       884     0    45     1     4
 -1.3234458720886641E-02 a       885     0    45     1     5
  7.5504480122782686E-02 a       886     0    45     1     6
  1.5751794926553327E-02 a       887     0    45     1     7
  3.5094660913924441E-03 a       888     0    45     1     8
  5.1666760698170187E-02 a       889     0    45     1     9
  4.6484728869020074E-03 a       890     0    45     1    10
  3.7988463969913608E-02 a       891     0    45     1    11
 -8.5572542230396651E-03 a       892     0    45     1    12
  7.6572832560524939E-02 a       893     0    45     1    13
 -3.6801003930541878E-02 a       894     0    45     1    14
  2.1285715309747672E-02 a       895     0    45     1    15
  3.6382216157244768E-02 a       896     0    45     1    16
  3.3105834088645272E-02 a       897     0    45     1    17
  5.2737527083992153E-02 a       898     0    45     1    18
 -4.7245758930914740E-03 a       899     0    45     1    19
 -1.1471089682545961E-02 a       900     0    45     1    20
  6.3681361658879232E-01 a       901     0    46     1     1
 -4.9695495332853762E-01 a       902     0    46     1     2
  2.5598439286007629E-01 a       903     0    46     1     3
  4.1766515914724667E-01 a       904     0    46     1     4
 -4.7727263184835816E-01 a       905     0    46     1     5
  4.4152152254203941E-01 a       906     0    46     1     6
 -3.3100478434703101E-01 a       907     0    46     1     7
 -9.1696137538790329E-02 a       908     0    46     1     8
  8.5797224881302325E-01 a       909     0    46     1     9
 -3.7770734061637647E-02 a       910     0    46     1    10
 -4.2783017622330291E-02 a       911     0    46     1    11
 -3.5971947442025320E-01 a       912     0    46     1    12
 -3.9739673699304406E-01 a       913     0    46     1    13
 -5.1355258723967334E-01 a       914     0    46     1    14
  5.4577834541073977E-01 a       915     0    46     1    15
 -2.7028360896432174E-01 a       916     0    46     1    16
  7.3564524277600227E-02 a       917     0    46     1    17
  1.8924710009174878E-01 a       918     0    46     1    18
 -2.0174323461936001E-02 a       919     0    46     1    19
 -7.0994264851776800E-01 a       920     0    46     1    20
  2.9662489242476803E-01 a       921     0    47     1     1
 -1.5795342109325619E-01 a       922     0    47     1     2
 -1.5364933536023620E-01 a       923     0    47     1     3
  1.9548354224753084E-01 a       924     0    47     1     4
  2.5993358769555347E-01 a       925     0    47     1     5
  1.1525431440852686E-01 a       926     0    47     1     6
  3.2604023280716443E-01 a       927     0    47     1     7
 -1.9062795987177861E-01 a       928     0    47     1     8
  3.4540040733920319E-01 a       929     0    47     1     9
  9.0624947421099694E-02 a       930     0    47     1    10
 -4.0494948115909640E-01 a       931     0    47     1    11
 -1.3018336635159850E-01 a       932     0    47     1    12
 -4.4340125698733041E-01 a       933     0    47     1    13
 -1.5990340387550897E-01 a       934     0    47     1    14
  3.1064437079303736E-01 a       935     0    47     1    15
 -1.5163829251602326E-01 a       936     0    47     1    16
  9.0484099379381733E-02 a       937     0    47     1    17
 -5.2593174280012754E-03 a       938     0    47     1    18
  7.7516229996310970E-02 a       939     0    47     1    19
 -8.5213478459291211E-02 a       940     0    47     1    20
  3.3074256225716081E-02 a       941     0    48     1     1
  5.5263028434475753E-02 a       942     0    48     1     2
  3.1740131270063823E-02 a       943     0    48     1     3
  4.4680940451112525E-02 a       944     0    48     1     4
  5.6318880384093085E-02 a       945     0    48     1     5
 -2.8474337277667381E-02 a       946     0    48     1     6
 -4.2995459091655565E-02 a       947     0    48     1     7
 -7.1917557303572466E-02 a       948     0    48     1     8
 -4.0058932502325423E-02 a       949     0    48     1     9
 -6.7309496488017978E-03 a       950     0    48     1    10
  4.7436257931458815E-02 a       951     0    48     1    11
  2.4010668640834322E-02 a       952     0    48     1    12
 -3.7593334908804156E-02 a       953     0    48     1    13
 -1.5356502049424422E-02 a       954     0    48     1    14
  2.9850711652667415E-02 a       955     0    48     1    15
  8.1513089673274884E-03 a       956     0    48     1    16
 -3.0802264063146075E-02 a       957     0    48     1    17
 -4.8923554517420823E-03 a       958     0    48     1    18
  5.2592205408320243E-03 a       959     0    48     1    19
 -9.7390724804714487E-03 a       960     0    48     1    20
  2.6472730953565804E-01 a       961     0    49     1     1
  3.9691716103821474E-02 a       962     0    49     1     2
  2.3019719972808085E-02 a       963     0    49     1     3
 -3.8842619583797422E-02 a       964     0    49     1     4
  7.9717036399925667E-02 a       965     0    49     1     5
  1.2039655639931734E-01 a       966     0    49     1     6
 -2.0856461371552826E-01 a       967     0    49     1     7
 -1.4478882024577651E-02 a       968     0    49     1     8
  2.6406168764343770E-02 a       969     0    49     1     9
  1.3247760108227657E-02 a       970     0    49     1    10
 -1.0850896530035588E-03 a       971     0    49     1    11
  4.8135949085258575E-02 a       972     0    49     1    12
 -2.1907053325224896E-01 a       973     0    49     1    13
 -1.1760485282981215E-01 a       974     0    49     1    14
  1.9802740047230133E-01 a       975     0    49     1    15
  1.3377370848677428E-01 a       976     0    49     1    16
  7.2930744547572068E-03 a       977     0    49     1    17
 -4.8196853559963039E-02 a       978     0    49     1    18
  4.8498001048666115E-03 a       979     0    49     1    19
 -4.4006975685295796E-03 a       980     0    49     1    20
 -4.3007198732800615E-02 a       981     0    50     1     1
 -1.0286137047938211E-01 a       982     0    50     1     2
  3.5094087498215902E-02 a       983     0    50     1     3
 -8.9424395366992482E-02 a       984     0    50     1     4
  2.7504784630099165E-02 a       985     0    50     1     5
  1.1858816997277936E-01 a       986     0    50     1     6
  1.6741618336248248E-02 a       987     0    50     1     7
  5.3139105007879731E-02 a       988     0    50     1     8
  2.6908852736144972E-02 a       989     0    50     1     9
 -6.4391737365278215E-02 a       990     0    50     1    10
  8.0634611503865014E-02 a       991     0    50     1    11
 -7.5732321301279756E-02 a       992     0    50     1    12
 -8.5485595863853375E-02 a       993     0    50     1    13
 -4.5186992338146995E-03 a       994     0    50     1    14
 -5.0733766717513673E-02 a       995     0    50     1    15
 -3.8712393529711842E-02 a       996     0    50     1    16
  5.5908096324759418E-02 a       997     0    50     1    17
  2.8573788830237822E-02 a       998     0    50     1    18
  8.0719843196915511E-02 a       999     0    50     1    19
 -3.7485692013855987E-02 a      1000     0    50     1    20
 -9.0172454260750129E-02 a      1001     0    51     1     1
  2.2748879294975491E-01 a      1002     0    51     1     2
 -2.4719710068840664E-01 a      1003     0    51     1     3
  4.8998781055042503E-02 a      1004     0    51     1     4
  2.8649493949106316E-02 a      1005     0    51     1     5
  7.4681948239514975E-02 a      1006     0    51     1     6
  6.4826094012490768E-03 a      1007     0    51     1     7
 -4.1471332332725951E-02 a      1008     0    51     1     8
  1.2827474539774000E-01 a      1009     0    51     1     9
 -2.2521677659344119E-01 a      1010     0    51     1    10
  2.6539915447847162E-01 a      1011     0    51     1    11
  1.5597085794681437E-01 a      1012     0    51     1    12
  1.2246942402490352E-01 a      1013     0    51     1    13
  2.1571593162009750E-01 a      1014     0    51     1    14
  1.7000985965940685E-01 a      1015     0    51     1    15
  1.7959554439929978E-01 a      1016     0    51     1    16
  4.5419002893753023E-02 a      1017     0    51     1    17
 -2.2412706873818777E-01 a      1018     0    51     1    18
 -1.1319035160454811E-01 a      1019     0    51     1    19
  1.8370125595003329E-02 a      1020     0    51     1    20
  4.8800444474489785E-01 a      1021     0    52     1     1
  2.5278758041748195E-01 a      1022     0    52     1     2
 -3.0377382108275282E-02 a      1023     0    52     1     3
 -3.9158397033851106E-01 a      1024     0    52     1     4
  4.3513187691962857E-01 a      1025     0    52     1     5
 -5.7045887470431433E-01 a      1026     0    52     1     6
  3.4232948175059502E-01 a      1027     0    52     1     7
  2.6280510122288453E-01 a      1028     0    52     1     8
  5.2348091260090927E-02 a      1029     0    52     1     9
 -2.9327373430424519E-01 a      1030     0    52     1    10
 -4.4317794686618572E-01 a      1031     0    52     1    11
 -5.2575649664676327E-01 a      1032     0    52     1    12
  1.4870797281029463E-01 a      1033     0    52     1    13
 -3.9528000910235242E-02 a      1034     0    52     1    14
 -2.4857743011387121E-01 a      1035     0    52     1    15
 -2.2289583981394974E-02 a      1036     0    52     1    16
 -1.5655330717196272E-01 a      1037     0    52     1    17
  2.9856095652999914E-01 a      1038     0    52     1    18
  1.5156002496692050E-01 a      1039     0    52     1    19
 -8.8572036736873708E-02 a      1040     0    52     1    20
 -1.4678956490479200E-01 a      1041     0    53     1     1
  5.5474223447160076E-02 a      1042     0    53     1     2
 -5.8647182645352243E-02 a      1043     0    53     1     3
  1.9575885206658733E-01 a      1044     0    53     1     4
 -8.2010176663415674E-02 a      1045     0    53     1     5
 -9.9590263060176556E-02 a      1046     0    53     1     6
 -9.7558355912553033E-02 a      1047     0    53     1     7
  5.8466568732296692E-02 a      1048     0    53     1     8
 -2.5568127536352306E-02 a      1049     0    53     1     9
 -1.6382959072686363E-02 a      1050     0    53     1    10
 -6.3036567029787161E-02 a      1051     0    53     1    11
  9.0665949236526419E-02 a      1052     0    53     1    12
 -2.3783663907398923E-02 a      1053     0    53     1    13
  8.0175217791785561E-02 a      1054     0    53     1    14
 -6.1097541418860465E-02 a      1055     0    53     1    15
 -1.6055775778744330E-01 a      1056     0    53     1    16
 -1.1181933552378914E-01 a      1057     0    53     1    17
 -5.5807746113171524E-03 a      1058     0    53     1    18
 -9.3644506408845238E-02 a      1059     0    53     1    19
 -6.9984420857085061E-02 a      1060     0    53     1    20
 -9.2136057212049746E-02 a      1061     0    54     1     1
  2.9503037866935106E-02 a      1062     0    54     1     2
  1.7604223007431671E-01 a      1063     0    54     1     3
  6.0508362902829710E-02 a      1064     0    54     1     4
 -1.7561568179976217E-01 a      1065     0    54     1     5
 -3.7983042013828350E-02 a      1066     0    54     1     6
 -2.2881588485262918E-02 a      1067     0    54     1     7
 -8.5972061010679085E-02 a      1068     0    54     1     8
 -7.1019417173135063E-02 a      1069     0    54     1     9
  2.5782867919337666E-02 a      1070     0    54     1    10
 -2.8213304317220002E-02 a      1071     0    54     1    11
 -1.7594697977482032E-01 a      1072     0    54     1    12
  7.2880559068850730E-03 a      1073     0    54     1    13
  1.2998622814897989E-01 a      1074     0    54     1    14
 -1.1912602977886901E-02 a      1075     0    54     1    15
  1.6629100130605307E-01 a      1076     0    54     1    16
  2.0007874822364982E-01 a      1077     0    54     1    17
 -5.7787719900318703E-02 a      1078     0    54     1    18
 -2.7706554939227029E-01 a      1079     0    54     1    19
  2.7420622326336996E-01 a      1080     0    54     1    20
 -1.2251041559666829E+00 b      1081     1     1
  2.8245876511105100E-01 b      1082     1     2
 -7.1473440946705258E-01 b      1083     1     3
 -4.0329420633836055E-01 b      1084     1     4
 -1.2606298809121610E+00 b      1085     1     5
 -1.5835500380134717E+00 b      1086     1     6
 -2.6444450929691599E-01 b      1087     1     7
  6.1558352776019531E-01 b      1088     1     8
  7.9724327665152062E-01 b      1089     1     9
 -5.5784204750153588E-01 b      1090     1    10
 -7.2690718076670269E-01 b      1091     1    11
 -1.0987229776295668E+00 b      1092     1    12
  1.1978391337149596E+00 b      1093     1    13
  1.0925170285330243E+00 b      1094     1    14
 -7.6457062413487142E-01 b      1095     1    15
  6.8580869735368188E-01 b      1096     1    16
 -5.3451085520174642E-02 b      1097     1    17
 -3.3590093654518743E-01 b      1098     1    18
 -3.3445859488675550E-01 b      1099     1    19
 -1.1009979457146339E+00 b      1100     1    20
  3.6076540265078960E-01 a      1101     1     1     2     1
 -9.9398287257654282E-03 a      1102     1     1     2     2
 -3.2988961259472305E-01 a      1103     1     1     2     3
 -4.9288071891536789E-01 a      1104     1     1     2     4
  8.2177756808190705E-01 a      1105     1     1     2     5
  6.1364839547490335E-01 a      1106     1     1     2     6
 -3.5744584343268038E-01 a      1107     1     1     2     7
  1.0245124479645615E-01 a      1108     1     1     2     8
  1.9695078338611266E-01 a      1109     1     1     2     9
 -4.8245330149952176E-01 a      1110     1     1     2    10
  3.0878828753290799E-01 a      1111     1     1     2    11
  7.0982510059571802E-01 a      1112     1     1     2    12
 -6.9551318245102267E-01 a      1113     1     1     2    13
  1.8528390327850076E-02 a      1114     1     1     2    14
  6.3557762346700533E-02 a      1115     1     1     2    15
 -9.5366755580960291E-03 a      1116     1     1     2    16
  2.6948115847135296E-01 a      1117     1     1     2    17
 -1.2286575015661140E-01 a      1118     1     1     2    18
 -1.9673421570679919E-01 a      1119     1     1     2    19
 -4.4656250257219449E-01 a      1120     1     1     2    20
  5.0830122665179067E-01 a      1121     1     2     2     1
  2.9029905828361374E-01 a      1122     1     2     2     2
 -3.4401190023982597E-01 a      1123     1     2     2     3
  4.8674106945591461E-01 a      1124     1     2     2     4
  3.1228207523075185E-01 a      1125     1     2     2     5
 -2.4872847686061172E-01 a      1126     1     2     2     6
  4.9220546954615446E-02 a      1127     1     2     2     7
  1.6499881428475535E-01 a      1128     1     2     2     8
  3.2604001911735159E-01 a      1129     1     2     2     9
  5.6641739361178522E-01 a      1130     1     2     2    10
  1.0589928385675038E+00 a      1131     1     2     2    11
  8.6438657303482172E-02 a      1132     1     2     2    12
  2.6644732287756900E-01 a      1133     1     2     2    13
 -3.6379073514130955E-01 a      1134     1     2     2    14
  2.7207199931417242E-01 a      1135     1     2     2    15
  3.7229660731347908E-01 a      1136     1     2     2    16
  2.5529474965079035E-01 a      1137     1     2     2    17
  8.9183652605679986E-01 a      1138     1     2     2    18
 -1.3864711271624114E-01 a      1139     1     2     2    19
  7.1668123673253847E-01 a      1140     1     2     2    20
 -4.3140711145433880E-01 a      1141     1     3     2     1
  2.2980330450151046E-01 a      1142     1     3     2     2
  5.3792206910710627E-01 a      1143     1     3     2     3
  7.2381497977336984E-01 a      1144     1     3     2     4
  7.7302183116815126E-01 a      1145     1     3     2     5
 -7.1661941288500797E-01 a      1146     1     3     2     6
 -2.2674850675562165E-02 a      1147     1     3     2     7
 -6.9640582890579639E-01 a      1148     1     3     2     8
  1.6135999766185946E-01 a      1149     1     3     2     9
  7.2152214396211956E-01 a      1150     1     3     2    10
 -1.5310971637897058E-01 a      1151     1     3     2    11
 -5.3203636792821096E-01 a      1152     1     3     2    12
  6.0392903846521205E-02 a      1153     1     3     2    13
  1.2904413293572639E-01 a      1154     1     3     2    14
  2.7263199202250515E-01 a      1155     1     3     2    15
  4.7634520176749323E-01 a      1156     1     3     2    16
  2.0507171173568459E-01 a      1157     1     3     2    17
  1.8979431807976579E-01 a      1158     1     3     2    18
 -1.4182326981029206E-01 a      1159     1     3     2    19
 -2.8362432821306344E-01 a      1160     1     3     2    20
  3.8576564086033793E-01 a      1161     1     4     2     1
  1.8329144090820801E-01 a      1162     1     4     2     2
  2.8260603737120017E-02 a      1163     1     4     2     3
 -2.6736470947889251E-01 a      1164     1     4     2     4
 -3.2598629562949893E-01 a      1165     1     4     2     5
 -2.3573364340995615E-01 a      1166     1     4     2     6
  4.9518430550471543E-01 a      1167     1     4     2     7
  5.7635245179525396E-01 a      1168     1     4     2     8
 -4.3001072737273166E-01 a      1169     1     4     2     9
  1.3649519556517292E-01 a      1170     1     4     2    10
 -9.4998236939393899E-01 a      1171     1     4     2    11
  3.8675398929429450E-01 a      1172     1     4     2    12
  2.2462214214005782E-01 a      1173     1     4     2    13
  2.7685967235839176E-01 a      1174     1     4     2    14
  3.6757206735033682E-01 a      1175     1     4     2    15
  2.3234071093940564E-01 a      1176     1     4     2    16
 -3.2890506508406242E-01 a      1177     1     4     2    17
  6.3702007334181091E-02 a      1178     1     4     2    18
 -1.0899545700501967E-01 a      1179     1     4     2    19
  7.4762040638541652E-02 a      1180     1     4     2    20
 -1.4464651918455995E-01 a      1181     1     5     2     1
  7.4368971331291611E-01 a      1182     1     5     2     2
  1.0591812058171753E-01 a      1183     1     5     2     3
  7.3459178661416802E-01 a      1184     1     5     2     4
  8.8582020697110186E-02 a      1185     1     5     2     5
 -7.6237108680770854E-02 a      1186     1     5     2     6
  8.1377408593061018E-01 a      1187     1     5     2     7
  4.5834465593201446E-01 a      1188     1     5     2     8
 -7.7443759020275699E-02 a      1189     1     5     2     9
 -2.0432484843474266E-01 a      1190     1     5     2    10
  5.4838520131018242E-01 a      1191     1     5     2    11
 -1.1904413393539535E+00 a      1192     1     5     2    12
  5.1021393722291940E-02 a      1193     1     5     2    13
 -6.7686153466237053E-01 a      1194     1     5     2    14
 -6.0156819422852481E-01 a      1195     1     5     2    15
 -4.1596569026663277E-01 a      1196     1     5     2    16
 -2.0559677255007835E-01 a      1197     1     5     2    17
  9.5320978529115766E-02 a      1198     1     5     2    18
  7.3097216034061818E-01 a      1199     1     5     2    19
 -3.1700912359937089E-01 a      1200     1     5     2    20
  4.1838014928976885E-01 a      1201     1     6     2     1
 -4.4721774851396290E-01 a      1202     1     6     2     2
  2.8063028555682695E-01 a      1203     1     6     2     3
 -1.0779539440543802E+00 a      1204     1     6     2     4
 -8.6985358232195803E-02 a      1205     1     6     2     5
 -3.5066955301685504E-01 a      1206     1     6     2     6
  2.2209183538932808E-01 a      1207     1     6     2     7
 -4.0564923017760862E-01 a      1208     1     6     2     8
  6.9435302319159731E-02 a      1209     1     6     2     9
 -1.1388924910585997E-01 a      1210     1     6     2    10
  3.0036271399262676E-01 a      1211     1     6     2    11
 -5.2059221506206899E-01 a      1212     1     6     2    12
  1.6153498666680374E-01 a      1213     1     6     2    13
 -1.6951878113878183E-01 a      1214     1     6     2    14
  3.6120410435763728E-01 a      1215     1     6     2    15
  1.5650002126504783E-01 a      1216     1     6     2    16
  8.4491197324019052E-01 a      1217     1     6     2    17
  2.5409769237984087E-01 a      1218     1     6     2    18
  5.4582986620740692E-01 a      1219     1     6     2    19
 -5.8468520843843852E-02 a      1220     1     6     2    20
 -4.8170675250077219E-02 a      1221     1     7     2     1
  1.6768549195326984E-02 a      1222     1     7     2     2
  4.9213319547381379E-01 a      1223     1     7     2     3
  4.9311850906980853E-01 a      1224     1     7     2     4
 -1.3578674391548415E-01 a      1225     1     7     2     5
 -2.7659709124140408E-01 a      1226     1     7     2     6
  8.5920500232755687E-02 a      1227     1     7     2     7
 -4.4949821615288682E-01 a      1228     1     7     2     8
 -2.9315305679331272E-01 a      1229     1     7     2     9
 -4.0171557996184837E-01 a      1230     1     7     2    10
  2.2207211443945990E-01 a      1231     1     7     2    11
  7.6879212799987162E-01 a      1232     1     7     2    12
 -7.1087995235070656E-01 a      1233     1     7     2    13
 -1.1269130758020288E-01 a      1234     1     7     2    14
  3.3028249855474889E-01 a      1235     1     7     2    15
 -2.5893108171835144E-01 a      1236     1     7     2    16
 -4.2652939848172128E-01 a      1237     1     7     2    17
 -3.0257996038675022E-01 a      1238     1     7     2    18
 -4.1335350432825801E-01 a      1239     1     7     2    19
 -8.3171194228940190E-02 a      1240     1     7     2    20
  5.9080414736699083E-01 a      1241     1     8     2     1
  7.2261305695772560E-01 a      1242     1     8     2     2
  6.1460796437231791E-02 a      1243     1     8     2     3
  4.8744349552612587E-01 a      1244     1     8     2     4
  2.5846463141594805E-01 a      1245     1     8     2     5
  1.6203168105580673E-01 a      1246     1     8     2     6
  3.7563074970957977E-01 a      1247     1     8     2     7
  1.4853561943965909E-01 a      1248     1     8     2     8
 -5.4693381199821312E-01 a      1249     1     8     2     9
  1.2640134235283518E-01 a      1250     1     8     2    10
 -1.8963371808627455E-01 a      1251     1     8     2    11
 -2.3721874210178326E-01 a      1252     1     8     2    12
 -4.6567937360550107E-02 a      1253     1     8     2    13
 -2.2947606572313020E-01 a      1254     1     8     2    14
 -3.8546555980149316E-01 a      1255     1     8     2    15
 -8.6161436009189474E-01 a      1256     1     8     2    16
 -6.3889515347832160E-01 a      1257     1     8     2    17
  6.6677885671295622E-01 a      1258     1     8     2    18
  3.5896966266390856E-01 a      1259     1     8     2    19
 -5.3278865794461205E-01 a      1260     1     8     2    20
 -4.0112506092285760E-01 a      1261     1     9     2     1
  4.8233616444285793E-01 a      1262     1     9     2     2
  1.1161478269576173E-02 a      1263     1     9     2     3
 -3.9365462375442978E-01 a      1264     1     9     2     4
  5.1578216090454299E-01 a      1265     1     9     2     5
 -5.7057568685729976E-02 a      1266     1     9     2     6
  8.4977949793001506E-01 a      1267     1     9     2     7
  6.8787338762489891E-01 a      1268     1     9     2     8
  4.2794065102869849E-01 a      1269     1     9     2     9
  2.3103029214680795E-01 a      1270     1     9     2    10
 -2.1044214700857297E-01 a      1271     1     9     2    11
 -4.5022970275188434E-01 a      1272     1     9     2    12
  3.2350130180417241E-01 a      1273     1     9     2    13
  1.1873436196138135E-01 a      1274     1     9     2    14
  4.4770207099018244E-01 a      1275     1     9     2    15
  1.6987952089028024E-01 a      1276     1     9     2    16
 -1.9445071284418539E-02 a      1277     1     9     2    17
 -8.7860298520315783E-01 a      1278     1     9     2    18
 -3.1342045795611867E-02 a      1279     1     9     2    19
 -6.0195044904959139E-01 a      1280     1     9     2    20
 -6.0190188414763501E-01 a      1281     1    10     2     1
 -5.9606083679652055E-01 a      1282     1    10     2     2
 -1.6877830659732951E-01 a      1283     1    10     2     3
 -4.4382126356243001E-01 a      1284     1    10     2     4
 -8.0960997255372549E-02 a      1285     1    10     2     5
  6.4532317056185751E-01 a      1286     1    10     2     6
 -4.1458694304595428E-01 a      1287     1    10     2     7
  6.9962184713817333E-01 a      1288     1    10     2     8
  3.0605643443494623E-01 a      1289     1    10     2     9
 -5.8474717692395350E-01 a      1290     1    10     2    10
  1.7523470025666266E-01 a      1291     1    10     2    11
 -1.1665360100952049E+00 a      1292     1    10     2    12
  7.9694441061286048E-01 a      1293     1    10     2    13
  7.8996611859985699E-01 a      1294     1    10     2    14
 -4.8284584077346576E-01 a      1295     1    10     2    15
  9.2834882133050711E-01 a      1296     1    10     2    16
  6.2375503760728035E-01 a      1297     1    10     2    17
  2.2348948485801950E-01 a      1298     1    10     2    18
 -8.1231352129298218E-01 a      1299     1    10     2    19
 -7.1635204250815532E-01 a      1300     1    10     2    20
  7.2681192749922341E-01 a      1301     1    11     2     1
  3.6034538830449792E-01 a      1302     1    11     2     2
 -4.2103894980908441E-01 a      1303     1    11     2     3
 -5.6188422983775088E-01 a      1304     1    11     2     4
 -1.3884560412254124E-01 a      1305     1    11     2     5
  1.3791648918927796E-01 a      1306     1    11     2     6
  5.8270108707403001E-01 a      1307     1    11     2     7
  2.5970204235592259E-01 a      1308     1    11     2     8
 -6.9324472105743518E-01 a      1309     1    11     2     9
  4.2150424862981267E-01 a      1310     1    11     2    10
 -1.7156148180201033E-01 a      1311     1    11     2    11
 -7.1301118082858786E-02 a      1312     1    11     2    12
  5.1252183968451193E-01 a      1313     1    11     2    13
 -1.6552594532876838E-01 a      1314     1    11     2    14
 -2.3328675664809428E-01 a      1315     1    11     2    15
 -3.1679146466873020E-01 a      1316     1    11     2    16
 -4.6333096983616989E-01 a      1317     1    11     2    17
 -2.9611446860160834E-01 a      1318     1    11     2    18
 -1.7447959696477733E-01 a      1319     1    11     2    19
  9.0707168125790077E-02 a      1320     1    11     2    20
 -6.8473964562218181E-01 a      1321     1    12     2     1
  7.9668611187425120E-01 a      1322     1    12     2     2
 -1.7309600147605564E-01 a      1323     1    12     2     3
 -1.6813000219031460E-01 a      1324     1    12     2     4
 -3.9985455857952290E-01 a      1325     1    12     2     5
 -4.4513322886368356E-01 a      1326     1    12     2     6
  1.4809101781592824E+00 a      1327     1    12     2     7
  2.9549736417520206E-02 a      1328     1    12     2     8
  1.0747790657269332E-01 a      1329     1    12     2     9
  5.0410135491713226E-01 a      1330     1    12     2    10
  4.0253143733493024E-01 a      1331     1    12     2    11
 -9.9290504260142895E-02 a      1332     1    12     2    12
  2.2907344776427233E-01 a      1333     1    12     2    13
 -1.6132587176973476E-01 a      1334     1    12     2    14
  2.4100337278261974E-01 a      1335     1    12     2    15
 -4.0714320011531177E-02 a      1336     1    12     2    16
  3.2238917997664290E-01 a      1337     1    12     2    17
  9.8014075572806086E-02 a      1338     1    12     2    18
 -7.8076779096421445E-01 a      1339     1    12     2    19
 -1.6777099248222985E-01 a      1340     1    12     2    20
  4.9822674582146481E-01 a      1341     1    13     2     1
 -2.2299148287054527E-02 a      1342     1    13     2     2
 -4.4097887008960257E-01 a      1343     1    13     2     3
 -6.4782806645601332E-01 a      1344     1    13     2     4
  4.9232604341653907E-01 a      1345     1    13     2     5
 -8.7279422871954893E-01 a      1346     1    13     2     6
  1.7637012987756190E-01 a      1347     1    13     2     7
 -6.3559371355485139E-01 a      1348     1    13     2     8
  1.6316982900655413E-01 a      1349     1    13     2     9
  6.2032042330659987E-01 a      1350     1    13     2    10
  7.5455825615034866E-01 a      1351     1    13     2    11
  9.5343256527854503E-01 a      1352     1    13     2    12
  1.6551920879448107E-01 a      1353     1    13     2    13
 -4.4073815260643706E-01 a      1354     1    13     2    14
 -7.1882892584607366E-02 a      1355     1    13     2    15
 -3.0002803488981861E-01 a      1356     1    13     2    16
 -8.0209473028234279E-01 a      1357     1    13     2    17
  1.1767460713732257E-01 a      1358     1    13     2    18
 -2.6991851182159837E-01 a      1359     1    13     2    19
 -4.2601850616135256E-01 a      1360     1    13     2    20
  2.5987724212908803E-01 a      1361     1    14     2     1
  4.0856826545932540E-01 a      1362     1    14     2     2
  4.0125398007660534E-01 a      1363     1    14     2     3
 -9.4112279541804145E-01 a      1364     1    14     2     4
  4.7641715331564061E-01 a      1365     1    14     2     5
 -4.8913082066863894E-01 a      1366     1    14     2     6
  1.1965252886838693E-01 a      1367     1    14     2     7
 -7.9305949459174141E-01 a      1368     1    14     2     8
 -2.4662574563044504E-01 a      1369     1    14     2     9
 -4.1204238526654519E-01 a      1370     1    14     2    10
 -1.9142478356743309E-01 a      1371     1    14     2    11
  1.4849909690779315E-03 a      1372     1    14     2    12
 -4.9902766691700196E-01 a      1373     1    14     2    13
  3.0863974409354672E-01 a      1374     1    14     2    14
 -3.2242316014477573E-01 a      1375     1    14     2    15
 -7.4255813644962879E-02 a      1376     1    14     2    16
 -1.4925423336823967E-01 a      1377     1    14     2    17
 -3.9671602271543716E-01 a      1378     1    14     2    18
  2.1162539926423038E-01 a      1379     1    14     2    19
  1.6384361965402816E-01 a      1380     1    14     2    20
 -1.7473917969237790E-01 a      1381     1    15     2     1
 -5.5320042813548542E-01 a      1382     1    15     2     2
  5.5551909742226024E-01 a      1383     1    15     2     3
  2.5597638384245097E-01 a      1384     1    15     2     4
  1.2278082437366369E-01 a      1385     1    15     2     5
 -1.5038009240932290E-01 a      1386     1    15     2     6
 -5.3807349091019996E-01 a      1387     1    15     2     7
 -4.6838145346855820E-01 a      1388     1    15     2     8
  3.5558815281583761E-01 a      1389     1    15     2     9
  5.7386459952821911E-01 a      1390     1    15     2    10
  1.0304629099630716E-01 a      1391     1    15     2    11
  7.9978336436945596E-01 a      1392     1    15     2    12
 -5.8344011956684727E-01 a      1393     1    15     2    13
  6.2027416104663968E-01 a      1394     1    15     2    14
  2.9376952771105735E-01 a      1395     1    15     2    15
 -5.8114475936139909E-01 a      1396     1    15     2    16
 -1.1825018716439024E-02 a      1397     1    15     2    17
  4.7202689627472483E-01 a      1398     1    15     2    18
 -2.6432894185314748E-01 a      1399     1    15     2    19
  3.8032219241596232E-01 a      1400     1    15     2    20
 -5.3017138798013919E-01 a      1401     1    16     2     1
 -3.2936706646823977E-01 a      1402     1    16     2     2
 -2.2466613556492065E-01 a      1403     1    16     2     3
 -2.5442207706500153E-01 a      1404     1    16     2     4
 -2.5187181793593882E-01 a      1405     1    16     2     5
  1.5386324039765728E-01 a      1406     1    16     2     6
  3.3928965066986061E-01 a      1407     1    16     2     7
  1.1936769903226942E-01 a      1408     1    16     2     8
 -3.2399698641351737E-01 a      1409     1    16     2     9
 -1.2815482676707085E-01 a      1410     1    16     2    10
 -4.5016466808101181E-03 a      1411     1    16     2    11
 -3.9717931449748217E-01 a      1412     1    16     2    12
  8.2805095780297433E-02 a      1413     1    16     2    13
 -2.5102274793792012E-01 a      1414     1    16     2    14
 -3.2030471023861895E-01 a      1415     1    16     2    15
 -3.1544690990405311E-01 a      1416     1    16     2    16
 -4.7638116072880113E-02 a      1417     1    16     2    17
  5.7392731823281651E-01 a      1418     1    16     2    18
  5.9639216585179344E-02 a      1419     1    16     2    19
  1.2755424851853331E-01 a      1420     1    16     2    20
  9.5704404845162031E-02 a      1421     1    17     2     1
 -1.9261519048503508E-02 a      1422     1    17     2     2
 -4.7764948453505007E-01 a      1423     1    17     2     3
  2.8576357728607539E-02 a      1424     1    17     2     4
 -2.6671713027260580E-01 a      1425     1    17     2     5
 -2.4541581000033966E-01 a      1426     1    17     2     6
  5.3700414233025751E-01 a      1427     1    17     2     7
 -3.1093443713801255E-01 a      1428     1    17     2     8
  3.5052404642005225E-01 a      1429     1    17     2     9
  5.9506352717528155E-01 a      1430     1    17     2    10
 -5.2684480712849990E-01 a      1431     1    17     2    11
  8.3012362877179702E-01 a      1432     1    17     2    12
  4.5446904723816944E-01 a      1433     1    17     2    13
  2.4542416900036032E-01 a      1434     1    17     2    14
 -3.9716086116619871E-02 a      1435     1    17     2    15
  1.7649646350669460E-01 a      1436     1    17     2    16
 -6.4368673271285959E-01 a      1437     1    17     2    17
  1.0215372175305046E+00 a      1438     1    17     2    18
  4.0225635585785019E-01 a      1439     1    17     2    19
 -3.6322265377758528E-01 a      1440     1    17     2    20
 -5.2714785079430693E-01 a      1441     1    18     2     1
 -5.0464957701961466E-01 a      1442     1    18     2     2
  3.6443672850245046E-01 a      1443     1    18     2     3
  3.6193259601839350E-01 a      1444     1    18     2     4
  7.6976201707509115E-02 a      1445     1    18     2     5
  5.8743409039138119E-04 a      1446     1    18     2     6
  6.2484166032581494E-02 a      1447     1    18     2     7
 -2.7302769797943038E-01 a      1448     1    18     2     8
 -6.0277880815417691E-02 a      1449     1    18     2     9
  1.9355625158713660E-01 a      1450     1    18     2    10
 -5.8620089556727684E-01 a      1451     1    18     2    11
 -2.2363371061012058E-01 a      1452     1    18     2    12
  7.0189164712129715E-02 a      1453     1    18     2    13
  4.6042453872149697E-01 a      1454     1    18     2    14
  9.5823812537914527E-02 a      1455     1    18     2    15
 -1.1992165748481207E-01 a      1456     1    18     2    16
  7.4980637642832998E-02 a      1457     1    18     2    17
 -6.9138232362350549E-01 a      1458     1    18     2    18
  4.8793173737052331E-01 a      1459     1    18     2    19
  1.2584566018592663E-01 a      1460     1    18     2    20
  1.3151239301594633E-01 a      1461     1    19     2     1
  3.6662974490700811E-01 a      1462     1    19     2     2
  3.6580635142857137E-01 a      1463     1    19     2     3
  1.5011764212484224E-01 a      1464     1    19     2     4
  7.6325822053506964E-01 a      1465     1    19     2     5
 -2.8743575243969982E-01 a      1466     1    19     2     6
 -3.3765402234387865E-01 a      1467     1    19     2     7
 -6.2767857374053071E-01 a      1468     1    19     2     8
  9.2392027152284700E-02 a      1469     1    19     2     9
  1.6309375643634044E-01 a      1470     1    19     2    10
 -4.5207159036601102E-01 a      1471     1    19     2    11
 -1.8527840227826872E-01 a      1472     1    19     2    12
 -4.2445521311436996E-01 a      1473     1    19     2    13
 -2.8004041875816771E-01 a      1474     1    19     2    14
  4.9290104503333704E-01 a      1475     1    19     2    15
  1.7747245956161589E-01 a      1476     1    19     2    16
  5.4218103767190196E-01 a      1477     1    19     2    17
  8.9884190511239237E-01 a      1478     1    19     2    18
  4.1038504927922481E-01 a      1479     1    19     2    19
  1.1979834149134316E-02 a      1480     1    19     2    20
  4.1621797872525812E-01 a      1481     1    20     2     1
 -6.0566361971740579E-01 a      1482     1    20     2     2
  3.2279474180535112E-01 a      1483     1    20     2     3
  2.1610563569973890E-02 a      1484     1    20     2     4
  7.6362759911645417E-01 a      1485     1    20     2     5
 -4.1282983145334867E-01 a      1486     1    20     2     6
  5.4722404575928647E-02 a      1487     1    20     2     7
 -1.7258319155973444E-02 a      1488     1    20     2     8
  4.1722595056585370E-02 a      1489     1    20     2     9
  4.7576598953903476E-01 a      1490     1    20     2    10
 -8.4608843726810837E-02 a      1491     1    20     2    11
  3.8197693407760319E-01 a      1492     1    20     2    12
  2.5340498561232626E-02 a      1493     1    20     2    13
 -1.2538960855083683E-01 a      1494     1    20     2    14
  7.9750966272902246E-01 a      1495     1    20     2    15
 -3.5349766515520786E-01 a      1496     1    20     2    16
 -2.6815377310698524E-01 a      1497     1    20     2    17
  7.8211833598489777E-01 a      1498     1    20     2    18
  2.4513855793015307E-01 a      1499     1    20     2    19
 -7.9620273047233669E-01 a      1500     1    20     2    20
  9.6504632231554470E-03 b      1501     2     1
 -7.5978485791622719E-01 b      1502     2     2
  9.6420648474856929E-01 b      1503     2     3
 -1.1287475833533036E+00 b      1504     2     4
 -1.0841690143650684E+00 b      1505     2     5
  1.8355708067504181E-01 b      1506     2     6
  8.0651964113084207E-01 b      1507     2     7
 -4.4724955943421829E-01 b      1508     2     8
  1.2880682385622553E+00 b      1509     2     9
  1.2234355241708961E-01 b      1510     2    10
 -9.0847862324562517E-02 b      1511     2    11
 -1.3311852624533338E+00 b      1512     2    12
  3.3659730895793916E-01 b      1513     2    13
  2.1110356965248461E-01 b      1514     2    14
 -1.8250708597571694E-01 b      1515     2    15
 -2.2674963726366093E-01 b      1516     2    16
  8.2356451157745508E-02 b      1517     2    17
  1.4994515604908412E+00 b      1518     2    18
 -2.6165943843712974E-01 b      1519     2    19
  7.5986834428558880E-01 b      1520     2    20
  3.0354014777294919E-01 a      1521     2     1     3     1
 -3.3299434711477666E-01 a      1522     2     2     3     1
 -1.3806063416061476E+00 a      1523     2     3     3     1
  1.2336234848952023E+00 a      1524     2     4     3     1
  7.7308317249593717E-01 a      1525     2     5     3     1
 -8.2600455776405168E-01 a      1526     2     6     3     1
  4.0693048571166213E-01 a      1527     2     7     3     1
 -1.8902307219733178E-01 a      1528     2     8     3     1
 -5.7897801008719596E-01 a      1529     2     9     3     1
 -3.9524217219159602E-01 a      1530     2    10     3     1
 -4.1224158325994534E-02 a      1531     2    11     3     1
 -7.5405301714727857E-01 a      1532     2    12     3     1
 -1.0307205575923983E+00 a      1533     2    13     3     1
  1.0733012464516567E+00 a      1534     2    14     3     1
  1.7624661605161442E+00 a      1535     2    15     3     1
 -3.2691180873507925E-01 a      1536     2    16     3     1
  1.3052677188889410E+00 a      1537     2    17     3     1
 -2.0819743150518589E-02 a      1538     2    18     3     1
 -5.4418646423385009E-02 a      1539     2    19     3     1
  1.0147998591226202E-01 a      1540     2    20     3     1
 -1.0671035920347927E+00 b      1541     3     1
