################################################################################
# Neural network connection values (weights and biases).
################################################################################
# Col  Name       Description
################################################################################
# 1    connection Neural network connection value.
# 2    t          Connection type (a = weight, b = bias).
# 3    index      Index enumerating weights.
# 4    l_s        Starting point layer (end point layer for biases).
# 5    n_s        Starting point neuron in starting layer (end point neuron for biases).
# 6    l_e        End point layer.
# 7    n_e        End point neuron in end layer.
################################################################################
#                      1 2         3     4     5     6     7
#             connection t     index   l_s   n_s   l_e   n_e
############################################################
  8.5377032935930866E-02 a         1     0     1     1     1
  1.2346692693573019E-01 a         2     0     1     1     2
 -2.0777687109848292E-01 a         3     0     1     1     3
 -4.6934538052975795E-02 a         4     0     1     1     4
 -3.8193593345413161E-02 a         5     0     1     1     5
  3.1752518448685672E-02 a         6     0     1     1     6
  7.9619445718093276E-02 a         7     0     1     1     7
 -7.4404004712591482E-02 a         8     0     1     1     8
  1.2026241712751404E-01 a         9     0     1     1     9
 -1.6086185957370208E-01 a        10     0     1     1    10
 -5.6982817950497845E-02 a        11     0     1     1    11
  1.1841776759506999E-01 a        12     0     1     1    12
 -1.6737705980604631E-01 a        13     0     1     1    13
  1.3874621111970697E-02 a        14     0     1     1    14
 -1.8718989954904907E-02 a        15     0     1     1    15
  5.9026978648043682E-02 a        16     0     1     1    16
 -1.1934763841861951E-01 a        17     0     1     1    17
  1.4027180640486060E-02 a        18     0     1     1    18
 -1.9191813580883599E-01 a        19     0     1     1    19
  4.7921151725968442E-01 a        20     0     1     1    20
  1.4824979512186401E-01 a        21     0     2     1     1
 -1.4373938731017788E-01 a        22     0     2     1     2
 -5.0183875551704071E-01 a        23     0     2     1     3
 -1.2679747786971235E-01 a        24     0     2     1     4
  6.0295770459256037E-01 a        25     0     2     1     5
  6.1941836340267994E-02 a        26     0     2     1     6
  6.6104653010812353E-01 a        27     0     2     1     7
  3.6963516378229113E-03 a        28     0     2     1     8
  2.4950380366507152E-01 a        29     0     2     1     9
  2.0754269299448008E-01 a        30     0     2     1    10
 -8.0145258562267629E-01 a        31     0     2     1    11
  4.2960089862214090E-01 a        32     0     2     1    12
 -2.2523859996602449E-01 a        33     0     2     1    13
  2.2248312812154644E-01 a        34     0     2     1    14
  3.6954941198741320E-01 a        35     0     2     1    15
 -4.0971399550148058E-01 a        36     0     2     1    16
  8.0519834762263798E-01 a        37     0     2     1    17
 -9.4586605305264915E-01 a        38     0     2     1    18
 -1.9233903221610832E-01 a        39     0     2     1    19
  3.6930435257213368E-01 a        40     0     2     1    20
  5.4176948838019788E-02 a        41     0     3     1     1
  6.3540303315198068E-02 a        42     0     3     1     2
  9.5895549284027558E-03 a        43     0     3     1     3
  1.7605462569396751E-01 a        44     0     3     1     4
  2.1406947689754829E-02 a        45     0     3     1     5
  1.6537837181969489E-01 a        46     0     3     1     6
 -5.7217282931977469E-02 a        47     0     3     1     7
 -2.8409283214708486E-01 a        48     0     3     1     8
 -7.3984816678027865E-02 a        49     0     3     1     9
 -1.3113519625798323E-01 a        50     0     3     1    10
 -9.9898351363841120E-02 a        51     0     3     1    11
 -1.0725147922487241E-01 a        52     0     3     1    12
  1.4636347116273316E-01 a        53     0     3     1    13
  1.5267824980002664E-01 a        54     0     3     1    14
 -8.8782635746056604E-02 a        55     0     3     1    15
 -7.2347963764179263E-02 a        56     0     3     1    16
  3.6296423044069555E-02 a        57     0     3     1    17
  2.5237618248766431E-02 a        58     0     3     1    18
  1.1295902532560510E-01 a        59     0     3     1    19
  1.8759055438347785E-02 a        60     0     3     1    20
 -2.3280492795918961E-01 a        61     0     4     1     1
 -1.3074169554320736E-01 a        62     0     4     1     2
  1.7379046690527636E-01 a        63     0     4     1     3
  2.7453638509056677E-01 a        64     0     4     1     4
 -7.9567197170937271E-02 a        65     0     4     1     5
  2.5984720516376972E-02 a        66     0     4     1     6
 -7.6142428565235995E-02 a        67     0     4     1     7
 -2.3408966012655255E-02 a        68     0     4     1     8
 -1.4411046012945231E-01 a        69     0     4     1     9
  2.6065376412836606E-02 a        70     0     4     1    10
 -2.4241425261678643E-03 a        71     0     4     1    11
 -6.1179023224767433E-02 a        72     0     4     1    12
  2.6868114940187826E-01 a        73     0     4     1    13
 -8.3397688060422692E-02 a        74     0     4     1    14
  2.6849872703696164E-02 a        75     0     4     1    15
 -3.6549844200056365E-02 a        76     0     4     1    16
  1.8773576932566791E-01 a        77     0     4     1    17
 -2.2921511606646610E-02 a        78     0     4     1    18
  1.9186029542789076E-01 a        79     0     4     1    19
  1.7782477343895743E-02 a        80     0     4     1    20
 -1.8884919780567108E-01 a        81     0     5     1     1
 -1.1688107893726489E+00 a        82     0     5     1     2
  7.4249803308217144E-01 a        83     0     5     1     3
  8.7041980577377620E-01 a        84     0     5     1     4
  5.9092240757129466E-03 a        85     0     5     1     5
  4.4530281678921424E-01 a        86     0     5     1     6
 -1.7721841975284692E-02 a        87     0     5     1     7
  9.4636333992091870E-01 a        88     0     5     1     8
 -5.6881850897688324E-01 a        89     0     5     1     9
 -1.1682751647205130E+00 a        90     0     5     1    10
  8.3322506401114682E-01 a        91     0     5     1    11
  8.7343068536325075E-01 a        92     0     5     1    12
  3.9449742038944663E-01 a        93     0     5     1    13
 -8.9004240813171898E-01 a        94     0     5     1    14
  8.4707948480164408E-01 a        95     0     5     1    15
  1.2379102732660703E+00 a        96     0     5     1    16
 -7.7875544874808478E-01 a        97     0     5     1    17
  2.5853576086406582E-01 a        98     0     5     1    18
  1.1892151698945674E-01 a        99     0     5     1    19
 -4.2766123108173910E-02 a       100     0     5     1    20
  1.5873754989967195E-01 a       101     0     6     1     1
 -1.4263576894954977E-01 a       102     0     6     1     2
 -1.2399772017722628E-01 a       103     0     6     1     3
 -5.9011806048683911E-02 a       104     0     6     1     4
  4.3415830378306396E-02 a       105     0     6     1     5
 -1.6107519078740137E-01 a       106     0     6     1     6
  7.6459886427168305E-02 a       107     0     6     1     7
  2.3357590138918810E-01 a       108     0     6     1     8
  1.0775621480860401E-01 a       109     0     6     1     9
  5.6731836238001355E-02 a       110     0     6     1    10
  2.7678799849643976E-01 a       111     0     6     1    11
  9.4640240672518930E-02 a       112     0     6     1    12
 -8.3439739487281853E-02 a       113     0     6     1    13
 -1.5399201508060364E-01 a       114     0     6     1    14
 -3.0646306515961837E-02 a       115     0     6     1    15
  1.0646612225822681E-01 a       116     0     6     1    16
  8.5373913273125865E-02 a       117     0     6     1    17
  1.4102279625303185E-01 a       118     0     6     1    18
 -7.0876775115575344E-02 a       119     0     6     1    19
  4.1631179642840535E-02 a       120     0     6     1    20
  1.5349424863604352E-01 a       121     0     7     1     1
 -6.8553174715545576E-02 a       122     0     7     1     2
 -3.5644992037594547E-01 a       123     0     7     1     3
 -5.3126503013674609E-02 a       124     0     7     1     4
  8.4806259107046880E-02 a       125     0     7     1     5
  2.1680145799915358E-04 a       126     0     7     1     6
 -1.0222179857181793E-01 a       127     0     7     1     7
  8.4982483653980520E-03 a       128     0     7     1     8
  1.7806944328273006E-01 a       129     0     7     1     9
 -6.1510505517640057E-01 a       130     0     7     1    10
 -9.0986199155088113E-02 a       131     0     7     1    11
  2.1171413342564632E-01 a       132     0     7     1    12
  1.2448482311180920E-01 a       133     0     7     1    13
  1.5074451622646023E-01 a       134     0     7     1    14
 -7.3806226780378885E-04 a       135     0     7     1    15
 -5.7408576113660764E-02 a       136     0     7     1    16
  2.3788246326890666E-01 a       137     0     7     1    17
 -1.3507101818037529E-01 a       138     0     7     1    18
  1.4474308312603348E-01 a       139     0     7     1    19
 -1.6858236304780339E-02 a       140     0     7     1    20
 -1.6290694170335249E-01 a       141     0     8     1     1
 -2.0356444881087934E-01 a       142     0     8     1     2
 -7.4449076779197654E-01 a       143     0     8     1     3
  7.2116631296742201E-02 a       144     0     8     1     4
  5.3771030220967886E-01 a       145     0     8     1     5
  1.7443221603185669E-01 a       146     0     8     1     6
  1.0763273744460937E-01 a       147     0     8     1     7
 -5.5954058966288500E-01 a       148     0     8     1     8
  5.8727897044538480E-01 a       149     0     8     1     9
  3.2309756429624331E-01 a       150     0     8     1    10
 -1.4043416684271488E+00 a       151     0     8     1    11
 -4.2561912249051176E-01 a       152     0     8     1    12
  2.9844936431280233E-01 a       153     0     8     1    13
  3.0737824578989703E-01 a       154     0     8     1    14
  4.3971679052303381E-01 a       155     0     8     1    15
 -3.1013411338505931E-01 a       156     0     8     1    16
  9.6890365620470364E-01 a       157     0     8     1    17
 -1.0956710844235926E+00 a       158     0     8     1    18
  4.0643957747257559E-01 a       159     0     8     1    19
  1.1310037232256773E-01 a       160     0     8     1    20
 -2.7342217426138573E-03 a       161     0     9     1     1
 -1.8119344567351994E-01 a       162     0     9     1     2
 -2.1448637293756589E-01 a       163     0     9     1     3
 -7.7428793740118296E-02 a       164     0     9     1     4
 -1.0458632075926741E-01 a       165     0     9     1     5
  1.2715861745687151E-01 a       166     0     9     1     6
 -2.5466272907882759E-01 a       167     0     9     1     7
  1.0709115048826928E-01 a       168     0     9     1     8
  3.1056486765822711E-01 a       169     0     9     1     9
 -4.4812534437180179E-01 a       170     0     9     1    10
 -9.1387333894789383E-02 a       171     0     9     1    11
  1.3556133067981108E-01 a       172     0     9     1    12
  8.3509860350247767E-02 a       173     0     9     1    13
  4.0650331701287995E-01 a       174     0     9     1    14
 -1.4017676038105090E-01 a       175     0     9     1    15
 -1.5730266515220059E-01 a       176     0     9     1    16
  1.3496213610235891E-01 a       177     0     9     1    17
 -1.2290619304301381E-01 a       178     0     9     1    18
  5.5324513420478262E-02 a       179     0     9     1    19
  5.4920836333122627E-02 a       180     0     9     1    20
 -1.2813282133721288E-01 a       181     0    10     1     1
 -7.1137989750684472E-02 a       182     0    10     1     2
  4.1034025678113616E-02 a       183     0    10     1     3
 -1.4958221628634755E-01 a       184     0    10     1     4
 -4.2290258569823679E-02 a       185     0    10     1     5
  1.5232626310631420E-01 a       186     0    10     1     6
 -1.1579814046802741E-03 a       187     0    10     1     7
 -1.6476568859420757E-02 a       188     0    10     1     8
  1.4968367051082371E-01 a       189     0    10     1     9
 -8.8472775115297192E-02 a       190     0    10     1    10
 -1.1712948077619525E-01 a       191     0    10     1    11
  1.1297733819877119E-01 a       192     0    10     1    12
 -1.4476680152786517E-01 a       193     0    10     1    13
 -1.1453414856160429E-01 a       194     0    10     1    14
  1.5143455331458458E-01 a       195     0    10     1    15
  1.1178761548165475E-01 a       196     0    10     1    16
 -1.0771302119820005E-02 a       197     0    10     1    17
 -3.4578374897383544E-02 a       198     0    10     1    18
  2.1091490610324275E-02 a       199     0    10     1    19
  1.7783997149765182E-02 a       200     0    10     1    20
  3.5115054557468700E-01 a       201     0    11     1     1
 -5.9622804054829226E-01 a       202     0    11     1     2
  2.3416447777131771E-01 a       203     0    11     1     3
 -1.9986226927243098E-01 a       204     0    11     1     4
 -2.8013554287249159E-01 a       205     0    11     1     5
 -8.1889084519695496E-02 a       206     0    11     1     6
  3.4301275176639717E-01 a       207     0    11     1     7
  6.0761453653224951E-01 a       208     0    11     1     8
 -6.7949917246744074E-01 a       209     0    11     1     9
 -2.2735144389500325E-01 a       210     0    11     1    10
  8.6341223164455005E-01 a       211     0    11     1    11
  9.9603514124003267E-01 a       212     0    11     1    12
  1.8513589637495630E-02 a       213     0    11     1    13
 -8.7726823345296623E-01 a       214     0    11     1    14
  2.7247447633670269E-01 a       215     0    11     1    15
  2.7025119270943154E-01 a       216     0    11     1    16
 -1.9034093777892583E-01 a       217     0    11     1    17
  8.9371492319214962E-01 a       218     0    11     1    18
  1.9236369780009721E-01 a       219     0    11     1    19
  9.8381175972428769E-01 a       220     0    11     1    20
 -3.1026311025798131E-01 a       221     0    12     1     1
 -2.0050451368984182E-01 a       222     0    12     1     2
 -1.4713290831553855E-01 a       223     0    12     1     3
 -1.7305250995286767E-01 a       224     0    12     1     4
  1.1383340017546432E-01 a       225     0    12     1     5
 -9.8807928454328120E-02 a       226     0    12     1     6
 -1.3178675363968345E-01 a       227     0    12     1     7
 -1.8888225566315042E-01 a       228     0    12     1     8
 -4.1561669120046101E-02 a       229     0    12     1     9
 -3.0126589575611112E-01 a       230     0    12     1    10
  6.1636413835227857E-03 a       231     0    12     1    11
  1.1697719837718018E-01 a       232     0    12     1    12
  1.6728644604979825E-01 a       233     0    12     1    13
  5.1142343561344963E-02 a       234     0    12     1    14
 -5.1716215174374490E-02 a       235     0    12     1    15
  1.5050657720284519E-01 a       236     0    12     1    16
  2.1515340267879178E-02 a       237     0    12     1    17
  7.1374361006411868E-02 a       238     0    12     1    18
  3.4782572642144166E-01 a       239     0    12     1    19
 -3.1370797081052720E-01 a       240     0    12     1    20
 -3.8616339242139794E-02 a       241     0    13     1     1
  4.7020311072599567E-02 a       242     0    13     1     2
 -5.7139517347305088E-02 a       243     0    13     1     3
  1.4818092083770562E-01 a       244     0    13     1     4
  4.4034468171199076E-02 a       245     0    13     1     5
  9.9282629199534886E-02 a       246     0    13     1     6
 -1.2303409966614623E-01 a       247     0    13     1     7
  2.1027872155040071E-02 a       248     0    13     1     8
  3.0182013235068889E-02 a       249     0    13     1     9
 -2.0658330171655848E-01 a       250     0    13     1    10
 -4.6980195913924404E-02 a       251     0    13     1    11
  1.2042242444874318E-01 a       252     0    13     1    12
 -5.4925462178078234E-02 a       253     0    13     1    13
  1.3858179992484715E-01 a       254     0    13     1    14
 -6.1769934973222931E-02 a       255     0    13     1    15
 -1.3251669090242984E-02 a       256     0    13     1    16
  1.4826827095813447E-01 a       257     0    13     1    17
 -8.2865550143201322E-02 a       258     0    13     1    18
  1.4751962125502313E-01 a       259     0    13     1    19
  8.9347877998806682E-02 a       260     0    13     1    20
 -2.3097346772827049E-01 a       261     0    14     1     1
  1.7711866754640293E-01 a       262     0    14     1     2
 -3.8545835660663397E-01 a       263     0    14     1     3
  1.9097611199300868E-01 a       264     0    14     1     4
  1.6454467149853738E-01 a       265     0    14     1     5
  3.7675062648386069E-02 a       266     0    14     1     6
  1.2980257463521345E-02 a       267     0    14     1     7
 -1.1757826730216908E-01 a       268     0    14     1     8
  4.2334196383166228E-01 a       269     0    14     1     9
 -1.5746417531125248E-01 a       270     0    14     1    10
 -3.0308811572042121E-01 a       271     0    14     1    11
 -5.3517600001176135E-01 a       272     0    14     1    12
 -1.8061711884655354E-01 a       273     0    14     1    13
 -5.5272949093591456E-02 a       274     0    14     1    14
  6.6781611827166729E-02 a       275     0    14     1    15
 -2.0853252577138054E-01 a       276     0    14     1    16
  2.7456501682548401E-01 a       277     0    14     1    17
 -6.7779368835347964E-01 a       278     0    14     1    18
 -2.3754599790540668E-01 a       279     0    14     1    19
 -3.1522303499586479E-01 a       280     0    14     1    20
 -7.3449264826442248E-02 a       281     0    15     1     1
 -2.1551279763283721E-01 a       282     0    15     1     2
 -3.6488832574712707E-02 a       283     0    15     1     3
 -3.9205111804677638E-02 a       284     0    15     1     4
 -4.9171728400089827E-02 a       285     0    15     1     5
  1.4970578595297765E-01 a       286     0    15     1     6
 -2.7524282480904760E-01 a       287     0    15     1     7
  8.1868643299903482E-02 a       288     0    15     1     8
  1.8148601355700475E-01 a       289     0    15     1     9
 -2.8678640172045927E-01 a       290     0    15     1    10
  9.4431556833865421E-02 a       291     0    15     1    11
  1.5790374813920219E-01 a       292     0    15     1    12
  2.1104969933823547E-01 a       293     0    15     1    13
  4.2347030180246320E-01 a       294     0    15     1    14
 -1.4170766473883778E-01 a       295     0    15     1    15
 -7.9662737286232840E-02 a       296     0    15     1    16
  1.6189761095134766E-01 a       297     0    15     1    17
  4.8526125324664528E-02 a       298     0    15     1    18
  1.2013716601243843E-01 a       299     0    15     1    19
 -7.5858026720402441E-02 a       300     0    15     1    20
  1.5969909862957718E-01 a       301     0    16     1     1
 -9.3610466917131027E-02 a       302     0    16     1     2
  2.2900343997314814E-02 a       303     0    16     1     3
 -1.3377461383170863E-01 a       304     0    16     1     4
  1.1235270867690505E-02 a       305     0    16     1     5
  4.2816722310896886E-02 a       306     0    16     1     6
  1.1276126393707082E-01 a       307     0    16     1     7
 -2.1782394303026902E-02 a       308     0    16     1     8
  1.6479449080053682E-01 a       309     0    16     1     9
 -1.2277049179190941E-04 a       310     0    16     1    10
 -2.5673967890692134E-02 a       311     0    16     1    11
  2.2451311680058299E-02 a       312     0    16     1    12
 -6.5295445733857288E-02 a       313     0    16     1    13
 -1.2159510820185822E-01 a       314     0    16     1    14
  1.0301329582627776E-01 a       315     0    16     1    15
  5.4950118743340950E-02 a       316     0    16     1    16
 -4.1817209480715226E-02 a       317     0    16     1    17
  1.3697420941538736E-02 a       318     0    16     1    18
 -9.2483101560274103E-02 a       319     0    16     1    19
 -1.2694956335593549E-01 a       320     0    16     1    20
  4.3271950416494137E-01 a       321     0    17     1     1
 -5.2546852071058048E-01 a       322     0    17     1     2
  5.0895523080811078E-01 a       323     0    17     1     3
 -2.7222368893182347E-01 a       324     0    17     1     4
 -1.9878636303303651E-01 a       325     0    17     1     5
 -2.4453333714697781E-01 a       326     0    17     1     6
 -7.5245345340065342E-02 a       327     0    17     1     7
 -2.0050331258427387E-01 a       328     0    17     1     8
 -4.0487843459374290E-01 a       329     0    17     1     9
  1.2192794559492112E-01 a       330     0    17     1    10
  3.1678989645291283E-02 a       331     0    17     1    11
  4.1603357352679282E-01 a       332     0    17     1    12
 -1.3161797592713689E-01 a       333     0    17     1    13
 -1.7698960587983484E-01 a       334     0    17     1    14
  5.5637451817066509E-02 a       335     0    17     1    15
  1.9047726546058133E-01 a       336     0    17     1    16
  6.2613570457969267E-02 a       337     0    17     1    17
  6.3844902669024850E-01 a       338     0    17     1    18
  1.8888697145600175E-01 a       339     0    17     1    19
 -1.6906144409597737E-01 a       340     0    17     1    20
  7.4286829098243301E-02 a       341     0    18     1     1
 -1.0599749299169403E-02 a       342     0    18     1     2
 -6.7605472709808406E-02 a       343     0    18     1     3
 -7.6496031083455429E-02 a       344     0    18     1     4
  5.4746347159789863E-02 a       345     0    18     1     5
  2.4159544492173231E-02 a       346     0    18     1     6
 -2.8774524390213607E-02 a       347     0    18     1     7
 -2.0229951873783833E-02 a       348     0    18     1     8
  2.2829061217145289E-02 a       349     0    18     1     9
 -5.5487309438020049E-02 a       350     0    18     1    10
 -4.4408240790048559E-03 a       351     0    18     1    11
  2.1238491648623112E-02 a       352     0    18     1    12
 -1.2809368123222500E-01 a       353     0    18     1    13
 -8.4064700861419678E-02 a       354     0    18     1    14
  3.4960742226634318E-02 a       355     0    18     1    15
  2.9789559251086901E-02 a       356     0    18     1    16
  1.8879458899505479E-02 a       357     0    18     1    17
 -2.5607613722087346E-02 a       358     0    18     1    18
  9.9738955022914647E-02 a       359     0    18     1    19
 -1.3006893811271733E-01 a       360     0    18     1    20
 -1.2144420811275999E-01 a       361     0    19     1     1
  1.0608230725485146E-01 a       362     0    19     1     2
  7.4122097577274853E-03 a       363     0    19     1     3
  1.5827128556251513E-01 a       364     0    19     1     4
 -4.3180317212187817E-03 a       365     0    19     1     5
  3.0081420634762750E-02 a       366     0    19     1     6
 -7.4588017245628982E-02 a       367     0    19     1     7
 -2.6240936114962459E-02 a       368     0    19     1     8
 -7.8812382880863951E-02 a       369     0    19     1     9
 -3.1839505708172858E-02 a       370     0    19     1    10
 -2.8936534116786219E-02 a       371     0    19     1    11
  4.9261923479673064E-02 a       372     0    19     1    12
 -1.2305390814155420E-01 a       373     0    19     1    13
  7.0304426324801272E-02 a       374     0    19     1    14
 -5.7618004921086555E-02 a       375     0    19     1    15
  8.1291911514310995E-03 a       376     0    19     1    16
  4.0550638177007665E-02 a       377     0    19     1    17
 -2.4509734519762766E-02 a       378     0    19     1    18
  7.4178130247011392E-02 a       379     0    19     1    19
  1.9838828120741420E-01 a       380     0    19     1    20
 -2.8681512253611074E-01 a       381     0    20     1     1
  2.1676455182732390E-01 a       382     0    20     1     2
 -6.1902395711245928E-01 a       383     0    20     1     3
  2.6019159373733097E-01 a       384     0    20     1     4
  9.2734625954436073E-02 a       385     0    20     1     5
  1.3772518106535897E-01 a       386     0    20     1     6
  6.6147754659396693E-02 a       387     0    20     1     7
  4.8955177400951944E-01 a       388     0    20     1     8
  4.1488108719583588E-01 a       389     0    20     1     9
  3.1199079029825435E-02 a       390     0    20     1    10
  9.4483794886278866E-02 a       391     0    20     1    11
 -3.7637309239759009E-01 a       392     0    20     1    12
  2.8325315251126859E-01 a       393     0    20     1    13
 -1.2388450556846074E-01 a       394     0    20     1    14
 -8.2256233090664280E-02 a       395     0    20     1    15
 -3.1431602517098961E-01 a       396     0    20     1    16
  1.2693533931069523E-01 a       397     0    20     1    17
 -5.1974916318180320E-01 a       398     0    20     1    18
 -6.6773931860990236E-03 a       399     0    20     1    19
  6.7133488206288838E-01 a       400     0    20     1    20
 -8.7099899811228343E-02 a       401     0    21     1     1
 -6.5134772124378584E-02 a       402     0    21     1     2
 -4.4976044598734097E-02 a       403     0    21     1     3
 -3.6132938266870716E-02 a       404     0    21     1     4
 -1.4859707743819912E-02 a       405     0    21     1     5
 -1.4603707590502110E-03 a       406     0    21     1     6
 -3.0053885242986866E-02 a       407     0    21     1     7
  4.9726702317625208E-03 a       408     0    21     1     8
  2.1078466138230931E-02 a       409     0    21     1     9
 -1.9295647664789767E-02 a       410     0    21     1    10
  2.1279750138138355E-02 a       411     0    21     1    11
 -2.2468583507571284E-02 a       412     0    21     1    12
  1.5344671103763213E-01 a       413     0    21     1    13
  1.1556531504609194E-01 a       414     0    21     1    14
 -8.3429864084781563E-02 a       415     0    21     1    15
 -2.0111582873497069E-02 a       416     0    21     1    16
  6.6359133753564449E-03 a       417     0    21     1    17
  5.6520459476269880E-02 a       418     0    21     1    18
 -7.4396325691990185E-03 a       419     0    21     1    19
  4.8416120071061823E-02 a       420     0    21     1    20
  8.2337149458715841E-02 a       421     0    22     1     1
 -5.5334927933838908E-02 a       422     0    22     1     2
  7.2637809805468592E-02 a       423     0    22     1     3
 -1.0415944949773466E-01 a       424     0    22     1     4
  3.9899813243547987E-02 a       425     0    22     1     5
  4.5708924988213016E-02 a       426     0    22     1     6
  1.3090201973674701E-01 a       427     0    22     1     7
  4.4742857666166249E-03 a       428     0    22     1     8
  1.4224503969742147E-01 a       429     0    22     1     9
  8.5238231381074892E-02 a       430     0    22     1    10
  2.6750053107665599E-03 a       431     0    22     1    11
  3.0304169273997713E-03 a       432     0    22     1    12
 -2.9325702999154438E-02 a       433     0    22     1    13
 -6.0176839253136626E-02 a       434     0    22     1    14
  3.7891156064582494E-02 a       435     0    22     1    15
  3.0344621988793143E-02 a       436     0    22     1    16
 -5.3169760174969959E-02 a       437     0    22     1    17
 -1.9224547106757150E-02 a       438     0    22     1    18
 -7.6828543499799118E-02 a       439     0    22     1    19
 -2.6626979209718610E-01 a       440     0    22     1    20
  1.7738168098246587E-01 a       441     0    23     1     1
 -1.6825592603204045E-01 a       442     0    23     1     2
  1.4335216067706155E-01 a       443     0    23     1     3
 -2.8774049440910404E-01 a       444     0    23     1     4
 -8.9008428845887153E-02 a       445     0    23     1     5
  5.3212033635010106E-02 a       446     0    23     1     6
 -1.2771933599977861E-01 a       447     0    23     1     7
  2.5339977236406460E-02 a       448     0    23     1     8
 -1.4535809055134816E-01 a       449     0    23     1     9
  1.1308084313226691E-01 a       450     0    23     1    10
  5.5949224049368446E-02 a       451     0    23     1    11
 -6.2143703722699450E-02 a       452     0    23     1    12
 -5.5979739750804591E-01 a       453     0    23     1    13
  1.6511277228093577E-01 a       454     0    23     1    14
 -8.1081715353070641E-02 a       455     0    23     1    15
 -5.6244859381545387E-03 a       456     0    23     1    16
 -6.6142497049351934E-02 a       457     0    23     1    17
  2.0955747729257870E-01 a       458     0    23     1    18
  3.7714172274668095E-01 a       459     0    23     1    19
 -8.9115064412013845E-01 a       460     0    23     1    20
  1.0656462129405364E-01 a       461     0    24     1     1
  2.3285057823642850E-02 a       462     0    24     1     2
 -3.2215622914392256E-02 a       463     0    24     1     3
  1.9779323416699295E-02 a       464     0    24     1     4
 -4.5867448703432569E-03 a       465     0    24     1     5
  3.0965743496303742E-02 a       466     0    24     1     6
 -4.7049621235318306E-02 a       467     0    24     1     7
  6.4533949883542621E-02 a       468     0    24     1     8
 -2.1903118777285156E-02 a       469     0    24     1     9
 -5.2856069999907586E-03 a       470     0    24     1    10
  2.9508235959231171E-02 a       471     0    24     1    11
 -3.2445659743127620E-03 a       472     0    24     1    12
  1.7495983016614722E-01 a       473     0    24     1    13
 -3.2922257745671576E-02 a       474     0    24     1    14
  1.3813028422529610E-02 a       475     0    24     1    15
 -4.2228003520137850E-02 a       476     0    24     1    16
  5.5367776145687282E-02 a       477     0    24     1    17
 -5.0612072782093891E-02 a       478     0    24     1    18
  3.3683496976842198E-02 a       479     0    24     1    19
  2.6879077725840490E-02 a       480     0    24     1    20
 -3.4982201003788453E-02 a       481     0    25     1     1
  1.4145176176433641E-02 a       482     0    25     1     2
 -4.5515939560006068E-02 a       483     0    25     1     3
  8.3065514731870946E-02 a       484     0    25     1     4
 -2.5246053099119477E-02 a       485     0    25     1     5
 -5.5684777324316162E-02 a       486     0    25     1     6
 -6.7701438399715985E-02 a       487     0    25     1     7
 -5.7341695453234497E-02 a       488     0    25     1     8
 -1.0405637675041977E-01 a       489     0    25     1     9
 -3.9572653309345007E-02 a       490     0    25     1    10
 -1.8718878171630267E-02 a       491     0    25     1    11
  7.7082097886256853E-03 a       492     0    25     1    12
 -1.5475987475133183E-02 a       493     0    25     1    13
  1.9689535401374757E-02 a       494     0    25     1    14
 -2.7889135977458750E-03 a       495     0    25     1    15
 -1.5014176943101017E-03 a       496     0    25     1    16
  2.8407495455858679E-02 a       497     0    25     1    17
  2.9876623044642607E-02 a       498     0    25     1    18
  3.3023856770308321E-02 a       499     0    25     1    19
  2.4453118252327707E-01 a       500     0    25     1    20
 -2.1683996525157259E-01 a       501     0    26     1     1
  5.2349547870546340E-02 a       502     0    26     1     2
 -1.1507775141748455E-01 a       503     0    26     1     3
  6.7995243815349715E-02 a       504     0    26     1     4
  8.1677418368486257E-02 a       505     0    26     1     5
 -1.8457402397103165E-01 a       506     0    26     1     6
  1.7366346644657135E-01 a       507     0    26     1     7
 -9.3124538366845755E-02 a       508     0    26     1     8
 -7.5179255052745295E-02 a       509     0    26     1     9
  3.7683242777375968E-02 a       510     0    26     1    10
 -3.0159949128578369E-02 a       511     0    26     1    11
  2.5867064108576285E-02 a       512     0    26     1    12
  3.3442551647479180E-01 a       513     0    26     1    13
 -1.5788133258234024E-01 a       514     0    26     1    14
  1.5316822184936979E-01 a       515     0    26     1    15
  4.3358847186395835E-02 a       516     0    26     1    16
 -7.3891600922030551E-02 a       517     0    26     1    17
 -1.6155025412525656E-02 a       518     0    26     1    18
 -1.9456290991882749E-01 a       519     0    26     1    19
  4.7869988772559394E-02 a       520     0    26     1    20
 -3.5064217611878078E-02 a       521     0    27     1     1
 -3.2209523788652619E-02 a       522     0    27     1     2
 -1.6003421897798971E-02 a       523     0    27     1     3
 -4.1524739062296333E-02 a       524     0    27     1     4
  1.1643394566292341E-02 a       525     0    27     1     5
 -3.4271177824487339E-02 a       526     0    27     1     6
 -7.1142619551273299E-03 a       527     0    27     1     7
 -1.7362818439798925E-02 a       528     0    27     1     8
 -3.6833734048327435E-03 a       529     0    27     1     9
 -2.5747804813659566E-02 a       530     0    27     1    10
  3.1030488542202715E-03 a       531     0    27     1    11
 -1.7682738800748991E-02 a       532     0    27     1    12
 -3.4323019864067224E-02 a       533     0    27     1    13
  3.0190795392214208E-02 a       534     0    27     1    14
  9.8650053826184934E-04 a       535     0    27     1    15
  5.9070477284692315E-03 a       536     0    27     1    16
 -2.5122190153697224E-02 a       537     0    27     1    17
  4.1994989144276809E-02 a       538     0    27     1    18
  2.0916057480124040E-03 a       539     0    27     1    19
 -5.8865516525410840E-02 a       540     0    27     1    20
  1.5967803838164756E-02 a       541     0    28     1     1
  1.8007552979071126E-02 a       542     0    28     1     2
  3.1991544133024213E-02 a       543     0    28     1     3
 -4.5654654934756712E-02 a       544     0    28     1     4
  1.9237094687598610E-02 a       545     0    28     1     5
  8.6807326167465615E-02 a       546     0    28     1     6
  2.4194880965123251E-02 a       547     0    28     1     7
  3.3006246744280043E-02 a       548     0    28     1     8
  7.6669661815830403E-02 a       549     0    28     1     9
  3.5480408092607364E-02 a       550     0    28     1    10
  1.9550833004116013E-02 a       551     0    28     1    11
  4.4144052502397679E-03 a       552     0    28     1    12
 -9.6442332799199070E-03 a       553     0    28     1    13
  5.0887030390191542E-03 a       554     0    28     1    14
 -6.0115221442947784E-03 a       555     0    28     1    15
 -7.8550643348611719E-03 a       556     0    28     1    16
 -2.2833763000435505E-03 a       557     0    28     1    17
 -2.7046354816896736E-02 a       558     0    28     1    18
  1.3266650932401522E-02 a       559     0    28     1    19
 -1.7158301719699207E-01 a       560     0    28     1    20
  6.7909473350105373E-02 a       561     0    29     1     1
 -5.5594388304583194E-02 a       562     0    29     1     2
  4.3574944326212388E-02 a       563     0    29     1     3
 -2.5963641848869859E-02 a       564     0    29     1     4
 -1.5075701698247105E-02 a       565     0    29     1     5
 -1.3279099935672705E-02 a       566     0    29     1     6
 -1.1896195231618470E-01 a       567     0    29     1     7
 -5.7910473352562795E-02 a       568     0    29     1     8
 -9.3856574798955844E-02 a       569     0    29     1     9
  7.4437602893242111E-03 a       570     0    29     1    10
 -1.1431271836836858E-02 a       571     0    29     1    11
 -4.2821942048600639E-02 a       572     0    29     1    12
 -1.0835874306679173E-01 a       573     0    29     1    13
 -6.3703277864075397E-02 a       574     0    29     1    14
 -8.8707598324140269E-02 a       575     0    29     1    15
  1.5266167815634167E-02 a       576     0    29     1    16
  1.1987468794637271E-01 a       577     0    29     1    17
  2.4315366540029670E-03 a       578     0    29     1    18
  9.3489144988355602E-02 a       579     0    29     1    19
 -2.5137803959884665E-02 a       580     0    29     1    20
  1.4204372935135108E-02 a       581     0    30     1     1
  1.2838914862860576E-02 a       582     0    30     1     2
 -1.0664346161668717E-02 a       583     0    30     1     3
 -1.0296716094161974E-02 a       584     0    30     1     4
 -7.9629670179411829E-03 a       585     0    30     1     5
  1.5341279065781760E-02 a       586     0    30     1     6
 -1.9140644215673679E-02 a       587     0    30     1     7
  3.6274962161545334E-02 a       588     0    30     1     8
  1.2616386022890813E-02 a       589     0    30     1     9
 -2.2444361644175244E-02 a       590     0    30     1    10
  7.7162685664303073E-03 a       591     0    30     1    11
 -2.4312819392491812E-05 a       592     0    30     1    12
  1.3397203269272179E-01 a       593     0    30     1    13
 -8.6119003338664176E-03 a       594     0    30     1    14
 -1.1250847384616822E-02 a       595     0    30     1    15
 -8.3676498702846235E-03 a       596     0    30     1    16
  1.6903234466220281E-02 a       597     0    30     1    17
 -2.1889349306808494E-02 a       598     0    30     1    18
  3.9391323239702992E-05 a       599     0    30     1    19
  1.5944326118780636E-02 a       600     0    30     1    20
  1.3736866654636298E-01 a       601     0    31     1     1
 -4.4596542293066303E-02 a       602     0    31     1     2
 -8.4660216580974709E-02 a       603     0    31     1     3
  1.6051405784780988E-02 a       604     0    31     1     4
  3.8820322251434697E-02 a       605     0    31     1     5
 -1.5239857583460611E-01 a       606     0    31     1     6
 -1.9610021848672776E-02 a       607     0    31     1     7
  8.9572054589667355E-02 a       608     0    31     1     8
 -1.9805173278624903E-02 a       609     0    31     1     9
 -1.1082892618159873E-01 a       610     0    31     1    10
  6.6184096542921136E-02 a       611     0    31     1    11
 -5.9345992952562605E-02 a       612     0    31     1    12
  1.8254806312176217E-01 a       613     0    31     1    13
 -7.5440340562201488E-02 a       614     0    31     1    14
 -9.6477728069816978E-04 a       615     0    31     1    15
  1.3297538879321665E-02 a       616     0    31     1    16
 -2.7467075269726821E-02 a       617     0    31     1    17
  4.0187761963060183E-02 a       618     0    31     1    18
 -3.9366449953668434E-02 a       619     0    31     1    19
 -1.0703755211911822E-01 a       620     0    31     1    20
  1.5608700177888327E-01 a       621     0    32     1     1
  7.4867974085675262E-02 a       622     0    32     1     2
  2.3927095263399939E-01 a       623     0    32     1     3
  2.8243726358385668E-01 a       624     0    32     1     4
 -1.1974429782333677E-02 a       625     0    32     1     5
 -2.0579965385204826E-01 a       626     0    32     1     6
 -1.1146901905626469E-01 a       627     0    32     1     7
 -2.1686031844329795E-01 a       628     0    32     1     8
 -4.4762858641499625E-01 a       629     0    32     1     9
  4.6213824439172840E-01 a       630     0    32     1    10
  2.2687631657777504E-01 a       631     0    32     1    11
 -1.5701863554172971E-01 a       632     0    32     1    12
  3.5882375533287736E-01 a       633     0    32     1    13
  1.8830912789401064E-01 a       634     0    32     1    14
 -1.7633366484925556E-01 a       635     0    32     1    15
  7.0371466585200252E-03 a       636     0    32     1    16
 -8.7123969135709259E-02 a       637     0    32     1    17
  3.0304368961712147E-01 a       638     0    32     1    18
 -1.9361821973841573E-01 a       639     0    32     1    19
 -3.9610980957026663E-02 a       640     0    32     1    20
 -1.8725905821698777E-01 a       641     0    33     1     1
  8.5328699641205707E-02 a       642     0    33     1     2
  2.7184626122273240E-02 a       643     0    33     1     3
 -3.6349667566696600E-03 a       644     0    33     1     4
  1.3076846980859000E-02 a       645     0    33     1     5
  4.7143271382434591E-02 a       646     0    33     1     6
  7.3516038146153387E-02 a       647     0    33     1     7
 -3.7977298472978351E-02 a       648     0    33     1     8
 -6.1673872101357330E-02 a       649     0    33     1     9
  1.5085125324086379E-01 a       650     0    33     1    10
  2.0460603447440075E-02 a       651     0    33     1    11
  5.4719220296227299E-02 a       652     0    33     1    12
  9.7196172158345879E-03 a       653     0    33     1    13
  7.9395914592039402E-02 a       654     0    33     1    14
 -1.1474276779423838E-02 a       655     0    33     1    15
 -1.9294275147359652E-02 a       656     0    33     1    16
 -4.2334519122993144E-02 a       657     0    33     1    17
 -5.0687930653209375E-02 a       658     0    33     1    18
  1.4913250930462535E-02 a       659     0    33     1    19
  9.2058825383686798E-03 a       660     0    33     1    20
  5.3749099648166088E-01 a       661     0    34     1     1
  6.8265919981087309E-01 a       662     0    34     1     2
  1.0306543486386956E-01 a       663     0    34     1     3
 -1.1565217848672076E+00 a       664     0    34     1     4
 -4.4796580997676666E-01 a       665     0    34     1     5
 -2.4427499749693267E+00 a       666     0    34     1     6
 -1.0934886472098713E+00 a       667     0    34     1     7
 -5.8265283328373685E-01 a       668     0    34     1     8
  2.4411939179979833E-01 a       669     0    34     1     9
  3.5957813687554235E-01 a       670     0    34     1    10
  9.4456551898413246E-02 a       671     0    34     1    11
 -6.7569166576656636E-01 a       672     0    34     1    12
 -1.1877686156534283E-01 a       673     0    34     1    13
 -4.1045358468704840E-01 a       674     0    34     1    14
 -4.9043148031002592E-01 a       675     0    34     1    15
 -1.7966598095537343E-03 a       676     0    34     1    16
  4.0085960906096188E-02 a       677     0    34     1    17
  6.8053884006111853E-01 a       678     0    34     1    18
 -6.3009104688217477E-01 a       679     0    34     1    19
  8.8399567857717420E-01 a       680     0    34     1    20
 -1.3353848427076528E-02 a       681     0    35     1     1
  1.1068174001890136E-02 a       682     0    35     1     2
  5.2667264214942597E-02 a       683     0    35     1     3
 -1.6749483582774441E-01 a       684     0    35     1     4
  3.0896720129177716E-02 a       685     0    35     1     5
 -1.2854407806772805E-01 a       686     0    35     1     6
 -3.1886349543442183E-01 a       687     0    35     1     7
 -2.3760181520998946E-01 a       688     0    35     1     8
 -6.4691544130240741E-01 a       689     0    35     1     9
  6.9853609509090708E-01 a       690     0    35     1    10
  1.9633494187587738E-02 a       691     0    35     1    11
 -1.0026098270782921E-01 a       692     0    35     1    12
 -2.0138580578065504E-01 a       693     0    35     1    13
  9.0593222426859479E-02 a       694     0    35     1    14
  1.0012512588420298E-01 a       695     0    35     1    15
  1.0353524105570862E-02 a       696     0    35     1    16
 -7.5563514117331629E-02 a       697     0    35     1    17
 -9.7934636313073753E-02 a       698     0    35     1    18
 -2.5221207490169256E-01 a       699     0    35     1    19
  2.7330881579740313E-01 a       700     0    35     1    20
  5.9639046506473115E-02 a       701     0    36     1     1
 -3.7609003431936364E-02 a       702     0    36     1     2
  9.4664180103194912E-04 a       703     0    36     1     3
 -1.3083777008799430E-01 a       704     0    36     1     4
 -6.6065866165000348E-02 a       705     0    36     1     5
 -1.5484415058238948E-02 a       706     0    36     1     6
 -8.6875755540829852E-02 a       707     0    36     1     7
  1.4021643889355520E-01 a       708     0    36     1     8
  1.2099233807957542E-01 a       709     0    36     1     9
  1.8596089028979086E-02 a       710     0    36     1    10
  1.5722895327500389E-02 a       711     0    36     1    11
 -7.4515347592774617E-02 a       712     0    36     1    12
  1.0175278427215856E-01 a       713     0    36     1    13
 -1.2607071911487164E-01 a       714     0    36     1    14
 -1.4526423066679725E-01 a       715     0    36     1    15
  3.0892251171383146E-02 a       716     0    36     1    16
 -6.4695702953741357E-02 a       717     0    36     1    17
 -5.9373610111654027E-02 a       718     0    36     1    18
  8.3205276749317686E-02 a       719     0    36     1    19
  1.5197028271630780E-01 a       720     0    36     1    20
 -2.7302821157401314E-01 a       721     0    37     1     1
 -7.4445669113255161E-02 a       722     0    37     1     2
  1.0788020398882578E-01 a       723     0    37     1     3
 -1.0919243445296778E-01 a       724     0    37     1     4
 -1.2649988486735209E-01 a       725     0    37     1     5
  7.6549857142000632E-02 a       726     0    37     1     6
 -1.2735309640409959E-01 a       727     0    37     1     7
 -2.4155827425199686E-01 a       728     0    37     1     8
  4.1494870072971535E-02 a       729     0    37     1     9
 -1.4503022183191838E-01 a       730     0    37     1    10
 -1.6661126414262459E-01 a       731     0    37     1    11
  2.6721251507709150E-02 a       732     0    37     1    12
 -4.5957840099703544E-02 a       733     0    37     1    13
  1.3057899222227767E-01 a       734     0    37     1    14
 -1.5351655806066187E-02 a       735     0    37     1    15
 -7.4072777531506262E-02 a       736     0    37     1    16
  2.9767260202653228E-01 a       737     0    37     1    17
 -1.3892302929910963E-01 a       738     0    37     1    18
 -4.3148286553082602E-02 a       739     0    37     1    19
 -1.1226220935873336E-01 a       740     0    37     1    20
  1.3917340149311680E-02 a       741     0    38     1     1
 -1.4048022432924459E-01 a       742     0    38     1     2
  1.0692263237012105E-01 a       743     0    38     1     3
  1.0482122057827222E-02 a       744     0    38     1     4
  1.4222140629060215E-01 a       745     0    38     1     5
 -2.6635101638746767E-01 a       746     0    38     1     6
  9.4728690774472171E-02 a       747     0    38     1     7
 -1.1006232944031705E-02 a       748     0    38     1     8
 -1.4610582336172978E-01 a       749     0    38     1     9
  2.0232331413672783E-01 a       750     0    38     1    10
 -8.6238269463967093E-02 a       751     0    38     1    11
 -6.4119442358283221E-02 a       752     0    38     1    12
 -1.5418889302289357E-01 a       753     0    38     1    13
  6.2071025963668595E-03 a       754     0    38     1    14
  7.5430576960970983E-02 a       755     0    38     1    15
  1.1472864298304185E-01 a       756     0    38     1    16
 -1.6500210183826575E-01 a       757     0    38     1    17
 -7.1336580819979706E-02 a       758     0    38     1    18
 -1.6386070725703925E-01 a       759     0    38     1    19
  2.9335947483747110E-01 a       760     0    38     1    20
  9.2898165430485208E-02 a       761     0    39     1     1
 -5.1212064644240357E-02 a       762     0    39     1     2
 -1.2805687282236794E-01 a       763     0    39     1     3
 -2.0855483418037682E-02 a       764     0    39     1     4
 -1.5165375508520632E-01 a       765     0    39     1     5
  1.3532528280796990E-01 a       766     0    39     1     6
  1.4461365709377907E-01 a       767     0    39     1     7
  3.0994846758337899E-02 a       768     0    39     1     8
 -1.1525631901274214E-01 a       769     0    39     1     9
 -4.9929098715495356E-02 a       770     0    39     1    10
 -1.2887199846981923E-01 a       771     0    39     1    11
 -2.8448339031144210E-01 a       772     0    39     1    12
  1.0407936272457100E-01 a       773     0    39     1    13
 -1.6257658972224476E-01 a       774     0    39     1    14
  1.6822445016030030E-01 a       775     0    39     1    15
 -2.1715422597390576E-02 a       776     0    39     1    16
 -1.4860637537559621E-01 a       777     0    39     1    17
  3.5339959669125298E-01 a       778     0    39     1    18
  4.1426294934946090E-01 a       779     0    39     1    19
 -9.0581431267240609E-02 a       780     0    39     1    20
 -4.4397753474319979E-01 a       781     0    40     1     1
  3.6299137783253632E-01 a       782     0    40     1     2
 -1.1862176226453040E-01 a       783     0    40     1     3
  1.1366627683688049E+00 a       784     0    40     1     4
  1.3069990999135819E-01 a       785     0    40     1     5
  5.9918102600165901E-01 a       786     0    40     1     6
 -2.5910769344149431E-01 a       787     0    40     1     7
 -4.8375241202358377E-01 a       788     0    40     1     8
 -8.8103839941261386E-01 a       789     0    40     1     9
 -1.3636112932590951E+00 a       790     0    40     1    10
  3.2633065616606155E-01 a       791     0    40     1    11
  2.4455692941907858E-01 a       792     0    40     1    12
 -3.6095673732365230E-01 a       793     0    40     1    13
  4.7184383625266280E-01 a       794     0    40     1    14
 -1.0576436911015401E+00 a       795     0    40     1    15
  1.1332195858105959E-02 a       796     0    40     1    16
 -2.9643577702146895E-01 a       797     0    40     1    17
 -3.5632844626334530E-02 a       798     0    40     1    18
  3.5771683115590619E-01 a       799     0    40     1    19
 -6.8859077153652593E-01 a       800     0    40     1    20
  1.6510803780216818E-01 a       801     0    41     1     1
 -2.5218647110388484E-03 a       802     0    41     1     2
  2.3431237866572717E-02 a       803     0    41     1     3
  3.2340058997681009E-01 a       804     0    41     1     4
 -3.7562664185309284E-02 a       805     0    41     1     5
 -4.5910520074087036E-01 a       806     0    41     1     6
  3.7392977290910195E-01 a       807     0    41     1     7
  1.3191765406752060E-01 a       808     0    41     1     8
 -4.1250496212093313E-02 a       809     0    41     1     9
 -1.3962438989781376E-02 a       810     0    41     1    10
 -1.7247290040314245E-01 a       811     0    41     1    11
 -2.1932295184759704E-01 a       812     0    41     1    12
 -3.3758197470420570E-01 a       813     0    41     1    13
 -3.8113760755964948E-01 a       814     0    41     1    14
  1.7853183476098247E-01 a       815     0    41     1    15
  2.4253190519373354E-02 a       816     0    41     1    16
 -9.2515626400151596E-02 a       817     0    41     1    17
  1.5616701817855108E-01 a       818     0    41     1    18
 -2.0026899198359063E-01 a       819     0    41     1    19
  3.3280722818632902E-01 a       820     0    41     1    20
 -1.3517082386321599E-01 a       821     0    42     1     1
  8.6089107788238240E-03 a       822     0    42     1     2
 -1.2484098667287959E-01 a       823     0    42     1     3
  3.9255959348148461E-01 a       824     0    42     1     4
  1.5063425582961434E-01 a       825     0    42     1     5
 -9.3944494131922088E-02 a       826     0    42     1     6
  2.1693738007388066E-01 a       827     0    42     1     7
 -1.9423841864096655E-01 a       828     0    42     1     8
 -1.2339071288800997E-01 a       829     0    42     1     9
 -1.2951963364855706E-01 a       830     0    42     1    10
 -7.3175926803496022E-02 a       831     0    42     1    11
  2.0025795481311279E-01 a       832     0    42     1    12
 -1.1350602614285282E-01 a       833     0    42     1    13
  1.7949765946463059E-01 a       834     0    42     1    14
  2.0927875254284631E-01 a       835     0    42     1    15
 -4.2193783964199871E-02 a       836     0    42     1    16
  2.2885871059524454E-01 a       837     0    42     1    17
 -1.5967514995940291E-02 a       838     0    42     1    18
 -2.0128276752731630E-01 a       839     0    42     1    19
 -6.3274724004998645E-02 a       840     0    42     1    20
 -5.4543604673593940E-02 a       841     0    43     1     1
  2.2706910291343533E-02 a       842     0    43     1     2
  1.0532057797025027E-02 a       843     0    43     1     3
 -5.7845891972963193E-02 a       844     0    43     1     4
 -2.7228671983675238E-02 a       845     0    43     1     5
  7.6348610042688031E-02 a       846     0    43     1     6
  7.8592904132511271E-02 a       847     0    43     1     7
 -4.0019517257845243E-02 a       848     0    43     1     8
  1.2344457743423064E-02 a       849     0    43     1     9
  8.8962942930774822E-02 a       850     0    43     1    10
  3.5319939856845048E-02 a       851     0    43     1    11
  3.6125196078754834E-02 a       852     0    43     1    12
  1.4003066139726858E-01 a       853     0    43     1    13
  2.9294432153673354E-02 a       854     0    43     1    14
  1.6650857551853020E-02 a       855     0    43     1    15
 -5.6260195909905580E-02 a       856     0    43     1    16
 -1.9423814883161361E-02 a       857     0    43     1    17
 -4.4606896474685000E-02 a       858     0    43     1    18
  1.9999671561089980E-02 a       859     0    43     1    19
 -2.3067613644863483E-02 a       860     0    43     1    20
  5.5510617170822851E-01 a       861     0    44     1     1
  1.9984207319719635E-01 a       862     0    44     1     2
  7.3916691840617797E-03 a       863     0    44     1     3
 -4.4277812966138468E-02 a       864     0    44     1     4
  3.0709362663869529E-02 a       865     0    44     1     5
  3.7405966881251279E-01 a       866     0    44     1     6
 -1.6942202679239102E-02 a       867     0    44     1     7
  3.3764845034347235E-01 a       868     0    44     1     8
  3.2239082369905664E-01 a       869     0    44     1     9
  1.3996199797714742E-01 a       870     0    44     1    10
  1.2936047245840998E-01 a       871     0    44     1    11
 -1.9320209650438089E-01 a       872     0    44     1    12
 -1.0024633934818609E-01 a       873     0    44     1    13
 -1.7469415503572375E-01 a       874     0    44     1    14
 -5.4982800858840587E-02 a       875     0    44     1    15
 -1.1412951165311333E-01 a       876     0    44     1    16
  2.1754146932144329E-02 a       877     0    44     1    17
 -1.2605764445476314E-02 a       878     0    44     1    18
 -6.9789750064448125E-02 a       879     0    44     1    19
 -2.5125051156196437E-01 a       880     0    44     1    20
  1.0854167518140405E-01 a       881     0    45     1     1
  9.9446793194017599E-03 a       882     0    45     1     2
 -4.2504397203191411E-04 a       883     0    45     1     3
  7.6109193221907706E-02 a       884     0    45     1     4
  1.0423278307400559E-02 a       885     0    45     1     5
  3.5681531360849589E-02 a       886     0    45     1     6
 -3.3085410401211428E-02 a       887     0    45     1     7
  4.4871413603670536E-02 a       888     0    45     1     8
  4.3158642401806412E-02 a       889     0    45     1     9
 -3.5555116176907466E-02 a       890     0    45     1    10
  3.1608027763035075E-03 a       891     0    45     1    11
 -3.5244175099369918E-02 a       892     0    45     1    12
 -3.7184430825304171E-01 a       893     0    45     1    13
  2.0120031724944358E-02 a       894     0    45     1    14
 -9.5160106077191772E-03 a       895     0    45     1    15
  2.7193521930350701E-03 a       896     0    45     1    16
 -1.3652474686093895E-02 a       897     0    45     1    17
  4.3733160437739525E-02 a       898     0    45     1    18
  6.1991289963356067E-02 a       899     0    45     1    19
 -7.5882459644898731E-02 a       900     0    45     1    20
  2.2149314012531227E-01 a       901     0    46     1     1
  7.5151246975207320E-01 a       902     0    46     1     2
 -5.1611775093175560E-01 a       903     0    46     1     3
  1.5431728954751298E-01 a       904     0    46     1     4
 -3.6713054995747807E-01 a       905     0    46     1     5
  1.0914911602547330E+00 a       906     0    46     1     6
  2.5336979082295474E-01 a       907     0    46     1     7
 -7.1685148628205034E-02 a       908     0    46     1     8
 -2.5197808144850226E-01 a       909     0    46     1     9
  4.3281393000781387E-01 a       910     0    46     1    10
  5.2579477827203547E-01 a       911     0    46     1    11
 -1.6165928143800459E-01 a       912     0    46     1    12
  4.1916719498849203E-02 a       913     0    46     1    13
  6.5384049630894489E-02 a       914     0    46     1    14
 -6.6291775557454291E-01 a       915     0    46     1    15
 -5.4660421055851460E-01 a       916     0    46     1    16
  7.7274848078909941E-02 a       917     0    46     1    17
  2.9006527662398397E-02 a       918     0    46     1    18
  2.0583567814305972E-01 a       919     0    46     1    19
 -5.3879173742044473E-01 a       920     0    46     1    20
  1.0757574641469858E+00 a       921     0    47     1     1
  4.7286149517280807E-01 a       922     0    47     1     2
  4.0508249797501833E-01 a       923     0    47     1     3
  4.1436326328026440E-01 a       924     0    47     1     4
  3.4213036308035599E-02 a       925     0    47     1     5
  5.7299465079799417E-01 a       926     0    47     1     6
  3.5222579420518774E-01 a       927     0    47     1     7
  2.7435845046863067E-01 a       928     0    47     1     8
  2.8128110609519302E-01 a       929     0    47     1     9
  3.3941664695738666E-01 a       930     0    47     1    10
  8.7051673156984519E-02 a       931     0    47     1    11
 -2.3689569596299015E-01 a       932     0    47     1    12
  5.5967422915607960E-02 a       933     0    47     1    13
 -3.2414251124409615E-01 a       934     0    47     1    14
  1.5853203955185033E-01 a       935     0    47     1    15
 -1.8525475818384654E-01 a       936     0    47     1    16
 -5.8829662792378945E-02 a       937     0    47     1    17
 -1.2245767812609284E-03 a       938     0    47     1    18
 -1.8225112914153022E-01 a       939     0    47     1    19
 -8.9928207788772932E-02 a       940     0    47     1    20
  6.6610991280838666E-02 a       941     0    48     1     1
  3.4504481695214306E-02 a       942     0    48     1     2
 -3.6441253148107935E-02 a       943     0    48     1     3
 -3.5980779981175412E-03 a       944     0    48     1     4
 -5.3107594788042107E-03 a       945     0    48     1     5
  9.9330511947735414E-02 a       946     0    48     1     6
 -3.5471450944501208E-02 a       947     0    48     1     7
 -1.6864886838355804E-02 a       948     0    48     1     8
  7.0569077556408594E-02 a       949     0    48     1     9
  1.0043482750280027E-02 a       950     0    48     1    10
 -1.0947535535772428E-02 a       951     0    48     1    11
 -1.6512708027827252E-02 a       952     0    48     1    12
  1.6517326146333680E-01 a       953     0    48     1    13
 -3.8860372921117797E-02 a       954     0    48     1    14
 -4.7446876768279717E-02 a       955     0    48     1    15
  2.0814249808947791E-02 a       956     0    48     1    16
  8.1526101528656025E-02 a       957     0    48     1    17
  1.5118495179908768E-02 a       958     0    48     1    18
 -7.4381284316978047E-02 a       959     0    48     1    19
  1.2371309996964200E-01 a       960     0    48     1    20
  1.4742004196779010E-01 a       961     0    49     1     1
  8.4230608265861207E-02 a       962     0    49     1     2
  1.4375565208533322E-02 a       963     0    49     1     3
  3.2015600355632064E-02 a       964     0    49     1     4
  1.0261282651046491E-01 a       965     0    49     1     5
 -2.2264922873924262E-02 a       966     0    49     1     6
  8.1006431039432378E-02 a       967     0    49     1     7
  1.1752445473442485E-01 a       968     0    49     1     8
 -1.6569141880391179E-02 a       969     0    49     1     9
  1.4464262913265766E-01 a       970     0    49     1    10
  9.6750187938877671E-02 a       971     0    49     1    11
  1.6106498641786940E-02 a       972     0    49     1    12
 -2.1172504409730716E-02 a       973     0    49     1    13
 -7.6187573762503388E-02 a       974     0    49     1    14
  2.4923124383409052E-02 a       975     0    49     1    15
  8.9736838503517491E-02 a       976     0    49     1    16
 -2.6061180739614720E-01 a       977     0    49     1    17
  1.1764060076678612E-01 a       978     0    49     1    18
  1.8510224491753737E-03 a       979     0    49     1    19
  1.3852662102663435E-01 a       980     0    49     1    20
 -7.9193238583244702E-02 a       981     0    50     1     1
  3.6740916634042192E-02 a       982     0    50     1     2
 -1.0500922872234787E-01 a       983     0    50     1     3
 -5.3831993268060839E-02 a       984     0    50     1     4
 -1.0600557832053284E-01 a       985     0    50     1     5
  1.2434196977880135E-01 a       986     0    50     1     6
 -7.0578985462758315E-02 a       987     0    50     1     7
 -1.0824448691888795E-02 a       988     0    50     1     8
 -1.8608359525313974E-02 a       989     0    50     1     9
  1.2750665909540999E-02 a       990     0    50     1    10
  4.6478322486604100E-02 a       991     0    50     1    11
 -6.4332672414492238E-03 a       992     0    50     1    12
  1.6595894761084334E-02 a       993     0    50     1    13
  6.1678343699413510E-02 a       994     0    50     1    14
 -2.5617989676276227E-02 a       995     0    50     1    15
 -1.0463857564391520E-01 a       996     0    50     1    16
  4.3145211311831438E-02 a       997     0    50     1    17
  8.0805412727553663E-02 a       998     0    50     1    18
  9.4846943768109884E-02 a       999     0    50     1    19
 -1.1634506741001185E-01 a      1000     0    50     1    20
 -1.5004807027850492E-01 a      1001     0    51     1     1
  7.7247476014010677E-02 a      1002     0    51     1     2
 -3.7078399864189690E-02 a      1003     0    51     1     3
  3.7272141085689957E-02 a      1004     0    51     1     4
  1.8772413821758208E-02 a      1005     0    51     1     5
 -1.5635880589632448E-01 a      1006     0    51     1     6
 -6.0705231906222130E-02 a      1007     0    51     1     7
  9.5185306017270641E-02 a      1008     0    51     1     8
  9.3906983457491572E-02 a      1009     0    51     1     9
  5.0155250431391719E-02 a      1010     0    51     1    10
  1.5931721646436095E-01 a      1011     0    51     1    11
  2.1660638701986226E-01 a      1012     0    51     1    12
  8.6043343892857740E-02 a      1013     0    51     1    13
  7.8821846846012678E-02 a      1014     0    51     1    14
 -2.2921347775049533E-01 a      1015     0    51     1    15
 -5.6979861040496564E-02 a      1016     0    51     1    16
  1.5282663457716267E-01 a      1017     0    51     1    17
 -3.4823899206942388E-01 a      1018     0    51     1    18
 -2.2714319900360702E-01 a      1019     0    51     1    19
  1.3883809127231392E-01 a      1020     0    51     1    20
  2.1909938928791628E-01 a      1021     0    52     1     1
  7.7582072338400254E-02 a      1022     0    52     1     2
  3.0622730075699328E-01 a      1023     0    52     1     3
 -7.9342015579786862E-01 a      1024     0    52     1     4
 -1.2545700029183576E-01 a      1025     0    52     1     5
  7.0921413880987272E-02 a      1026     0    52     1     6
  1.7778474861192650E-01 a      1027     0    52     1     7
  6.3436413434747119E-01 a      1028     0    52     1     8
  9.5840633404083941E-01 a      1029     0    52     1     9
  9.0821689146588669E-01 a      1030     0    52     1    10
 -3.0679308549412626E-01 a      1031     0    52     1    11
 -2.9591794776452643E-02 a      1032     0    52     1    12
 -2.7492505525606742E-01 a      1033     0    52     1    13
  4.3975150550860270E-01 a      1034     0    52     1    14
  2.7032940564842944E-01 a      1035     0    52     1    15
  4.1572576219654855E-01 a      1036     0    52     1    16
 -3.8185609578767088E-01 a      1037     0    52     1    17
  1.3713154181956541E-01 a      1038     0    52     1    18
 -4.4880367218678285E-01 a      1039     0    52     1    19
 -3.1340352359926288E-01 a      1040     0    52     1    20
 -8.3709152997343175E-02 a      1041     0    53     1     1
  7.2504670347673661E-03 a      1042     0    53     1     2
 -4.0739516044550565E-03 a      1043     0    53     1     3
 -1.7080272509283356E-01 a      1044     0    53     1     4
  3.1882095550539315E-02 a      1045     0    53     1     5
  1.7797192953212598E-01 a      1046     0    53     1     6
 -1.1773749444146037E-01 a      1047     0    53     1     7
 -8.4436085129635977E-02 a      1048     0    53     1     8
  3.2454357730338404E-02 a      1049     0    53     1     9
 -4.9119477847600838E-02 a      1050     0    53     1    10
  9.2368235025494835E-02 a      1051     0    53     1    11
  9.4287669874892899E-02 a      1052     0    53     1    12
  2.4492091456818035E-01 a      1053     0    53     1    13
  1.4162556693201206E-01 a      1054     0    53     1    14
 -7.9602133533287614E-02 a      1055     0    53     1    15
 -2.7388602082998145E-02 a      1056     0    53     1    16
  4.4409870966396918E-02 a      1057     0    53     1    17
 -9.7149622888086457E-02 a      1058     0    53     1    18
  5.5930709958504070E-02 a      1059     0    53     1    19
 -2.0758512902954424E-01 a      1060     0    53     1    20
  8.9075803167846551E-02 a      1061     0    54     1     1
 -1.9629880953017120E-03 a      1062     0    54     1     2
  7.1792763586947028E-02 a      1063     0    54     1     3
 -2.8152039553916958E-01 a      1064     0    54     1     4
 -8.0650585520279802E-02 a      1065     0    54     1     5
  4.3304452925598966E-02 a      1066     0    54     1     6
 -1.5552634183243993E-01 a      1067     0    54     1     7
  1.1758881735777457E-01 a      1068     0    54     1     8
  4.1189394419681599E-02 a      1069     0    54     1     9
  2.2952966704405203E-02 a      1070     0    54     1    10
  5.6801468443914579E-02 a      1071     0    54     1    11
 -1.5444936559084393E-01 a      1072     0    54     1    12
  1.2269529352441405E-01 a      1073     0    54     1    13
 -8.8720905580408335E-02 a      1074     0    54     1    14
 -9.9479660820671681E-02 a      1075     0    54     1    15
  2.0183241808840714E-02 a      1076     0    54     1    16
 -1.5613836462994582E-01 a      1077     0    54     1    17
  3.6797096400180349E-02 a      1078     0    54     1    18
  6.2538851104503315E-02 a      1079     0    54     1    19
 -6.1679554945642659E-02 a      1080     0    54     1    20
  1.0548717508645586E+00 b      1081     1     1
 -5.3200287557790593E-01 b      1082     1     2
  9.8094425081721159E-01 b      1083     1     3
  1.3097394727156242E+00 b      1084     1     4
 -9.7579831522874561E-01 b      1085     1     5
  6.2612967078244741E-01 b      1086     1     6
  3.7363972616909535E-01 b      1087     1     7
  5.9569036050692847E-01 b      1088     1     8
  7.8459635563340113E-01 b      1089     1     9
  2.4196334510533421E-01 b      1090     1    10
  1.0476143206326844E+00 b      1091     1    11
  1.0862592386662154E-01 b      1092     1    12
  1.5708746766838648E+00 b      1093     1    13
  9.4888366591889678E-02 b      1094     1    14
 -1.1263732577136916E-01 b      1095     1    15
 -4.0803662292458853E-01 b      1096     1    16
 -1.1318561516682095E-01 b      1097     1    17
 -3.7098548872588288E-01 b      1098     1    18
  1.5502035617697423E+00 b      1099     1    19
  1.2223899183536162E+00 b      1100     1    20
  6.3012028444012602E-01 a      1101     1     1     2     1
 -3.0969820798606806E-01 a      1102     1     1     2     2
  8.1954435067454687E-03 a      1103     1     1     2     3
 -4.2484488215017413E-01 a      1104     1     1     2     4
  6.2738213802420117E-02 a      1105     1     1     2     5
  2.0133670774577045E-01 a      1106     1     1     2     6
 -4.4947218323406407E-01 a      1107     1     1     2     7
 -7.2687387415618046E-02 a      1108     1     1     2     8
  5.7593193123748165E-01 a      1109     1     1     2     9
  2.7795265088966786E-01 a      1110     1     1     2    10
 -4.9964793413520781E-02 a      1111     1     1     2    11
  6.4931511576376055E-01 a      1112     1     1     2    12
  7.2509446999627591E-01 a      1113     1     1     2    13
  4.1757948459911304E-01 a      1114     1     1     2    14
  5.2909758385519656E-01 a      1115     1     1     2    15
  3.0038259338659296E-01 a      1116     1     1     2    16
 -6.3490314747529664E-01 a      1117     1     1     2    17
  2.3469120568861762E-01 a      1118     1     1     2    18
 -2.3862514432059074E-02 a      1119     1     1     2    19
 -4.7335518438004770E-01 a      1120     1     1     2    20
  1.7585540454686582E-01 a      1121     1     2     2     1
 -2.7450336857261443E-01 a      1122     1     2     2     2
 -4.6049459362427947E-01 a      1123     1     2     2     3
 -4.0840129586089111E-02 a      1124     1     2     2     4
  1.5458299257214422E-01 a      1125     1     2     2     5
 -4.3689287384946807E-01 a      1126     1     2     2     6
 -4.7390802967556001E-01 a      1127     1     2     2     7
  5.0812882359267231E-01 a      1128     1     2     2     8
  1.5001385152432334E-01 a      1129     1     2     2     9
  6.7845284505454531E-02 a      1130     1     2     2    10
 -7.4431282308518476E-01 a      1131     1     2     2    11
  3.2519725832211932E-01 a      1132     1     2     2    12
  1.5318344837274461E-01 a      1133     1     2     2    13
 -5.4690951335282478E-01 a      1134     1     2     2    14
  6.5337919013781531E-01 a      1135     1     2     2    15
 -8.0032475050749108E-01 a      1136     1     2     2    16
 -6.9326666825253380E-01 a      1137     1     2     2    17
  3.0515649665897809E-01 a      1138     1     2     2    18
 -1.2162386043249343E-01 a      1139     1     2     2    19
  1.1599140744325920E-01 a      1140     1     2     2    20
  6.4270809424491693E-01 a      1141     1     3     2     1
  9.7757508839911120E-02 a      1142     1     3     2     2
  3.2195467249650950E-01 a      1143     1     3     2     3
  2.7287029128654128E-01 a      1144     1     3     2     4
 -2.4654820712266967E-01 a      1145     1     3     2     5
  6.5811492204189737E-01 a      1146     1     3     2     6
 -7.9621760434632094E-02 a      1147     1     3     2     7
 -2.3538022993355792E-01 a      1148     1     3     2     8
 -2.8676809125075342E-01 a      1149     1     3     2     9
 -5.4646578683175884E-01 a      1150     1     3     2    10
 -3.0183956112458959E-01 a      1151     1     3     2    11
 -2.3105658358801720E-01 a      1152     1     3     2    12
 -5.3353207815565400E-02 a      1153     1     3     2    13
 -2.6946707223120936E-01 a      1154     1     3     2    14
  3.8463779221446205E-02 a      1155     1     3     2    15
 -5.4654120940236872E-01 a      1156     1     3     2    16
 -5.2718356100987251E-01 a      1157     1     3     2    17
 -2.4560509557220105E-02 a      1158     1     3     2    18
 -3.7397077172301320E-02 a      1159     1     3     2    19
 -2.3713544462500832E-01 a      1160     1     3     2    20
  3.2862291828102052E-03 a      1161     1     4     2     1
 -6.8042777742202154E-01 a      1162     1     4     2     2
  5.6322376841859900E-01 a      1163     1     4     2     3
 -3.5219188564113602E-02 a      1164     1     4     2     4
  3.5116574080965690E-01 a      1165     1     4     2     5
  6.9149581025543638E-01 a      1166     1     4     2     6
 -3.6087747208630894E-01 a      1167     1     4     2     7
 -1.0545801932834280E+00 a      1168     1     4     2     8
  4.4004466080728305E-01 a      1169     1     4     2     9
 -4.6622499202698370E-01 a      1170     1     4     2    10
  4.7823142597468316E-01 a      1171     1     4     2    11
  2.9759700996871894E-02 a      1172     1     4     2    12
  1.0305393579051325E-01 a      1173     1     4     2    13
 -5.1182858531762597E-02 a      1174     1     4     2    14
 -8.6082019388086531E-02 a      1175     1     4     2    15
 -2.5557245614811641E-01 a      1176     1     4     2    16
 -1.1993633988815460E-02 a      1177     1     4     2    17
  9.5459607971383101E-02 a      1178     1     4     2    18
  2.2694892032735176E-01 a      1179     1     4     2    19
  2.2162676220986227E-01 a      1180     1     4     2    20
 -2.2738250220520607E-02 a      1181     1     5     2     1
 -3.7591491635767121E-01 a      1182     1     5     2     2
 -2.7899619168451179E-01 a      1183     1     5     2     3
  4.1021736057387535E-02 a      1184     1     5     2     4
  1.7575103698334679E-01 a      1185     1     5     2     5
  6.7931460124530541E-01 a      1186     1     5     2     6
  7.3341601283660574E-01 a      1187     1     5     2     7
 -4.1947006884542816E-02 a      1188     1     5     2     8
  1.8082681763493014E-01 a      1189     1     5     2     9
  4.8296409944403473E-01 a      1190     1     5     2    10
 -5.4204919609526616E-03 a      1191     1     5     2    11
 -1.0515146032122621E-01 a      1192     1     5     2    12
 -6.2471058778907473E-01 a      1193     1     5     2    13
 -2.2675810009963002E-01 a      1194     1     5     2    14
 -8.2680243691943656E-01 a      1195     1     5     2    15
 -4.2159334287459688E-02 a      1196     1     5     2    16
 -1.1375989539687344E-01 a      1197     1     5     2    17
 -3.0417592925996695E-01 a      1198     1     5     2    18
 -5.5698002211261266E-01 a      1199     1     5     2    19
 -1.3113029932988837E-01 a      1200     1     5     2    20
  4.2186405577137587E-01 a      1201     1     6     2     1
  7.4112004650309260E-01 a      1202     1     6     2     2
  7.7742145265605897E-02 a      1203     1     6     2     3
  5.2496685783022212E-01 a      1204     1     6     2     4
  8.4881772081640483E-01 a      1205     1     6     2     5
 -2.8117040773149510E-01 a      1206     1     6     2     6
  4.2712211346607243E-01 a      1207     1     6     2     7
 -4.6721899818418755E-01 a      1208     1     6     2     8
 -3.8621953345073201E-01 a      1209     1     6     2     9
  4.3147432191176183E-01 a      1210     1     6     2    10
 -3.5157118463142611E-01 a      1211     1     6     2    11
 -1.0676786017277009E-02 a      1212     1     6     2    12
 -7.6853810810058620E-01 a      1213     1     6     2    13
  1.3860361048412354E-01 a      1214     1     6     2    14
 -6.3473545340835302E-01 a      1215     1     6     2    15
 -2.1618701314770683E-01 a      1216     1     6     2    16
  1.0767161136772201E+00 a      1217     1     6     2    17
  4.7638625490804015E-01 a      1218     1     6     2    18
  5.5196160598557864E-01 a      1219     1     6     2    19
  3.0288712227559483E-01 a      1220     1     6     2    20
 -9.4295179791083240E-03 a      1221     1     7     2     1
  3.7533303333722484E-01 a      1222     1     7     2     2
  2.4561118761184145E-01 a      1223     1     7     2     3
  3.7142457850651295E-01 a      1224     1     7     2     4
  1.0481721961333017E-01 a      1225     1     7     2     5
  1.1585150184626621E-01 a      1226     1     7     2     6
 -2.4178891657934015E-01 a      1227     1     7     2     7
  3.5199277924338479E-01 a      1228     1     7     2     8
  6.9788889361610218E-01 a      1229     1     7     2     9
 -5.1304217938126329E-01 a      1230     1     7     2    10
 -2.6492219358868790E-01 a      1231     1     7     2    11
  1.7727724751763582E-01 a      1232     1     7     2    12
 -6.2146819529089681E-01 a      1233     1     7     2    13
 -5.0383958651068017E-01 a      1234     1     7     2    14
  4.6123240367998516E-02 a      1235     1     7     2    15
 -4.9948458868113388E-02 a      1236     1     7     2    16
 -1.4555258628238183E-02 a      1237     1     7     2    17
 -3.9437067268615805E-01 a      1238     1     7     2    18
 -4.9352265312878257E-01 a      1239     1     7     2    19
 -1.8422002299153661E-01 a      1240     1     7     2    20
 -4.3605676891466838E-01 a      1241     1     8     2     1
 -4.5603399290433427E-01 a      1242     1     8     2     2
 -6.0699447903364415E-02 a      1243     1     8     2     3
  7.0963173498438295E-02 a      1244     1     8     2     4
 -2.3789261370898987E-01 a      1245     1     8     2     5
 -1.3962731209873350E-01 a      1246     1     8     2     6
  5.0880031856535979E-01 a      1247     1     8     2     7
  5.6662985683158515E-02 a      1248     1     8     2     8
  1.5024198398655111E-01 a      1249     1     8     2     9
 -4.5465520713750968E-01 a      1250     1     8     2    10
  5.1277247955974681E-01 a      1251     1     8     2    11
  3.5982520264548312E-01 a      1252     1     8     2    12
  6.4344643401823609E-01 a      1253     1     8     2    13
 -1.3323061421087820E-01 a      1254     1     8     2    14
  4.5092522093876314E-01 a      1255     1     8     2    15
  5.4810444664563218E-01 a      1256     1     8     2    16
  4.6789867925679929E-01 a      1257     1     8     2    17
 -2.2973465848607705E-01 a      1258     1     8     2    18
 -3.3386508989675517E-01 a      1259     1     8     2    19
 -2.5029888703522039E-02 a      1260     1     8     2    20
  4.2168744807430963E-01 a      1261     1     9     2     1
  4.1709273606759206E-01 a      1262     1     9     2     2
 -5.9023487217944107E-02 a      1263     1     9     2     3
 -8.3527700554240830E-02 a      1264     1     9     2     4
  5.7648311624571580E-01 a      1265     1     9     2     5
 -1.7487015063394726E-01 a      1266     1     9     2     6
 -6.4705232158597226E-01 a      1267     1     9     2     7
 -1.6841682245423731E-01 a      1268     1     9     2     8
 -8.2396777618725947E-01 a      1269     1     9     2     9
 -3.6275082313265383E-01 a      1270     1     9     2    10
  3.3424943945602476E-01 a      1271     1     9     2    11
 -3.4934331829423998E-01 a      1272     1     9     2    12
 -1.0926523814092794E-01 a      1273     1     9     2    13
 -3.2901718050533507E-01 a      1274     1     9     2    14
 -1.7887609050383266E-02 a      1275     1     9     2    15
 -1.0312680915514842E+00 a      1276     1     9     2    16
 -5.7681186238972393E-01 a      1277     1     9     2    17
  6.0071984569718584E-01 a      1278     1     9     2    18
 -1.2649192851823868E-01 a      1279     1     9     2    19
 -1.4473265710698327E-01 a      1280     1     9     2    20
  7.1237517254041671E-01 a      1281     1    10     2     1
  5.7684217067112697E-01 a      1282     1    10     2     2
  3.6723857007502342E-01 a      1283     1    10     2     3
  4.7559105150798719E-01 a      1284     1    10     2     4
 -2.0528215276450976E-01 a      1285     1    10     2     5
 -5.3184092536378313E-01 a      1286     1    10     2     6
 -1.3302827018696228E-01 a      1287     1    10     2     7
  5.6716815675824251E-03 a      1288     1    10     2     8
 -1.2862161471980098E+00 a      1289     1    10     2     9
  2.8039055420565401E-01 a      1290     1    10     2    10
 -5.1698007650250559E-02 a      1291     1    10     2    11
  1.0411701597337839E-01 a      1292     1    10     2    12
  1.3258859621016127E-02 a      1293     1    10     2    13
 -3.1854773272898113E-01 a      1294     1    10     2    14
  4.8057575056676814E-02 a      1295     1    10     2    15
 -1.0877847562028569E+00 a      1296     1    10     2    16
  2.8530300264921871E-01 a      1297     1    10     2    17
  3.8359599787104198E-01 a      1298     1    10     2    18
  7.4898693549902340E-04 a      1299     1    10     2    19
  3.1116299530486824E-01 a      1300     1    10     2    20
  1.1749831481618350E-01 a      1301     1    11     2     1
  4.1412358275127925E-01 a      1302     1    11     2     2
 -1.5861811898734104E-01 a      1303     1    11     2     3
  3.3412884137839471E-01 a      1304     1    11     2     4
  2.0187877279573446E-01 a      1305     1    11     2     5
  9.1544153717801824E-01 a      1306     1    11     2     6
 -1.3583492071087869E-01 a      1307     1    11     2     7
 -5.0970355910545651E-01 a      1308     1    11     2     8
  2.3520681218406184E-01 a      1309     1    11     2     9
 -3.1746584924366705E-01 a      1310     1    11     2    10
  2.5787926160843960E-01 a      1311     1    11     2    11
 -3.7400982005939715E-01 a      1312     1    11     2    12
 -3.3967555523145920E-01 a      1313     1    11     2    13
  4.1645032271311111E-01 a      1314     1    11     2    14
  3.0067026849754708E-01 a      1315     1    11     2    15
 -6.1189660565778148E-01 a      1316     1    11     2    16
  4.0767618909615361E-01 a      1317     1    11     2    17
  3.7172724082950548E-01 a      1318     1    11     2    18
  6.8779593277398898E-01 a      1319     1    11     2    19
 -5.8628882118796889E-02 a      1320     1    11     2    20
  6.5883735183526582E-01 a      1321     1    12     2     1
  6.8613621031366212E-01 a      1322     1    12     2     2
  3.7470385757567892E-01 a      1323     1    12     2     3
  3.3867842357507297E-02 a      1324     1    12     2     4
 -2.6884834534522961E-01 a      1325     1    12     2     5
 -2.9158980153333663E-01 a      1326     1    12     2     6
  4.0572556134190180E-01 a      1327     1    12     2     7
 -8.7859032337633913E-01 a      1328     1    12     2     8
 -4.3374262318007029E-01 a      1329     1    12     2     9
  3.9475096412187771E-01 a      1330     1    12     2    10
  7.9280431735254708E-01 a      1331     1    12     2    11
 -3.4287862185870127E-01 a      1332     1    12     2    12
  5.2928339697375060E-01 a      1333     1    12     2    13
 -3.6393771040893780E-01 a      1334     1    12     2    14
 -2.1982412902714671E-01 a      1335     1    12     2    15
 -3.2669189130445270E-01 a      1336     1    12     2    16
  6.2482924353986169E-01 a      1337     1    12     2    17
 -8.9653387845550669E-01 a      1338     1    12     2    18
  2.9266737835835815E-01 a      1339     1    12     2    19
 -1.1247758019950321E-01 a      1340     1    12     2    20
  2.9909010271106728E-01 a      1341     1    13     2     1
 -2.9743068079584001E-01 a      1342     1    13     2     2
  5.1884072080803467E-01 a      1343     1    13     2     3
  1.6575162095978163E-01 a      1344     1    13     2     4
  3.7942005672872647E-01 a      1345     1    13     2     5
 -2.5750951427058362E-02 a      1346     1    13     2     6
 -3.6858948933736696E-01 a      1347     1    13     2     7
  3.6754860038030558E-02 a      1348     1    13     2     8
 -1.0442677558267816E-01 a      1349     1    13     2     9
 -5.2276665285615986E-01 a      1350     1    13     2    10
  4.2385149984611868E-02 a      1351     1    13     2    11
  3.8023004636199814E-01 a      1352     1    13     2    12
 -3.0152674602244361E-01 a      1353     1    13     2    13
  7.9211471160135410E-02 a      1354     1    13     2    14
 -3.4565151956614831E-01 a      1355     1    13     2    15
 -3.0910270303658610E-01 a      1356     1    13     2    16
  4.5185708186012641E-01 a      1357     1    13     2    17
  3.1497798966851331E-01 a      1358     1    13     2    18
  1.3420594247353806E-01 a      1359     1    13     2    19
  2.5324891270477873E-01 a      1360     1    13     2    20
 -1.1689506616854811E-01 a      1361     1    14     2     1
 -8.6191854243536092E-01 a      1362     1    14     2     2
 -1.2352339531882288E-01 a      1363     1    14     2     3
 -6.2371237883481057E-01 a      1364     1    14     2     4
 -2.2029930251333599E-01 a      1365     1    14     2     5
  1.1042818827932317E+00 a      1366     1    14     2     6
 -3.4611107146760933E-01 a      1367     1    14     2     7
  8.7911763272959453E-01 a      1368     1    14     2     8
 -1.0082989472407560E+00 a      1369     1    14     2     9
 -2.2309108733540697E-01 a      1370     1    14     2    10
  1.6170587916895296E-01 a      1371     1    14     2    11
  1.9214133973339242E-01 a      1372     1    14     2    12
  5.9908935462073098E-02 a      1373     1    14     2    13
 -2.0370677196065209E-01 a      1374     1    14     2    14
  3.9267482387683478E-01 a      1375     1    14     2    15
  6.5434521079247865E-01 a      1376     1    14     2    16
  1.6535555854502601E-01 a      1377     1    14     2    17
 -3.1763071355832817E-01 a      1378     1    14     2    18
 -2.7376563900454226E-01 a      1379     1    14     2    19
 -4.3324711699429935E-01 a      1380     1    14     2    20
 -2.7477743378029212E-01 a      1381     1    15     2     1
 -3.8329877608459134E-01 a      1382     1    15     2     2
  8.6603121710936026E-01 a      1383     1    15     2     3
  8.5119226637474274E-02 a      1384     1    15     2     4
  4.5342712977976163E-01 a      1385     1    15     2     5
  1.1947833920333059E-01 a      1386     1    15     2     6
 -4.7053659459511232E-01 a      1387     1    15     2     7
  1.8741079580951150E-01 a      1388     1    15     2     8
 -2.2875540712986697E-01 a      1389     1    15     2     9
  9.2388834333458954E-03 a      1390     1    15     2    10
  2.3025571321502375E-01 a      1391     1    15     2    11
 -6.8534670938114384E-01 a      1392     1    15     2    12
  9.1355619835044796E-02 a      1393     1    15     2    13
  9.2690002687720374E-02 a      1394     1    15     2    14
  6.1082969079222393E-01 a      1395     1    15     2    15
 -7.0367604946384477E-01 a      1396     1    15     2    16
 -2.8317725905467861E-01 a      1397     1    15     2    17
 -1.3617239332283199E-02 a      1398     1    15     2    18
 -5.5013483649700934E-01 a      1399     1    15     2    19
 -4.0689183194428991E-01 a      1400     1    15     2    20
  2.6590571516363004E-01 a      1401     1    16     2     1
  1.5505063794841481E-01 a      1402     1    16     2     2
  1.1996374126466813E-01 a      1403     1    16     2     3
  2.7221736309727496E-01 a      1404     1    16     2     4
 -4.8429659419329085E-01 a      1405     1    16     2     5
  5.0145891107994785E-02 a      1406     1    16     2     6
 -1.8675476990477469E-01 a      1407     1    16     2     7
  2.4515429991059057E-01 a      1408     1    16     2     8
 -1.1688741513469021E-01 a      1409     1    16     2     9
  4.6116703195056480E-01 a      1410     1    16     2    10
 -2.3523545838817125E-01 a      1411     1    16     2    11
  1.2237149606892717E-01 a      1412     1    16     2    12
 -3.6821629237454873E-01 a      1413     1    16     2    13
  2.1823826315803216E-01 a      1414     1    16     2    14
  4.4204841526195315E-01 a      1415     1    16     2    15
 -5.6246993638695042E-01 a      1416     1    16     2    16
  4.4206116407943430E-01 a      1417     1    16     2    17
  7.3605492597103206E-01 a      1418     1    16     2    18
  1.7009665069795080E-01 a      1419     1    16     2    19
  1.4433251655853996E-01 a      1420     1    16     2    20
  5.8814639866916230E-01 a      1421     1    17     2     1
  3.1744063545297130E-01 a      1422     1    17     2     2
  2.8657051126210470E-01 a      1423     1    17     2     3
 -2.2026588893066498E-01 a      1424     1    17     2     4
  1.3826375365356758E-01 a      1425     1    17     2     5
 -4.5464186912947591E-01 a      1426     1    17     2     6
 -7.0587840020688575E-01 a      1427     1    17     2     7
  4.1106895810915578E-01 a      1428     1    17     2     8
 -3.2200813721078791E-01 a      1429     1    17     2     9
 -2.3586743013204811E-01 a      1430     1    17     2    10
 -6.0052086359512080E-01 a      1431     1    17     2    11
  3.7444496691842216E-01 a      1432     1    17     2    12
 -7.0832484566572484E-01 a      1433     1    17     2    13
 -8.3810746141238202E-01 a      1434     1    17     2    14
  2.9958588977332823E-01 a      1435     1    17     2    15
 -1.8553142325528171E-01 a      1436     1    17     2    16
 -6.8876011975901208E-01 a      1437     1    17     2    17
  6.1011788821673033E-02 a      1438     1    17     2    18
 -8.5938930522540347E-01 a      1439     1    17     2    19
  5.4752026076602134E-01 a      1440     1    17     2    20
 -5.5112563561749106E-01 a      1441     1    18     2     1
 -8.4377892411274719E-02 a      1442     1    18     2     2
 -7.6332744391532681E-01 a      1443     1    18     2     3
 -3.7155229917334948E-01 a      1444     1    18     2     4
  1.6063497826955173E-01 a      1445     1    18     2     5
  1.5454124511496001E-01 a      1446     1    18     2     6
  3.3435824545988235E-01 a      1447     1    18     2     7
 -3.9281399865512567E-01 a      1448     1    18     2     8
  1.0068911456786767E+00 a      1449     1    18     2     9
  4.0658664487580398E-01 a      1450     1    18     2    10
 -1.8853428025258481E-02 a      1451     1    18     2    11
  5.1567539158202436E-01 a      1452     1    18     2    12
 -2.7554073806987689E-01 a      1453     1    18     2    13
 -5.9802661466189300E-01 a      1454     1    18     2    14
 -8.1985660887508610E-02 a      1455     1    18     2    15
 -5.4734409262907215E-02 a      1456     1    18     2    16
  4.3148893827102974E-01 a      1457     1    18     2    17
  7.9006273893309709E-01 a      1458     1    18     2    18
 -3.3239869902118097E-01 a      1459     1    18     2    19
  4.0946797823707154E-01 a      1460     1    18     2    20
  1.2372029046578337E-01 a      1461     1    19     2     1
 -3.5298308306250292E-01 a      1462     1    19     2     2
  5.0625910253504836E-01 a      1463     1    19     2     3
 -1.9413837677626947E-02 a      1464     1    19     2     4
  6.0432268886035090E-02 a      1465     1    19     2     5
  4.8980618754727984E-01 a      1466     1    19     2     6
 -4.5403139211213422E-01 a      1467     1    19     2     7
 -4.1127657868681611E-01 a      1468     1    19     2     8
  6.4211497886701732E-02 a      1469     1    19     2     9
 -6.7118985407473589E-02 a      1470     1    19     2    10
 -4.5179853821043708E-01 a      1471     1    19     2    11
 -1.1492282558080556E-01 a      1472     1    19     2    12
  2.7770073750915591E-01 a      1473     1    19     2    13
  1.7461502810705251E-01 a      1474     1    19     2    14
  4.8749121413726748E-01 a      1475     1    19     2    15
  4.6082052629410442E-01 a      1476     1    19     2    16
  3.4360122616398270E-01 a      1477     1    19     2    17
 -5.1322795464073284E-02 a      1478     1    19     2    18
 -2.3613714130817418E-01 a      1479     1    19     2    19
  2.1125388693351235E-01 a      1480     1    19     2    20
 -8.1065828936066786E-01 a      1481     1    20     2     1
  4.5161597082294877E-02 a      1482     1    20     2     2
  3.0857606286641245E-02 a      1483     1    20     2     3
  6.0520426882846923E-01 a      1484     1    20     2     4
  3.4261810762268158E-01 a      1485     1    20     2     5
 -6.7907766407237480E-01 a      1486     1    20     2     6
  3.4505057206592804E-01 a      1487     1    20     2     7
 -2.5771699936800434E-03 a      1488     1    20     2     8
 -1.8297774885608828E-01 a      1489     1    20     2     9
 -4.4646346853952606E-01 a      1490     1    20     2    10
  1.4524482366827590E-01 a      1491     1    20     2    11
  1.4622655913363343E-02 a      1492     1    20     2    12
  2.8822219755807393E-01 a      1493     1    20     2    13
  6.2579172681634465E-01 a      1494     1    20     2    14
  2.6761620579415979E-01 a      1495     1    20     2    15
 -3.8728171202770767E-01 a      1496     1    20     2    16
 -8.4077302791042208E-01 a      1497     1    20     2    17
 -1.6850178468068641E-01 a      1498     1    20     2    18
 -2.9821503548768896E-01 a      1499     1    20     2    19
 -3.1774867110623722E-01 a      1500     1    20     2    20
  1.5807022587122190E+00 b      1501     2     1
  6.9468459801043714E-01 b      1502     2     2
 -9.6387609200538948E-01 b      1503     2     3
  7.5656269677797550E-01 b      1504     2     4
  4.1015882420522515E-01 b      1505     2     5
  1.0428820257379778E+00 b      1506     2     6
  8.8593011932460747E-02 b      1507     2     7
  5.8353010633161295E-01 b      1508     2     8
 -1.5135682615543271E+00 b      1509     2     9
 -1.6647435400966384E+00 b      1510     2    10
  3.5667508811106013E-01 b      1511     2    11
 -1.8040447123170922E+00 b      1512     2    12
  5.3042700192593983E-01 b      1513     2    13
  1.0266047346406935E-01 b      1514     2    14
  1.0601464727880543E-01 b      1515     2    15
  6.6919005908286555E-01 b      1516     2    16
 -1.3248472525594037E+00 b      1517     2    17
 -6.2482045996251923E-01 b      1518     2    18
  6.0515832555114779E-01 b      1519     2    19
  6.9433026171793449E-02 b      1520     2    20
 -4.4811781896273217E-01 a      1521     2     1     3     1
  1.4284136849005497E-01 a      1522     2     2     3     1
  2.0870078058003780E-01 a      1523     2     3     3     1
 -5.5478545656911704E-01 a      1524     2     4     3     1
  5.6012831848676135E-02 a      1525     2     5     3     1
 -4.9407114976245947E-01 a      1526     2     6     3     1
  1.0098927634160648E+00 a      1527     2     7     3     1
  9.7298226233573759E-01 a      1528     2     8     3     1
  2.3425329383562374E-01 a      1529     2     9     3     1
 -1.1760993663283618E-01 a      1530     2    10     3     1
 -5.8631849762380484E-01 a      1531     2    11     3     1
  7.8957551022828210E-01 a      1532     2    12     3     1
  1.0588806636908816E+00 a      1533     2    13     3     1
 -7.6267323117198305E-01 a      1534     2    14     3     1
 -1.1873124940948414E+00 a      1535     2    15     3     1
  5.7183501190299621E-02 a      1536     2    16     3     1
 -1.1523024147683041E-01 a      1537     2    17     3     1
  9.3985233002432694E-02 a      1538     2    18     3     1
 -8.6757940878919459E-01 a      1539     2    19     3     1
 -3.8686504611778161E-01 a      1540     2    20     3     1
 -1.5136895912793225E-01 b      1541     3     1
