################################################################################
# Neural network connection values (weights and biases).
################################################################################
# Col  Name       Description
################################################################################
# 1    connection Neural network connection value.
# 2    t          Connection type (a = weight, b = bias).
# 3    index      Index enumerating weights.
# 4    l_s        Starting point layer (end point layer for biases).
# 5    n_s        Starting point neuron in starting layer (end point neuron for biases).
# 6    l_e        End point layer.
# 7    n_e        End point neuron in end layer.
################################################################################
#                      1 2         3     4     5     6     7
#             connection t     index   l_s   n_s   l_e   n_e
############################################################
 -2.4357022086753313E-01 a         1     0     1     1     1
 -1.2895575512303134E-01 a         2     0     1     1     2
  2.1074086041675252E-01 a         3     0     1     1     3
  6.5057705870595151E-01 a         4     0     1     1     4
 -6.2772881659680724E-01 a         5     0     1     1     5
  2.1959455141718667E-01 a         6     0     1     1     6
  2.8728287863690249E-02 a         7     0     1     1     7
 -6.8947470181886128E-01 a         8     0     1     1     8
  6.8614673730747616E-02 a         9     0     1     1     9
 -9.6113306071182458E-02 a        10     0     1     1    10
 -2.9480881069271236E-01 a        11     0     1     1    11
 -3.3631992801221527E-01 a        12     0     1     1    12
  2.8054095015190766E-01 a        13     0     1     1    13
 -2.6192275631905965E-01 a        14     0     1     1    14
  6.0103564300809886E-01 a        15     0     1     1    15
  1.8774064797158302E-01 a        16     0     1     1    16
  6.4418696127394232E-02 a        17     0     1     1    17
  4.6562802695158841E-02 a        18     0     1     1    18
 -3.8235774689084878E-01 a        19     0     1     1    19
 -1.9230461507426597E-01 a        20     0     1     1    20
  1.2867493622706025E-02 a        21     0     2     1     1
  4.5070658013055521E-02 a        22     0     2     1     2
 -2.7591659588525042E-02 a        23     0     2     1     3
  5.0580257221711222E-02 a        24     0     2     1     4
  1.5655692949015751E-01 a        25     0     2     1     5
  1.6511731427166998E-02 a        26     0     2     1     6
 -1.0780021634914659E-01 a        27     0     2     1     7
  2.1849979030931294E-02 a        28     0     2     1     8
 -7.9186941708584521E-02 a        29     0     2     1     9
  1.4552708886291757E-01 a        30     0     2     1    10
  6.5327360552033351E-02 a        31     0     2     1    11
 -1.6648773394677135E-01 a        32     0     2     1    12
 -1.0705681751761409E-01 a        33     0     2     1    13
 -1.2126537959764686E-01 a        34     0     2     1    14
  1.0776818623842895E-01 a        35     0     2     1    15
 -1.8590004232682114E-01 a        36     0     2     1    16
 -6.0060862082190074E-02 a        37     0     2     1    17
  5.8206214551922542E-02 a        38     0     2     1    18
  2.6502863370035636E-02 a        39     0     2     1    19
 -7.8849290735061500E-02 a        40     0     2     1    20
  2.3939191063105807E-02 a        41     0     3     1     1
 -1.3142933475747368E-01 a        42     0     3     1     2
 -1.6836888087972911E-02 a        43     0     3     1     3
  7.9018886218818876E-02 a        44     0     3     1     4
  6.1765589621239500E-02 a        45     0     3     1     5
 -1.7246211627593912E-02 a        46     0     3     1     6
  6.6467918578099888E-02 a        47     0     3     1     7
  2.6167208938583758E-01 a        48     0     3     1     8
 -1.2479375769184430E-01 a        49     0     3     1     9
  2.2702039046932720E-01 a        50     0     3     1    10
 -1.1138551268791011E-01 a        51     0     3     1    11
  2.4748782000816236E-02 a        52     0     3     1    12
 -2.1952061455979006E-02 a        53     0     3     1    13
 -3.2319416886501750E-03 a        54     0     3     1    14
  2.1591100806706470E-01 a        55     0     3     1    15
 -1.8207495887067121E-01 a        56     0     3     1    16
 -1.4739821123346236E-02 a        57     0     3     1    17
 -7.0924899810170486E-02 a        58     0     3     1    18
  4.6824524886694446E-02 a        59     0     3     1    19
 -6.7153153722590245E-02 a        60     0     3     1    20
 -1.9099065102433160E-01 a        61     0     4     1     1
  1.4599178955515066E-01 a        62     0     4     1     2
 -1.8765586818306326E-01 a        63     0     4     1     3
 -5.6295932358923662E-02 a        64     0     4     1     4
  8.1794029206134222E-01 a        65     0     4     1     5
 -7.4211206955301229E-03 a        66     0     4     1     6
 -1.2866925617257474E-01 a        67     0     4     1     7
  6.4848498653584685E-01 a        68     0     4     1     8
 -1.4413938020112012E+00 a        69     0     4     1     9
  2.6844880409373723E-01 a        70     0     4     1    10
 -4.0249169849165400E-01 a        71     0     4     1    11
 -1.4874571799120770E-01 a        72     0     4     1    12
 -6.2488235742137166E-01 a        73     0     4     1    13
  6.5234906001578308E-01 a        74     0     4     1    14
 -2.7770989475256591E-01 a        75     0     4     1    15
  1.8353315227546657E-01 a        76     0     4     1    16
 -1.4213883657072729E-01 a        77     0     4     1    17
 -1.3152294930403718E-01 a        78     0     4     1    18
  2.9802154172689976E-01 a        79     0     4     1    19
 -2.2621376127509601E-01 a        80     0     4     1    20
  1.9204142500383845E-01 a        81     0     5     1     1
 -5.3781111652106625E-03 a        82     0     5     1     2
  8.8404612901209018E-02 a        83     0     5     1     3
  1.0686220335689932E-01 a        84     0     5     1     4
 -2.4375588783785435E-01 a        85     0     5     1     5
 -3.1941017118147985E-01 a        86     0     5     1     6
  9.1966419335424585E-02 a        87     0     5     1     7
  1.8279770566641068E-01 a        88     0     5     1     8
  1.6459253095701853E-01 a        89     0     5     1     9
 -2.0674827610548197E-01 a        90     0     5     1    10
 -1.3123200517373707E-01 a        91     0     5     1    11
  4.4312278781289105E-01 a        92     0     5     1    12
  8.2899078727583911E-02 a        93     0     5     1    13
  3.3423013029133397E-01 a        94     0     5     1    14
 -1.9826371634319767E-01 a        95     0     5     1    15
  1.7672444906559012E-01 a        96     0     5     1    16
  1.2194755989325132E-01 a        97     0     5     1    17
 -6.8831262202101257E-02 a        98     0     5     1    18
 -1.2103072568603318E-02 a        99     0     5     1    19
  1.1244065874671838E-01 a       100     0     5     1    20
  3.1461318020687641E-02 a       101     0     6     1     1
  8.1041523282235739E-02 a       102     0     6     1     2
 -4.3398125466286346E-02 a       103     0     6     1     3
  2.4495232404976305E-02 a       104     0     6     1     4
 -1.7581128197567991E-01 a       105     0     6     1     5
  3.5074235110497801E-02 a       106     0     6     1     6
  8.2450932079477471E-02 a       107     0     6     1     7
 -2.2178411631923492E-01 a       108     0     6     1     8
 -4.6495499244805866E-02 a       109     0     6     1     9
 -1.5946243574562407E-02 a       110     0     6     1    10
 -2.9627194955820148E-02 a       111     0     6     1    11
 -1.7456013958492605E-03 a       112     0     6     1    12
  6.3332592440479604E-02 a       113     0     6     1    13
  8.7419051028978456E-02 a       114     0     6     1    14
 -3.4561135641815077E-01 a       115     0     6     1    15
  1.3352874994237446E-01 a       116     0     6     1    16
 -8.3716200509569808E-02 a       117     0     6     1    17
  1.0534053655021244E-01 a       118     0     6     1    18
 -9.3540984380538830E-02 a       119     0     6     1    19
  9.6583135085758512E-02 a       120     0     6     1    20
  4.7876821798062486E-01 a       121     0     7     1     1
 -3.2911478447604517E-02 a       122     0     7     1     2
  4.0575958306259247E-01 a       123     0     7     1     3
  6.4178117699899062E-01 a       124     0     7     1     4
  3.1959006948945168E-01 a       125     0     7     1     5
 -4.5066379086903731E-02 a       126     0     7     1     6
 -1.9301080466041506E-01 a       127     0     7     1     7
 -7.3337898163689907E-01 a       128     0     7     1     8
  7.6383621389153955E-01 a       129     0     7     1     9
 -2.8661756524164902E-02 a       130     0     7     1    10
 -3.3231577471702620E-02 a       131     0     7     1    11
  4.5932745240453332E-01 a       132     0     7     1    12
  4.4138716801346151E-02 a       133     0     7     1    13
 -3.9715607103515466E-01 a       134     0     7     1    14
  3.8307628097355545E-01 a       135     0     7     1    15
  5.4135285136828426E-01 a       136     0     7     1    16
  4.8083262715775582E-01 a       137     0     7     1    17
  5.2620930850854541E-01 a       138     0     7     1    18
  1.4201859802222905E-01 a       139     0     7     1    19
 -6.5890264041561869E-02 a       140     0     7     1    20
  3.1539508913650434E-02 a       141     0     8     1     1
 -2.1613833679481476E-01 a       142     0     8     1     2
 -1.1836681829362659E-01 a       143     0     8     1     3
 -1.6575954280372021E-01 a       144     0     8     1     4
 -3.2844154465053010E-01 a       145     0     8     1     5
 -1.1009612380446719E-01 a       146     0     8     1     6
  2.2901204318407092E-01 a       147     0     8     1     7
 -2.4146595442669974E-01 a       148     0     8     1     8
  3.8487882810485229E-02 a       149     0     8     1     9
 -1.6521158826580642E-01 a       150     0     8     1    10
 -6.4056014669249178E-02 a       151     0     8     1    11
 -1.8141011499469706E-01 a       152     0     8     1    12
 -2.1842465217502041E-01 a       153     0     8     1    13
  3.6773202332146975E-03 a       154     0     8     1    14
  2.6171926861210310E-01 a       155     0     8     1    15
 -1.1886043557685233E-01 a       156     0     8     1    16
  1.4027321046843402E-01 a       157     0     8     1    17
 -1.3902993470321737E-01 a       158     0     8     1    18
 -1.2837085595199972E-02 a       159     0     8     1    19
  3.1281854618644342E-02 a       160     0     8     1    20
 -5.1098302689605704E-02 a       161     0     9     1     1
 -4.0637351011642064E-04 a       162     0     9     1     2
  7.8032876857862532E-02 a       163     0     9     1     3
 -2.9178365782551235E-01 a       164     0     9     1     4
  8.9235357551604270E-03 a       165     0     9     1     5
 -8.5109340242785173E-02 a       166     0     9     1     6
  1.2239266612251935E-01 a       167     0     9     1     7
  1.9812567751192522E-01 a       168     0     9     1     8
  2.7012333059612542E-01 a       169     0     9     1     9
  4.2613144607765351E-02 a       170     0     9     1    10
  9.2012805604594114E-02 a       171     0     9     1    11
  4.1962910262464886E-01 a       172     0     9     1    12
  1.2790687837165159E-02 a       173     0     9     1    13
  1.8271297344830451E-01 a       174     0     9     1    14
  1.2516264683088271E-01 a       175     0     9     1    15
 -2.3911899182471277E-01 a       176     0     9     1    16
 -9.6693287762465552E-02 a       177     0     9     1    17
 -2.2565656827773442E-01 a       178     0     9     1    18
  3.3517559067668005E-02 a       179     0     9     1    19
  6.5446538895275935E-02 a       180     0     9     1    20
 -6.2009639202184808E-01 a       181     0    10     1     1
  1.6137686758945370E-03 a       182     0    10     1     2
 -1.3048338773049796E-02 a       183     0    10     1     3
 -2.1887826024067480E-01 a       184     0    10     1     4
  1.9685160130118985E-02 a       185     0    10     1     5
  1.7754632260360326E-01 a       186     0    10     1     6
  3.8146343908620026E-02 a       187     0    10     1     7
  5.4720092045912383E-01 a       188     0    10     1     8
 -1.1923482236353478E+00 a       189     0    10     1     9
  1.2945377351915191E-01 a       190     0    10     1    10
  2.1095455589595555E-01 a       191     0    10     1    11
 -8.3789432940000896E-01 a       192     0    10     1    12
 -3.0323436663939723E-01 a       193     0    10     1    13
  2.0731266728649564E-01 a       194     0    10     1    14
 -3.8989083349680664E-01 a       195     0    10     1    15
  4.1254676996065814E-01 a       196     0    10     1    16
 -2.6075439709031836E-02 a       197     0    10     1    17
 -3.8734620571887757E-02 a       198     0    10     1    18
  2.4355359204946350E-01 a       199     0    10     1    19
 -2.1419171556745137E-01 a       200     0    10     1    20
  1.2370605069295913E-01 a       201     0    11     1     1
 -8.3987824085244203E-02 a       202     0    11     1     2
  3.1628139205271293E-02 a       203     0    11     1     3
 -1.6146935555415695E-01 a       204     0    11     1     4
 -3.5950125226337962E-02 a       205     0    11     1     5
 -1.0517765909701034E-01 a       206     0    11     1     6
  1.4113726182722602E-01 a       207     0    11     1     7
  2.0043693142776708E-02 a       208     0    11     1     8
  7.2188567254753574E-02 a       209     0    11     1     9
  2.9802273036071281E-01 a       210     0    11     1    10
  1.8010253232337459E-02 a       211     0    11     1    11
 -2.0670348848016293E-01 a       212     0    11     1    12
  1.2458208072048775E-01 a       213     0    11     1    13
  2.3133757720557438E-01 a       214     0    11     1    14
 -2.0393507456903529E-01 a       215     0    11     1    15
  9.5110149427322446E-03 a       216     0    11     1    16
 -2.6485193860299860E-01 a       217     0    11     1    17
  6.7820746508192087E-02 a       218     0    11     1    18
 -2.5701282058085773E-01 a       219     0    11     1    19
 -9.2778760486739248E-02 a       220     0    11     1    20
  7.2269590208369441E-02 a       221     0    12     1     1
 -6.3956275744819324E-02 a       222     0    12     1     2
 -1.6088084800255567E-01 a       223     0    12     1     3
 -3.0375110979780157E-01 a       224     0    12     1     4
 -2.8088494922376514E-02 a       225     0    12     1     5
  4.2851557575950133E-02 a       226     0    12     1     6
  4.0779555060797661E-02 a       227     0    12     1     7
  3.1056585186151342E-01 a       228     0    12     1     8
  1.6722858494298401E-02 a       229     0    12     1     9
 -4.0375696389597954E-02 a       230     0    12     1    10
  9.5159151875983686E-02 a       231     0    12     1    11
  2.3226292567491807E-01 a       232     0    12     1    12
  9.7080044981075336E-02 a       233     0    12     1    13
  1.1129055417433908E-01 a       234     0    12     1    14
 -1.4915587294104998E-01 a       235     0    12     1    15
 -1.0613130314553273E-01 a       236     0    12     1    16
 -3.0995000206997309E-01 a       237     0    12     1    17
 -4.2563126992472411E-01 a       238     0    12     1    18
  9.3867307787110318E-02 a       239     0    12     1    19
  6.5006299089625713E-02 a       240     0    12     1    20
  3.4628543527307165E-01 a       241     0    13     1     1
 -4.6347429710313658E-02 a       242     0    13     1     2
 -1.4438626881898936E-01 a       243     0    13     1     3
  8.1608987148743162E-01 a       244     0    13     1     4
  4.5122838836571416E-01 a       245     0    13     1     5
  2.5535436318012672E-01 a       246     0    13     1     6
  2.4442559278906742E-01 a       247     0    13     1     7
 -6.5990484450275821E-01 a       248     0    13     1     8
  1.8068697723801938E-01 a       249     0    13     1     9
  5.2048741515633261E-02 a       250     0    13     1    10
 -1.8669085913380223E-01 a       251     0    13     1    11
  5.5775450995126774E-01 a       252     0    13     1    12
  2.9083730470094926E-01 a       253     0    13     1    13
 -2.7374086678582976E-01 a       254     0    13     1    14
  3.0761869314020318E-01 a       255     0    13     1    15
  2.3824995749319183E-01 a       256     0    13     1    16
  4.6066121071957072E-01 a       257     0    13     1    17
  3.7820483730095100E-01 a       258     0    13     1    18
 -5.7911265867153200E-02 a       259     0    13     1    19
 -2.9506738596645993E-01 a       260     0    13     1    20
  1.9384393813786413E-01 a       261     0    14     1     1
 -6.1285167953322825E-02 a       262     0    14     1     2
  2.1184496988109636E-01 a       263     0    14     1     3
 -2.0300107475286541E-01 a       264     0    14     1     4
 -8.7059636602901169E-02 a       265     0    14     1     5
  4.1339281224701846E-02 a       266     0    14     1     6
  1.4125082096807742E-01 a       267     0    14     1     7
  1.4843390740014642E-01 a       268     0    14     1     8
 -2.1920299249020836E-01 a       269     0    14     1     9
  2.1083701228619852E-02 a       270     0    14     1    10
  3.7411183400875236E-02 a       271     0    14     1    11
  1.2506724187325649E-01 a       272     0    14     1    12
 -4.6041887566095403E-02 a       273     0    14     1    13
  1.6364227806046117E-02 a       274     0    14     1    14
 -7.6084152795921817E-02 a       275     0    14     1    15
  3.0253493654448540E-02 a       276     0    14     1    16
  2.0816780102809807E-01 a       277     0    14     1    17
 -2.5804598685779768E-02 a       278     0    14     1    18
  1.6197626708195659E-01 a       279     0    14     1    19
  3.5766955124434285E-01 a       280     0    14     1    20
 -8.9671688652962073E-02 a       281     0    15     1     1
 -1.9644002730539053E-03 a       282     0    15     1     2
  1.2662068942550253E-02 a       283     0    15     1     3
 -9.8108216207330290E-02 a       284     0    15     1     4
 -6.7291390936639259E-02 a       285     0    15     1     5
  1.7957913079703675E-01 a       286     0    15     1     6
 -2.0112223529160644E-02 a       287     0    15     1     7
 -4.1402992415668853E-02 a       288     0    15     1     8
 -6.4790845113212115E-03 a       289     0    15     1     9
  3.2861911389992676E-01 a       290     0    15     1    10
 -3.6564710064807909E-01 a       291     0    15     1    11
 -9.3817376575296332E-02 a       292     0    15     1    12
  5.4217048949124817E-02 a       293     0    15     1    13
  4.0725932438686069E-01 a       294     0    15     1    14
 -1.1985691582845169E-01 a       295     0    15     1    15
 -2.8729198555756796E-01 a       296     0    15     1    16
 -2.7208975753241754E-01 a       297     0    15     1    17
 -3.7392584198710460E-01 a       298     0    15     1    18
 -4.2566509989315299E-01 a       299     0    15     1    19
  1.3514735017348015E-01 a       300     0    15     1    20
 -5.9891829134135088E-01 a       301     0    16     1     1
  1.4372509192972796E-01 a       302     0    16     1     2
  2.0016601498911490E-01 a       303     0    16     1     3
 -2.2152357300986522E-01 a       304     0    16     1     4
  2.0324312380850522E-02 a       305     0    16     1     5
  1.2163584589448789E-01 a       306     0    16     1     6
  2.1171551178893536E-02 a       307     0    16     1     7
  3.6434270882298092E-01 a       308     0    16     1     8
 -2.3660747283405406E-01 a       309     0    16     1     9
 -1.2618107590372693E-01 a       310     0    16     1    10
  6.2369447598690564E-02 a       311     0    16     1    11
 -6.1455488176136397E-01 a       312     0    16     1    12
 -3.5110130804544293E-01 a       313     0    16     1    13
 -1.3449130810870675E-02 a       314     0    16     1    14
  3.3326754376338176E-02 a       315     0    16     1    15
  5.5302311267307802E-01 a       316     0    16     1    16
 -5.8784592058078433E-01 a       317     0    16     1    17
  1.3392352705905017E-01 a       318     0    16     1    18
  3.9614984724108881E-01 a       319     0    16     1    19
  5.9593678783014838E-02 a       320     0    16     1    20
  3.5190561120133405E-02 a       321     0    17     1     1
  6.5886497129584554E-02 a       322     0    17     1     2
 -5.0859775644709782E-02 a       323     0    17     1     3
 -1.0185419626750990E-01 a       324     0    17     1     4
 -8.9158340992429030E-02 a       325     0    17     1     5
 -1.8305733602697025E-01 a       326     0    17     1     6
 -1.1102244388067711E-02 a       327     0    17     1     7
 -1.7809082102393226E-01 a       328     0    17     1     8
  2.3996787876749173E-01 a       329     0    17     1     9
  4.3280854377405802E-02 a       330     0    17     1    10
 -8.5107450120354991E-02 a       331     0    17     1    11
  4.5929053405627453E-02 a       332     0    17     1    12
  1.0541991554264531E-02 a       333     0    17     1    13
  1.3635377489266703E-01 a       334     0    17     1    14
 -3.0415980118294991E-02 a       335     0    17     1    15
  6.4498584314511401E-02 a       336     0    17     1    16
 -6.1333296762241536E-02 a       337     0    17     1    17
  3.9543931061833404E-02 a       338     0    17     1    18
  2.7666627994488349E-02 a       339     0    17     1    19
 -1.6066099967678651E-01 a       340     0    17     1    20
  2.8790390321468684E-01 a       341     0    18     1     1
  6.0284720921194954E-02 a       342     0    18     1     2
  1.0996365651334088E-01 a       343     0    18     1     3
 -3.2607222110953116E-01 a       344     0    18     1     4
 -2.2887774536340996E-01 a       345     0    18     1     5
 -2.5043930895835970E-01 a       346     0    18     1     6
  4.8710159457325992E-02 a       347     0    18     1     7
  8.3998697335875366E-02 a       348     0    18     1     8
  4.2207205972762168E-01 a       349     0    18     1     9
  2.7748393062489819E-02 a       350     0    18     1    10
  9.6471090449518335E-02 a       351     0    18     1    11
  2.0988425857287352E-01 a       352     0    18     1    12
  8.3675824020594633E-02 a       353     0    18     1    13
 -1.9448330144501109E-02 a       354     0    18     1    14
 -1.8000141466519862E-01 a       355     0    18     1    15
 -2.0062889829702318E-01 a       356     0    18     1    16
 -4.7035998024652213E-02 a       357     0    18     1    17
 -2.2697995410520416E-01 a       358     0    18     1    18
 -2.0064519134675124E-04 a       359     0    18     1    19
  1.8847460675501015E-01 a       360     0    18     1    20
  2.0598970094981614E-01 a       361     0    19     1     1
  2.6399781155968927E-01 a       362     0    19     1     2
 -3.2329242077317594E-01 a       363     0    19     1     3
  2.8790126412492673E-01 a       364     0    19     1     4
  2.2401568582872844E-01 a       365     0    19     1     5
  1.9633213092284615E-01 a       366     0    19     1     6
  7.1909111039874643E-02 a       367     0    19     1     7
 -9.9189237038802905E-02 a       368     0    19     1     8
 -3.2627168662214800E-01 a       369     0    19     1     9
 -2.9398205630988977E-01 a       370     0    19     1    10
 -2.1526087368474413E-02 a       371     0    19     1    11
  3.9949183269780569E-01 a       372     0    19     1    12
  4.6947567138024698E-01 a       373     0    19     1    13
 -1.0513826791832043E-01 a       374     0    19     1    14
  1.2313537606533326E-01 a       375     0    19     1    15
 -6.1331247911949882E-02 a       376     0    19     1    16
  1.8758158061257355E-01 a       377     0    19     1    17
  1.4839454725375231E-01 a       378     0    19     1    18
 -7.5419737110131099E-02 a       379     0    19     1    19
 -1.9407235158455602E-01 a       380     0    19     1    20
 -5.0897267087968670E-02 a       381     0    20     1     1
  7.1938779739810187E-03 a       382     0    20     1     2
 -3.7917614037699253E-04 a       383     0    20     1     3
  1.3872144405237466E-01 a       384     0    20     1     4
  8.0519747122663202E-02 a       385     0    20     1     5
 -7.2824545136479946E-03 a       386     0    20     1     6
  2.2861166735312733E-02 a       387     0    20     1     7
  2.0034193636491560E-01 a       388     0    20     1     8
 -9.7962103132068740E-02 a       389     0    20     1     9
 -9.1885567518041264E-02 a       390     0    20     1    10
 -2.0103587135327491E-02 a       391     0    20     1    11
 -2.7049994592400844E-02 a       392     0    20     1    12
 -1.0746557829934356E-01 a       393     0    20     1    13
  7.2959105254364789E-02 a       394     0    20     1    14
  6.9458968040300856E-02 a       395     0    20     1    15
 -1.7184417160842344E-01 a       396     0    20     1    16
  4.1208333609458178E-02 a       397     0    20     1    17
 -1.7471282573988228E-01 a       398     0    20     1    18
 -1.9363324493497588E-01 a       399     0    20     1    19
  1.1813204431454911E-01 a       400     0    20     1    20
  2.9812628970674288E-02 a       401     0    21     1     1
 -6.5623888045304437E-03 a       402     0    21     1     2
  1.2430009665966144E-01 a       403     0    21     1     3
 -4.0944693982595128E-02 a       404     0    21     1     4
 -1.1061051678827329E-01 a       405     0    21     1     5
 -1.4532261126218358E-02 a       406     0    21     1     6
 -2.2264366257314144E-01 a       407     0    21     1     7
 -7.2761008280655709E-02 a       408     0    21     1     8
 -3.0781113628058934E-02 a       409     0    21     1     9
  8.6503583295928402E-02 a       410     0    21     1    10
 -9.7223658380463665E-02 a       411     0    21     1    11
 -2.3746535331497609E-01 a       412     0    21     1    12
 -1.2319256591954533E-01 a       413     0    21     1    13
  1.6720452705109484E-01 a       414     0    21     1    14
 -2.3868040846248784E-01 a       415     0    21     1    15
 -1.3177024091448791E-01 a       416     0    21     1    16
  1.3171278681431109E-01 a       417     0    21     1    17
 -6.4045389321747026E-02 a       418     0    21     1    18
 -3.2151112728689557E-01 a       419     0    21     1    19
  1.1354864365723294E-01 a       420     0    21     1    20
 -2.6128027444693563E-01 a       421     0    22     1     1
 -1.7929558201085771E-01 a       422     0    22     1     2
  1.1005421325335789E-01 a       423     0    22     1     3
 -2.1727933544847613E-02 a       424     0    22     1     4
  1.2285042185636555E-01 a       425     0    22     1     5
 -1.1467237072353663E-01 a       426     0    22     1     6
  1.4875684607006187E-01 a       427     0    22     1     7
  1.6670322076764929E-01 a       428     0    22     1     8
  7.4202165791026162E-02 a       429     0    22     1     9
  9.9546706057389772E-02 a       430     0    22     1    10
  2.1126978934737497E-02 a       431     0    22     1    11
  1.6631667637859343E-01 a       432     0    22     1    12
 -3.2967369961148241E-01 a       433     0    22     1    13
  3.3373151361793460E-02 a       434     0    22     1    14
  1.1562799190080157E-01 a       435     0    22     1    15
  3.0389410995896199E-01 a       436     0    22     1    16
 -1.6894807584531804E-01 a       437     0    22     1    17
  2.3387652013676682E-01 a       438     0    22     1    18
  4.9366910865005287E-01 a       439     0    22     1    19
 -2.5856394627736218E-02 a       440     0    22     1    20
  5.2009550118438282E-02 a       441     0    23     1     1
  2.2125182772315115E-02 a       442     0    23     1     2
  4.6964839645231189E-02 a       443     0    23     1     3
 -6.0637870935011398E-02 a       444     0    23     1     4
 -4.3049290621705989E-02 a       445     0    23     1     5
  5.4856192492504306E-02 a       446     0    23     1     6
  8.1028707865463165E-02 a       447     0    23     1     7
 -9.6734897211383827E-02 a       448     0    23     1     8
  4.5696155542805240E-02 a       449     0    23     1     9
  1.1431898557806412E-01 a       450     0    23     1    10
 -1.0940032898008963E-01 a       451     0    23     1    11
  3.7490653807940394E-02 a       452     0    23     1    12
  1.1729652830504590E-01 a       453     0    23     1    13
 -1.1319574149692424E-01 a       454     0    23     1    14
 -7.1896012675173954E-02 a       455     0    23     1    15
  1.4912221303735082E-01 a       456     0    23     1    16
 -1.1990545987127904E-01 a       457     0    23     1    17
  2.0260198314628322E-01 a       458     0    23     1    18
  1.7474891173604612E-01 a       459     0    23     1    19
 -3.4858889142319785E-02 a       460     0    23     1    20
  1.7957594148536607E-01 a       461     0    24     1     1
 -2.3760961046077422E-01 a       462     0    24     1     2
  7.9054153251691649E-03 a       463     0    24     1     3
 -1.8119917256926329E-01 a       464     0    24     1     4
 -1.7996649784799632E-01 a       465     0    24     1     5
 -1.9514740600966897E-02 a       466     0    24     1     6
 -5.7742071666215360E-02 a       467     0    24     1     7
 -1.2957199826049509E-01 a       468     0    24     1     8
  2.0950555631870282E-01 a       469     0    24     1     9
  3.0439450939899670E-01 a       470     0    24     1    10
  2.7513457292691130E-02 a       471     0    24     1    11
 -1.6300674233001966E-01 a       472     0    24     1    12
  8.5707339530527907E-02 a       473     0    24     1    13
  3.0283784438451655E-02 a       474     0    24     1    14
 -5.6418549173945787E-02 a       475     0    24     1    15
 -1.9443358906193003E-01 a       476     0    24     1    16
  1.4420012660074885E-01 a       477     0    24     1    17
 -3.8428923546306609E-01 a       478     0    24     1    18
 -2.1941730440742643E-01 a       479     0    24     1    19
  8.3207287100419192E-02 a       480     0    24     1    20
  1.0886991555818842E-01 a       481     0    25     1     1
  4.8676900207309595E-02 a       482     0    25     1     2
 -1.0396971016034154E-01 a       483     0    25     1     3
 -5.7455625732477237E-03 a       484     0    25     1     4
  3.6251249586161279E-02 a       485     0    25     1     5
  1.2809774373018432E-01 a       486     0    25     1     6
 -3.3202092871501811E-02 a       487     0    25     1     7
 -1.0238289677502813E-01 a       488     0    25     1     8
 -1.4578984873885106E-01 a       489     0    25     1     9
 -1.4247501815035077E-01 a       490     0    25     1    10
  9.3624289644176628E-02 a       491     0    25     1    11
 -2.6118717677207897E-02 a       492     0    25     1    12
  1.8971720577870946E-01 a       493     0    25     1    13
 -7.0727800926509682E-02 a       494     0    25     1    14
 -1.0394359361087223E-02 a       495     0    25     1    15
 -8.6666020788073006E-02 a       496     0    25     1    16
  3.1658399306654469E-02 a       497     0    25     1    17
 -2.5082788418788800E-02 a       498     0    25     1    18
 -1.4339175231938531E-01 a       499     0    25     1    19
 -3.6133632931381034E-02 a       500     0    25     1    20
 -4.5849931917370426E-02 a       501     0    26     1     1
  2.7619242662902884E-02 a       502     0    26     1     2
 -1.6631504377701785E-02 a       503     0    26     1     3
 -6.6112531581234091E-02 a       504     0    26     1     4
  3.7738665150990461E-02 a       505     0    26     1     5
  8.2497251582600545E-02 a       506     0    26     1     6
 -9.0811072871120960E-02 a       507     0    26     1     7
 -7.6122920219564530E-02 a       508     0    26     1     8
  2.3726513858667207E-04 a       509     0    26     1     9
 -1.3493863597228417E-01 a       510     0    26     1    10
  1.2981785890294550E-01 a       511     0    26     1    11
 -1.3707680234677957E-01 a       512     0    26     1    12
 -3.6385114467738518E-02 a       513     0    26     1    13
  5.7182884326720758E-02 a       514     0    26     1    14
 -1.5897471702054161E-02 a       515     0    26     1    15
 -8.1089572082571979E-03 a       516     0    26     1    16
  4.1815378481471904E-02 a       517     0    26     1    17
 -1.3232847630733996E-01 a       518     0    26     1    18
 -1.9681609282534984E-01 a       519     0    26     1    19
  3.7076033592529596E-02 a       520     0    26     1    20
 -1.5461037668556620E-02 a       521     0    27     1     1
  1.3903117152935177E-01 a       522     0    27     1     2
  1.1175037277711077E-01 a       523     0    27     1     3
  2.5979974093457175E-02 a       524     0    27     1     4
  5.9409173536333508E-02 a       525     0    27     1     5
 -1.0590399432581643E-01 a       526     0    27     1     6
  3.1047803523593577E-02 a       527     0    27     1     7
  1.8703865564860343E-02 a       528     0    27     1     8
  5.2247633350152027E-02 a       529     0    27     1     9
 -1.6037080396938325E-01 a       530     0    27     1    10
 -4.7278935041308992E-02 a       531     0    27     1    11
 -3.8243278510755610E-02 a       532     0    27     1    12
 -1.4165962321498932E-01 a       533     0    27     1    13
  1.0852275545167801E-02 a       534     0    27     1    14
 -7.1449070579752624E-02 a       535     0    27     1    15
  4.6050283044822463E-02 a       536     0    27     1    16
 -2.6148458453729401E-02 a       537     0    27     1    17
  1.2913580168919517E-01 a       538     0    27     1    18
 -4.7897940850796288E-02 a       539     0    27     1    19
  5.6424366088772736E-02 a       540     0    27     1    20
 -1.1817125010552433E-01 a       541     0    28     1     1
  8.3759732396366041E-02 a       542     0    28     1     2
  4.5637727213236473E-02 a       543     0    28     1     3
  1.1840997502302043E-02 a       544     0    28     1     4
  5.7344938893693756E-02 a       545     0    28     1     5
  4.1361028294255676E-02 a       546     0    28     1     6
  2.8421477359480214E-02 a       547     0    28     1     7
  5.5365243088732634E-02 a       548     0    28     1     8
 -2.5773511752185022E-02 a       549     0    28     1     9
 -4.8923073307355434E-03 a       550     0    28     1    10
 -4.3118571685455173E-02 a       551     0    28     1    11
  7.6132790130393868E-02 a       552     0    28     1    12
  1.2342242681655380E-02 a       553     0    28     1    13
 -5.6387593267512769E-02 a       554     0    28     1    14
  8.2522752625009373E-05 a       555     0    28     1    15
  1.4019777616047302E-01 a       556     0    28     1    16
 -9.4552827980397797E-02 a       557     0    28     1    17
  1.4433138537792414E-01 a       558     0    28     1    18
  1.5509784516605443E-01 a       559     0    28     1    19
  7.1972371175726870E-04 a       560     0    28     1    20
  1.9858894170895664E-02 a       561     0    29     1     1
 -9.2129207238165547E-03 a       562     0    29     1     2
  2.7592403589829916E-02 a       563     0    29     1     3
 -1.3764376676841765E-02 a       564     0    29     1     4
  4.9824891636032452E-02 a       565     0    29     1     5
  2.0775955929447178E-02 a       566     0    29     1     6
 -7.4687649104320626E-05 a       567     0    29     1     7
  8.9226978990860645E-03 a       568     0    29     1     8
 -8.0773354117149535E-03 a       569     0    29     1     9
  5.5981543388224614E-02 a       570     0    29     1    10
 -4.6360400966251498E-03 a       571     0    29     1    11
  5.0482821379466920E-02 a       572     0    29     1    12
  3.1603511900891647E-02 a       573     0    29     1    13
 -5.8783216619213714E-02 a       574     0    29     1    14
  3.2971525051390216E-03 a       575     0    29     1    15
  4.2088384777675319E-02 a       576     0    29     1    16
 -2.7730387048707842E-02 a       577     0    29     1    17
  6.8155759060041399E-02 a       578     0    29     1    18
  1.2098511952122590E-01 a       579     0    29     1    19
 -5.2047834504200729E-03 a       580     0    29     1    20
  9.7339882376738740E-02 a       581     0    30     1     1
 -6.8779906361597684E-02 a       582     0    30     1     2
 -3.9223324647330637E-02 a       583     0    30     1     3
 -6.0761410840243522E-02 a       584     0    30     1     4
 -1.0046374855595093E-01 a       585     0    30     1     5
  4.3450123561354165E-02 a       586     0    30     1     6
 -1.4703941442804180E-01 a       587     0    30     1     7
 -3.7121647943836149E-02 a       588     0    30     1     8
  3.6268819657487752E-02 a       589     0    30     1     9
  1.1165731349569506E-01 a       590     0    30     1    10
  3.6027071579569712E-02 a       591     0    30     1    11
 -1.3325520892595455E-01 a       592     0    30     1    12
  7.6018730194099965E-02 a       593     0    30     1    13
  4.5133196916486526E-02 a       594     0    30     1    14
  7.2587342570142781E-03 a       595     0    30     1    15
 -1.1288917395481611E-01 a       596     0    30     1    16
  6.9527688534099505E-02 a       597     0    30     1    17
 -2.1579758492886947E-01 a       598     0    30     1    18
 -1.0449556957763614E-01 a       599     0    30     1    19
  1.4239333280245495E-02 a       600     0    30     1    20
 -3.7480154242818764E-01 a       601     0    31     1     1
 -1.0024414088047957E-01 a       602     0    31     1     2
 -4.1244034904740642E-02 a       603     0    31     1     3
 -4.3274477693577673E-01 a       604     0    31     1     4
 -7.1066816834827862E-01 a       605     0    31     1     5
 -1.0659404922537989E-01 a       606     0    31     1     6
 -4.6440577195474625E-03 a       607     0    31     1     7
  1.6262157773207847E-01 a       608     0    31     1     8
  7.3607645398823429E-01 a       609     0    31     1     9
 -3.8431374733010620E-01 a       610     0    31     1    10
  2.1518903158546959E-01 a       611     0    31     1    11
  7.5024876544155961E-02 a       612     0    31     1    12
  6.1087096640523454E-02 a       613     0    31     1    13
  4.7164039161646465E-02 a       614     0    31     1    14
  4.9209960791966167E-01 a       615     0    31     1    15
 -1.2623632521929107E-01 a       616     0    31     1    16
  2.1918583895258287E-01 a       617     0    31     1    17
 -2.7862049163606783E-03 a       618     0    31     1    18
 -3.4209679099078372E-01 a       619     0    31     1    19
  6.8193038356324565E-01 a       620     0    31     1    20
 -4.4256772340067613E-02 a       621     0    32     1     1
 -2.4930442397218557E-02 a       622     0    32     1     2
  8.3936756529233367E-02 a       623     0    32     1     3
 -5.7739435700964313E-02 a       624     0    32     1     4
  3.6381655793090972E-01 a       625     0    32     1     5
  5.9485833066358655E-04 a       626     0    32     1     6
 -9.8464788402506831E-02 a       627     0    32     1     7
  1.6686398382829820E-01 a       628     0    32     1     8
 -1.5295870284520857E-01 a       629     0    32     1     9
  2.3593638118847352E-01 a       630     0    32     1    10
  5.0304670844971699E-02 a       631     0    32     1    11
  7.6003421522942052E-02 a       632     0    32     1    12
 -8.6964554898810262E-02 a       633     0    32     1    13
 -9.7190545362857567E-02 a       634     0    32     1    14
  5.5349488855069321E-03 a       635     0    32     1    15
 -1.7691987560599179E-01 a       636     0    32     1    16
  9.0310560910516355E-02 a       637     0    32     1    17
 -5.9936513001322564E-02 a       638     0    32     1    18
  1.0932316988944001E-01 a       639     0    32     1    19
  1.6999319534819018E-02 a       640     0    32     1    20
  7.0459088830348038E-01 a       641     0    33     1     1
  4.1841885048161498E-01 a       642     0    33     1     2
  1.4916868386283996E-01 a       643     0    33     1     3
  4.5576883737243440E-01 a       644     0    33     1     4
  2.3835648343414553E-01 a       645     0    33     1     5
  1.6390398634810435E-01 a       646     0    33     1     6
 -3.2263492302276479E-02 a       647     0    33     1     7
 -3.1717474610370416E-01 a       648     0    33     1     8
  3.4403116163580483E-01 a       649     0    33     1     9
 -6.3806381001615853E-01 a       650     0    33     1    10
 -3.2693187904011761E-01 a       651     0    33     1    11
 -2.9545545217595487E-01 a       652     0    33     1    12
 -1.2573736082304493E-01 a       653     0    33     1    13
 -2.9619143087367206E-01 a       654     0    33     1    14
 -1.1956410019223862E+00 a       655     0    33     1    15
 -3.0073055740922144E-01 a       656     0    33     1    16
 -1.1858286250752116E-01 a       657     0    33     1    17
 -3.9032033913718067E-02 a       658     0    33     1    18
 -3.2283953935299287E-01 a       659     0    33     1    19
 -4.0314856375429281E-01 a       660     0    33     1    20
 -3.3671609829217086E-01 a       661     0    34     1     1
 -1.0915635176738180E-01 a       662     0    34     1     2
  2.5243159658585823E-01 a       663     0    34     1     3
 -3.0491052496360560E-01 a       664     0    34     1     4
  1.7058110196840723E-01 a       665     0    34     1     5
  2.7268951449515894E-01 a       666     0    34     1     6
  1.2348308576829221E-01 a       667     0    34     1     7
 -3.9960957652838947E-01 a       668     0    34     1     8
  3.6025384787298687E-01 a       669     0    34     1     9
  5.8727407512199799E-02 a       670     0    34     1    10
  1.3065514879245202E-01 a       671     0    34     1    11
 -8.9016203583762096E-02 a       672     0    34     1    12
  1.0282261430755679E-01 a       673     0    34     1    13
 -2.6767736764007016E-01 a       674     0    34     1    14
 -4.5089108037101408E-02 a       675     0    34     1    15
  1.9377843362355088E-01 a       676     0    34     1    16
  8.7572735544379395E-03 a       677     0    34     1    17
  8.2506971884001287E-02 a       678     0    34     1    18
 -8.3683558922911849E-02 a       679     0    34     1    19
  7.9754111951923043E-02 a       680     0    34     1    20
  1.2487853645193647E-01 a       681     0    35     1     1
 -3.1224413486805613E-02 a       682     0    35     1     2
 -4.4197806313489421E-02 a       683     0    35     1     3
 -1.4968263459075323E-01 a       684     0    35     1     4
 -1.8093001769368564E-01 a       685     0    35     1     5
 -1.9229548989788670E-01 a       686     0    35     1     6
  7.8430453757363267E-02 a       687     0    35     1     7
 -3.1843722715630546E-01 a       688     0    35     1     8
 -1.3141377968723708E-01 a       689     0    35     1     9
 -6.0920913048180925E-02 a       690     0    35     1    10
 -9.2632047846624349E-02 a       691     0    35     1    11
 -3.4908611407903960E-02 a       692     0    35     1    12
  4.0094820180497814E-02 a       693     0    35     1    13
 -1.2867170532391026E-01 a       694     0    35     1    14
 -4.4254814267649378E-02 a       695     0    35     1    15
 -1.0102555112101026E-01 a       696     0    35     1    16
 -4.3439424405095205E-02 a       697     0    35     1    17
  5.1650656939792448E-02 a       698     0    35     1    18
 -9.7974950782261594E-02 a       699     0    35     1    19
 -6.2115701653577590E-02 a       700     0    35     1    20
 -3.4499433328458107E-01 a       701     0    36     1     1
 -1.2520410268621721E-01 a       702     0    36     1     2
 -7.4998526524664003E-02 a       703     0    36     1     3
 -2.0926134758233839E-01 a       704     0    36     1     4
 -2.4514557218413821E-01 a       705     0    36     1     5
 -4.0902213740640331E-01 a       706     0    36     1     6
  6.1881756284574478E-02 a       707     0    36     1     7
 -2.3086881320391839E-01 a       708     0    36     1     8
 -2.2891898407814190E-01 a       709     0    36     1     9
  2.6758021470532939E-01 a       710     0    36     1    10
  1.4336098186276416E-01 a       711     0    36     1    11
 -2.2617689993698550E-01 a       712     0    36     1    12
  5.2695426260321782E-02 a       713     0    36     1    13
 -1.8064295607963810E-01 a       714     0    36     1    14
  3.8697241232976737E-01 a       715     0    36     1    15
  1.8005132778739869E-01 a       716     0    36     1    16
 -8.1149591232203902E-02 a       717     0    36     1    17
  1.0715557735521090E-01 a       718     0    36     1    18
 -4.5508238459865437E-02 a       719     0    36     1    19
  1.2393403695101944E-01 a       720     0    36     1    20
  3.6570725706520929E-01 a       721     0    37     1     1
 -3.0768689745282252E-01 a       722     0    37     1     2
  2.4524451102749020E-02 a       723     0    37     1     3
 -3.1177110677984693E-01 a       724     0    37     1     4
  1.9325700215945729E-01 a       725     0    37     1     5
 -3.6642218662013926E-01 a       726     0    37     1     6
  1.4685515551793460E-01 a       727     0    37     1     7
 -7.7583645633575990E-02 a       728     0    37     1     8
 -4.3423983609468912E-02 a       729     0    37     1     9
  1.4574782598629729E-01 a       730     0    37     1    10
  1.9175152180885083E-01 a       731     0    37     1    11
  5.7063321403552003E-01 a       732     0    37     1    12
 -3.4061392572806876E-01 a       733     0    37     1    13
 -1.3686379874822180E-01 a       734     0    37     1    14
 -2.7215417640850592E-01 a       735     0    37     1    15
  4.1408936467537322E-01 a       736     0    37     1    16
 -3.2846199361247852E-01 a       737     0    37     1    17
 -1.1617780436005312E-01 a       738     0    37     1    18
  2.9813009654562117E-01 a       739     0    37     1    19
  4.6134900584802064E-03 a       740     0    37     1    20
 -5.8595728165654740E-02 a       741     0    38     1     1
  1.0206244480295586E-01 a       742     0    38     1     2
 -7.8182820252413243E-02 a       743     0    38     1     3
  1.3595487552988730E-01 a       744     0    38     1     4
  2.4773653403549808E-01 a       745     0    38     1     5
 -3.4439850553371829E-02 a       746     0    38     1     6
 -1.2033557903879501E-01 a       747     0    38     1     7
 -5.9696835308996589E-02 a       748     0    38     1     8
  4.6257948243046083E-02 a       749     0    38     1     9
 -1.3791844923509225E-01 a       750     0    38     1    10
 -1.5761508086995002E-01 a       751     0    38     1    11
  6.3266636360021361E-02 a       752     0    38     1    12
  5.7651436011814340E-04 a       753     0    38     1    13
 -1.1413064737122007E-01 a       754     0    38     1    14
  9.3853777525784429E-02 a       755     0    38     1    15
 -1.1768975249418374E-02 a       756     0    38     1    16
 -1.5536787350179723E-01 a       757     0    38     1    17
  7.0031502729845083E-02 a       758     0    38     1    18
 -9.9836732411043155E-02 a       759     0    38     1    19
 -1.4254197798072304E-01 a       760     0    38     1    20
 -3.5260895673612708E-01 a       761     0    39     1     1
 -1.2064938834096663E-01 a       762     0    39     1     2
  1.2159576772903256E-01 a       763     0    39     1     3
  1.1301872347330517E-01 a       764     0    39     1     4
  1.9439173433949622E-01 a       765     0    39     1     5
  1.3976093482716548E-01 a       766     0    39     1     6
  1.1399848707370961E-02 a       767     0    39     1     7
  3.1724161924360283E-01 a       768     0    39     1     8
 -1.1640744506509551E-03 a       769     0    39     1     9
 -5.9554897356547731E-02 a       770     0    39     1    10
  7.4169184321759243E-02 a       771     0    39     1    11
 -7.3652668378603003E-01 a       772     0    39     1    12
  7.1465457814368616E-01 a       773     0    39     1    13
  2.8723435716295054E-01 a       774     0    39     1    14
  1.0355555783342876E+00 a       775     0    39     1    15
 -6.4992432491014485E-01 a       776     0    39     1    16
  4.7381035516054826E-01 a       777     0    39     1    17
  1.0499361840866706E+00 a       778     0    39     1    18
  6.0905678927479423E-01 a       779     0    39     1    19
 -2.4251359274686985E-02 a       780     0    39     1    20
  2.2800625645948275E-01 a       781     0    40     1     1
 -6.9715745172187732E-02 a       782     0    40     1     2
 -2.4705024859436861E-01 a       783     0    40     1     3
  2.7986335005499158E-01 a       784     0    40     1     4
  2.1539407535659319E-01 a       785     0    40     1     5
 -1.6441808343528433E-01 a       786     0    40     1     6
 -3.5867514042933091E-01 a       787     0    40     1     7
  7.7224789343474154E-02 a       788     0    40     1     8
 -7.7702863282699585E-03 a       789     0    40     1     9
 -4.3403140104448665E-02 a       790     0    40     1    10
 -4.7066692183578965E-02 a       791     0    40     1    11
  8.5570821256657298E-02 a       792     0    40     1    12
 -1.9722926468524905E-02 a       793     0    40     1    13
 -3.1964747782662978E-01 a       794     0    40     1    14
  1.7802035786035220E-01 a       795     0    40     1    15
  1.9032188417475190E-01 a       796     0    40     1    16
 -1.2930131874904391E-01 a       797     0    40     1    17
 -1.7907427065128922E-01 a       798     0    40     1    18
 -1.1831010833007317E-01 a       799     0    40     1    19
 -1.4002529922758489E-01 a       800     0    40     1    20
  4.1657563544571889E-02 a       801     0    41     1     1
 -2.3295859633147953E-01 a       802     0    41     1     2
  2.1212393959398595E-03 a       803     0    41     1     3
  1.0902041698643525E-01 a       804     0    41     1     4
 -2.6557325885919447E-01 a       805     0    41     1     5
  1.5067428166426436E-01 a       806     0    41     1     6
  1.2562713505247465E-02 a       807     0    41     1     7
  3.2388965753064586E-01 a       808     0    41     1     8
  1.2525068145141832E-01 a       809     0    41     1     9
  2.4987526918019008E-02 a       810     0    41     1    10
  1.7719451562499861E-01 a       811     0    41     1    11
 -1.1140667389567535E-01 a       812     0    41     1    12
  3.0743282400572763E-02 a       813     0    41     1    13
  2.9596453493063490E-01 a       814     0    41     1    14
 -3.6248806343198436E-02 a       815     0    41     1    15
  7.1259593576899025E-02 a       816     0    41     1    16
  4.6597174140300825E-02 a       817     0    41     1    17
 -5.1993142619114967E-02 a       818     0    41     1    18
  3.2812578372672013E-02 a       819     0    41     1    19
  7.2998171325209374E-02 a       820     0    41     1    20
  3.8519356987451736E-01 a       821     0    42     1     1
 -1.7134934799666351E-01 a       822     0    42     1     2
  2.4017965928071150E-01 a       823     0    42     1     3
  1.5312373064271173E-01 a       824     0    42     1     4
  4.6101465618081144E-01 a       825     0    42     1     5
  6.3812948704267269E-01 a       826     0    42     1     6
  2.2532181141585358E-01 a       827     0    42     1     7
  3.7968580896358300E-01 a       828     0    42     1     8
  7.1367502892646456E-02 a       829     0    42     1     9
 -1.1845769681270016E-01 a       830     0    42     1    10
 -3.0300680361206445E-01 a       831     0    42     1    11
  1.2921336447345905E-01 a       832     0    42     1    12
 -3.3479562334530522E-01 a       833     0    42     1    13
  2.4640844267566206E-01 a       834     0    42     1    14
 -5.4152705360469777E-01 a       835     0    42     1    15
 -2.8895836507383716E-02 a       836     0    42     1    16
  1.5300998593552290E-01 a       837     0    42     1    17
 -3.4499721960547886E-01 a       838     0    42     1    18
 -2.7295341024926817E-01 a       839     0    42     1    19
  9.7962926429139618E-02 a       840     0    42     1    20
 -4.1577327027812631E-02 a       841     0    43     1     1
  6.7132088792896272E-01 a       842     0    43     1     2
 -5.1695974975382225E-02 a       843     0    43     1     3
 -5.0600023677650829E-01 a       844     0    43     1     4
  4.4387414034156253E-01 a       845     0    43     1     5
 -2.1213439946030518E-01 a       846     0    43     1     6
 -2.9394809560551771E-01 a       847     0    43     1     7
  4.9470997020380697E-01 a       848     0    43     1     8
 -4.5820664174000358E-01 a       849     0    43     1     9
 -3.5887753502203290E-01 a       850     0    43     1    10
  5.6513730949545926E-01 a       851     0    43     1    11
  5.7826486090515461E-01 a       852     0    43     1    12
 -2.0742696519838766E-01 a       853     0    43     1    13
  3.8947577130673466E-01 a       854     0    43     1    14
 -2.5525554459637262E-01 a       855     0    43     1    15
 -4.8203431845229412E-02 a       856     0    43     1    16
  6.0448836282796448E-01 a       857     0    43     1    17
 -1.9193068598671764E-01 a       858     0    43     1    18
 -2.6956421847397699E-01 a       859     0    43     1    19
  1.5058055072967927E-01 a       860     0    43     1    20
 -1.2334720580448107E-02 a       861     0    44     1     1
  2.2123540684038540E-01 a       862     0    44     1     2
 -9.9013332430098702E-02 a       863     0    44     1     3
 -6.6077988568933677E-03 a       864     0    44     1     4
 -5.4123235879180082E-02 a       865     0    44     1     5
  5.2309488527527211E-02 a       866     0    44     1     6
 -1.8197138525448395E-01 a       867     0    44     1     7
  2.9504725643479661E-02 a       868     0    44     1     8
 -1.2340080846810075E-01 a       869     0    44     1     9
 -2.2657208803311074E-01 a       870     0    44     1    10
 -1.5295065188494099E-02 a       871     0    44     1    11
 -1.1275655407667107E-02 a       872     0    44     1    12
  1.5358576173546434E-01 a       873     0    44     1    13
 -4.6076170073500518E-02 a       874     0    44     1    14
  3.1307703162444571E-02 a       875     0    44     1    15
 -4.2730025758811664E-02 a       876     0    44     1    16
 -1.8511094647309392E-01 a       877     0    44     1    17
  4.7636673690284901E-03 a       878     0    44     1    18
 -6.5000375624972392E-02 a       879     0    44     1    19
 -7.3634942257766331E-02 a       880     0    44     1    20
  1.9213597922086274E-02 a       881     0    45     1     1
 -4.3002897673705281E-01 a       882     0    45     1     2
  5.4356221146207355E-02 a       883     0    45     1     3
 -6.9059463597782537E-03 a       884     0    45     1     4
 -4.0951930587960284E-01 a       885     0    45     1     5
  1.5246786270290988E-01 a       886     0    45     1     6
  1.0597520502573647E-01 a       887     0    45     1     7
 -4.7926768594247426E-01 a       888     0    45     1     8
 -1.2991105054699212E-01 a       889     0    45     1     9
  1.4536731958879540E-01 a       890     0    45     1    10
 -3.6070193292648095E-01 a       891     0    45     1    11
 -6.2904127051470216E-01 a       892     0    45     1    12
  4.6479800673560462E-01 a       893     0    45     1    13
 -5.1963371785492118E-01 a       894     0    45     1    14
  1.1401231504035321E-01 a       895     0    45     1    15
  7.0312170957851430E-02 a       896     0    45     1    16
 -8.4564917074925872E-01 a       897     0    45     1    17
  3.3159452572689257E-01 a       898     0    45     1    18
  3.0545472065905077E-01 a       899     0    45     1    19
 -4.2148533308794187E-02 a       900     0    45     1    20
 -4.2482246607165611E-02 a       901     0    46     1     1
  3.6012784673875226E-01 a       902     0    46     1     2
  4.5885831379197078E-02 a       903     0    46     1     3
 -2.3702882245729731E-01 a       904     0    46     1     4
  3.2860862500038279E-01 a       905     0    46     1     5
  2.8930318063784288E-01 a       906     0    46     1     6
 -7.3271723671194208E-02 a       907     0    46     1     7
 -3.1014880042321454E-02 a       908     0    46     1     8
 -2.2591711738898365E-01 a       909     0    46     1     9
 -5.4866584876824186E-02 a       910     0    46     1    10
 -6.2167206933361599E-02 a       911     0    46     1    11
  3.7847275954511700E-03 a       912     0    46     1    12
  8.7539959780712134E-02 a       913     0    46     1    13
  5.1025992125579922E-03 a       914     0    46     1    14
 -1.5647206046400383E-01 a       915     0    46     1    15
  1.0568842214745269E-01 a       916     0    46     1    16
 -2.1420365961334761E-01 a       917     0    46     1    17
  3.4251199356266943E-02 a       918     0    46     1    18
  1.1402068577855701E-01 a       919     0    46     1    19
  7.1595297453454818E-02 a       920     0    46     1    20
 -1.4510537126475859E-01 a       921     0    47     1     1
  7.6316846938288552E-02 a       922     0    47     1     2
  2.8297927022818456E-02 a       923     0    47     1     3
  1.9461322302967887E-01 a       924     0    47     1     4
  1.2703419850117742E-01 a       925     0    47     1     5
  1.7456595248657841E-01 a       926     0    47     1     6
 -1.2969448036563646E-02 a       927     0    47     1     7
  1.3428183789885259E-01 a       928     0    47     1     8
  7.2561184985584684E-02 a       929     0    47     1     9
  1.5839801611237314E-01 a       930     0    47     1    10
 -5.4879678239487223E-02 a       931     0    47     1    11
  5.7120639408561671E-02 a       932     0    47     1    12
 -3.2580299008209579E-02 a       933     0    47     1    13
 -3.6467970658707327E-03 a       934     0    47     1    14
 -8.3916275591581699E-03 a       935     0    47     1    15
 -4.1690162618260612E-02 a       936     0    47     1    16
  2.8531059671228508E-02 a       937     0    47     1    17
 -3.9307869043082089E-02 a       938     0    47     1    18
  1.8058147986138234E-01 a       939     0    47     1    19
 -2.1245013005042276E-02 a       940     0    47     1    20
 -2.4444452149574867E-03 a       941     0    48     1     1
  1.1178524421326257E-01 a       942     0    48     1     2
  2.1474236184584196E-02 a       943     0    48     1     3
  7.7484348114149657E-02 a       944     0    48     1     4
  2.0408066981526843E-01 a       945     0    48     1     5
 -1.5149033348991786E-01 a       946     0    48     1     6
 -4.6092770575607692E-02 a       947     0    48     1     7
  2.9291909280465467E-01 a       948     0    48     1     8
  4.6644850400324622E-02 a       949     0    48     1     9
  4.4950293823540488E-02 a       950     0    48     1    10
  6.6601385888721623E-02 a       951     0    48     1    11
  2.3842753224589899E-01 a       952     0    48     1    12
 -2.3038702967058930E-01 a       953     0    48     1    13
  1.9635686216367609E-01 a       954     0    48     1    14
 -7.4603253585302981E-02 a       955     0    48     1    15
 -4.9041843853912019E-02 a       956     0    48     1    16
  4.2787684270556509E-01 a       957     0    48     1    17
 -5.9456134468205878E-02 a       958     0    48     1    18
 -4.9919050510743815E-02 a       959     0    48     1    19
  1.8767914543050074E-02 a       960     0    48     1    20
  5.3317274994717175E-02 a       961     0    49     1     1
  2.5183823181051029E-01 a       962     0    49     1     2
 -2.8639310605335749E-01 a       963     0    49     1     3
  8.6948135830073506E-02 a       964     0    49     1     4
  7.0182140596336956E-02 a       965     0    49     1     5
  1.4541358197920635E-02 a       966     0    49     1     6
 -3.0894686092847540E-01 a       967     0    49     1     7
  1.4336513531536962E-01 a       968     0    49     1     8
  3.6295004147540899E-01 a       969     0    49     1     9
 -4.1936172786830556E-01 a       970     0    49     1    10
  3.1322733817887144E-01 a       971     0    49     1    11
  6.2450395700330966E-02 a       972     0    49     1    12
  5.0074508536939101E-02 a       973     0    49     1    13
  2.5472743030626438E-01 a       974     0    49     1    14
  1.9246197068879584E-01 a       975     0    49     1    15
 -1.6931721493642704E-01 a       976     0    49     1    16
  2.0326388706273871E-01 a       977     0    49     1    17
 -5.1837411577709776E-02 a       978     0    49     1    18
  1.4495982725036829E-01 a       979     0    49     1    19
 -3.3860741252387960E-01 a       980     0    49     1    20
 -4.6255430963325649E-02 a       981     0    50     1     1
  1.3501730596791533E-02 a       982     0    50     1     2
  5.3777022509207212E-02 a       983     0    50     1     3
 -8.7791850163380161E-02 a       984     0    50     1     4
 -1.2430090763755527E-01 a       985     0    50     1     5
  1.7567892267978708E-01 a       986     0    50     1     6
 -7.1275788601647322E-02 a       987     0    50     1     7
 -5.0403153675467202E-02 a       988     0    50     1     8
  3.4733782442616431E-03 a       989     0    50     1     9
  1.8081773397158296E-01 a       990     0    50     1    10
  1.3892315851372380E-01 a       991     0    50     1    11
 -8.8238610762362446E-02 a       992     0    50     1    12
  4.7397651740187327E-02 a       993     0    50     1    13
 -6.2551704248198087E-03 a       994     0    50     1    14
 -2.4052559793028717E-02 a       995     0    50     1    15
  1.8545656331538127E-02 a       996     0    50     1    16
  1.0049631970639938E-01 a       997     0    50     1    17
 -5.6367569520854928E-02 a       998     0    50     1    18
  2.4462076231929204E-02 a       999     0    50     1    19
  4.9837490733956921E-02 a      1000     0    50     1    20
 -1.9928344574014661E-01 a      1001     0    51     1     1
 -4.4046178445350426E-01 a      1002     0    51     1     2
  2.3308232925501642E-02 a      1003     0    51     1     3
 -1.8439018551224295E-01 a      1004     0    51     1     4
 -8.8413176105558067E-01 a      1005     0    51     1     5
 -8.6660237025812173E-02 a      1006     0    51     1     6
 -1.6391699642954169E-01 a      1007     0    51     1     7
 -4.0596628790130346E-01 a      1008     0    51     1     8
 -3.9069521549556885E-01 a      1009     0    51     1     9
  1.1836143304167399E+00 a      1010     0    51     1    10
 -1.1966987368199604E-01 a      1011     0    51     1    11
  7.6225946764595143E-01 a      1012     0    51     1    12
 -3.1148617712601606E-01 a      1013     0    51     1    13
 -3.5993512717774229E-01 a      1014     0    51     1    14
  3.4537066849409553E-01 a      1015     0    51     1    15
 -7.8339935343159958E-02 a      1016     0    51     1    16
  2.3499783211968961E-01 a      1017     0    51     1    17
 -4.9683680936843422E-01 a      1018     0    51     1    18
 -4.1334549892593725E-01 a      1019     0    51     1    19
  3.4078790495383277E-01 a      1020     0    51     1    20
 -3.5546751393627818E-01 a      1021     0    52     1     1
  8.2470711454866619E-02 a      1022     0    52     1     2
 -8.4206770848572712E-02 a      1023     0    52     1     3
  4.2374203637127217E-01 a      1024     0    52     1     4
 -2.2006730208253192E-01 a      1025     0    52     1     5
  2.6023263293486765E-01 a      1026     0    52     1     6
  1.8162123880353639E-01 a      1027     0    52     1     7
  5.8261928198400724E-02 a      1028     0    52     1     8
 -2.1922538238099848E-01 a      1029     0    52     1     9
 -2.4481948149794155E-01 a      1030     0    52     1    10
  1.4564987235782262E-01 a      1031     0    52     1    11
 -4.3141923972324553E-02 a      1032     0    52     1    12
 -2.6358878248608376E-02 a      1033     0    52     1    13
  1.6676538530829679E-01 a      1034     0    52     1    14
 -3.7002243012125314E-04 a      1035     0    52     1    15
 -6.5790013574675135E-02 a      1036     0    52     1    16
  7.8877514033810436E-02 a      1037     0    52     1    17
  2.4742759484232199E-01 a      1038     0    52     1    18
  1.9168817278728550E-01 a      1039     0    52     1    19
 -8.5366050397804927E-02 a      1040     0    52     1    20
 -4.7911468275198606E-02 a      1041     0    53     1     1
  7.3024403461723050E-02 a      1042     0    53     1     2
 -4.0624442656640981E-02 a      1043     0    53     1     3
 -3.1272548763109170E-02 a      1044     0    53     1     4
  6.5038166216249096E-02 a      1045     0    53     1     5
 -5.7388941267659151E-02 a      1046     0    53     1     6
  5.6212179455888994E-02 a      1047     0    53     1     7
 -1.9477676688597678E-01 a      1048     0    53     1     8
 -5.3541377321831417E-02 a      1049     0    53     1     9
 -2.1849593866633963E-02 a      1050     0    53     1    10
 -9.1602022654990567E-02 a      1051     0    53     1    11
  1.7422423360781380E-02 a      1052     0    53     1    12
 -1.7206428098811871E-02 a      1053     0    53     1    13
 -1.6356059580741705E-01 a      1054     0    53     1    14
  3.2450395682506461E-02 a      1055     0    53     1    15
 -5.4102986954473681E-03 a      1056     0    53     1    16
  7.9297863014160096E-03 a      1057     0    53     1    17
  1.9293339865478449E-02 a      1058     0    53     1    18
 -6.5482199514490289E-02 a      1059     0    53     1    19
 -5.1472552012595686E-02 a      1060     0    53     1    20
 -2.4010339321706978E-01 a      1061     0    54     1     1
  1.8655005641034042E-01 a      1062     0    54     1     2
 -1.7812607478923556E-01 a      1063     0    54     1     3
  1.0672415100516949E-01 a      1064     0    54     1     4
 -3.4482497815984842E-01 a      1065     0    54     1     5
 -3.0891113936908254E-01 a      1066     0    54     1     6
 -1.1167339123726690E-01 a      1067     0    54     1     7
 -2.2135794276886805E-01 a      1068     0    54     1     8
  3.3327909274438176E-02 a      1069     0    54     1     9
  1.4302115548241760E-02 a      1070     0    54     1    10
  1.4451381327188578E-01 a      1071     0    54     1    11
 -1.5059313865073717E-01 a      1072     0    54     1    12
  1.5162956201872921E-01 a      1073     0    54     1    13
 -1.7106507601992788E-01 a      1074     0    54     1    14
  1.0860464379354037E-01 a      1075     0    54     1    15
  7.9112046614675011E-02 a      1076     0    54     1    16
 -1.1642453828528052E-01 a      1077     0    54     1    17
  1.6670824347256838E-01 a      1078     0    54     1    18
  1.0193712445509370E-01 a      1079     0    54     1    19
 -1.7329912868847105E-01 a      1080     0    54     1    20
  1.1213811967465919E+00 b      1081     1     1
 -1.0451041546692290E+00 b      1082     1     2
 -3.0921608835451903E-01 b      1083     1     3
  1.4582785595480066E+00 b      1084     1     4
  9.9054275505666434E-01 b      1085     1     5
  2.6106612682525315E-01 b      1086     1     6
  1.1045188353733404E+00 b      1087     1     7
 -7.2933651950398359E-01 b      1088     1     8
  1.1761639219112843E+00 b      1089     1     9
  1.0923195073609895E+00 b      1090     1    10
 -1.0567307438780418E+00 b      1091     1    11
 -9.1420925884961102E-01 b      1092     1    12
  5.4309478627962160E-01 b      1093     1    13
 -5.3531467401408102E-03 b      1094     1    14
  9.1340964228030852E-01 b      1095     1    15
  6.3905572413543710E-01 b      1096     1    16
 -3.6028899011334953E-01 b      1097     1    17
 -5.2974685367264485E-01 b      1098     1    18
 -1.1637795011216625E+00 b      1099     1    19
  1.5277339783789348E-01 b      1100     1    20
  4.3455341496323535E-01 a      1101     1     1     2     1
 -4.1106456304165900E-01 a      1102     1     1     2     2
 -6.3680417718534799E-01 a      1103     1     1     2     3
 -2.5821350139950555E-01 a      1104     1     1     2     4
  6.6943294980504775E-01 a      1105     1     1     2     5
  1.3404222950540071E-01 a      1106     1     1     2     6
  8.3180333950891605E-01 a      1107     1     1     2     7
  5.8869156860866978E-01 a      1108     1     1     2     8
  3.2313408150512851E-01 a      1109     1     1     2     9
 -3.2678052679375075E-01 a      1110     1     1     2    10
  2.6716037817221805E-01 a      1111     1     1     2    11
 -2.9060382012122998E-01 a      1112     1     1     2    12
  6.4828874782200130E-01 a      1113     1     1     2    13
  1.1455530589836295E-01 a      1114     1     1     2    14
  6.0902432028608955E-02 a      1115     1     1     2    15
  4.5034470386277053E-01 a      1116     1     1     2    16
 -6.8330384720946635E-01 a      1117     1     1     2    17
  1.0961139337483940E-01 a      1118     1     1     2    18
  1.7058349996316702E-01 a      1119     1     1     2    19
 -2.4730012878085800E-01 a      1120     1     1     2    20
 -5.9824233979941945E-02 a      1121     1     2     2     1
  1.4148807269968167E-02 a      1122     1     2     2     2
  6.3417122956734540E-01 a      1123     1     2     2     3
  4.8564282471972742E-01 a      1124     1     2     2     4
  7.1623361182531639E-02 a      1125     1     2     2     5
  1.6942134171718398E-01 a      1126     1     2     2     6
  3.8690367888238875E-01 a      1127     1     2     2     7
  2.9985471635731159E-01 a      1128     1     2     2     8
  6.5092847473823001E-01 a      1129     1     2     2     9
  3.7146985598107324E-01 a      1130     1     2     2    10
  5.1390373719020555E-01 a      1131     1     2     2    11
  2.6929372893466713E-01 a      1132     1     2     2    12
 -3.5864325235948724E-01 a      1133     1     2     2    13
 -4.0200766732029314E-01 a      1134     1     2     2    14
  5.1143136889706964E-01 a      1135     1     2     2    15
  2.2482746671269180E-01 a      1136     1     2     2    16
  4.0487718726990113E-01 a      1137     1     2     2    17
 -5.6144012051514003E-01 a      1138     1     2     2    18
  1.6561572575520814E-01 a      1139     1     2     2    19
  3.3173088849848947E-01 a      1140     1     2     2    20
 -2.8125422447752252E-01 a      1141     1     3     2     1
  7.7071766003921682E-01 a      1142     1     3     2     2
 -7.4812849186170066E-02 a      1143     1     3     2     3
  4.7504756211687837E-01 a      1144     1     3     2     4
 -6.3552147386960012E-01 a      1145     1     3     2     5
  3.3569252468642041E-01 a      1146     1     3     2     6
  6.1915381830463123E-01 a      1147     1     3     2     7
 -4.2567976213482142E-02 a      1148     1     3     2     8
 -4.1084462920447973E-01 a      1149     1     3     2     9
 -1.2070526189905353E-01 a      1150     1     3     2    10
 -4.9818561574783730E-03 a      1151     1     3     2    11
  2.0059639467822107E-01 a      1152     1     3     2    12
  2.8734054665924696E-01 a      1153     1     3     2    13
 -5.5509960628060140E-01 a      1154     1     3     2    14
 -6.3109891486438952E-01 a      1155     1     3     2    15
 -5.0560695051920479E-01 a      1156     1     3     2    16
  4.6032773475689798E-01 a      1157     1     3     2    17
  3.6515496033736383E-01 a      1158     1     3     2    18
 -2.0449592327248575E-02 a      1159     1     3     2    19
  4.3065148952719351E-01 a      1160     1     3     2    20
 -7.7018288208684338E-01 a      1161     1     4     2     1
  2.7289393944552837E-01 a      1162     1     4     2     2
 -3.1185265349952135E-01 a      1163     1     4     2     3
  4.7366007351426481E-01 a      1164     1     4     2     4
 -5.1466788925310636E-01 a      1165     1     4     2     5
  4.2499784675126068E-01 a      1166     1     4     2     6
  9.1603501670497953E-02 a      1167     1     4     2     7
  3.2949390445962479E-01 a      1168     1     4     2     8
  5.2297422477112543E-01 a      1169     1     4     2     9
 -4.1109391608624268E-01 a      1170     1     4     2    10
  2.6048802855469497E-02 a      1171     1     4     2    11
 -3.5978222795112730E-01 a      1172     1     4     2    12
  1.3338028491994286E-02 a      1173     1     4     2    13
 -1.1621999068803893E-01 a      1174     1     4     2    14
  6.8888323369020316E-02 a      1175     1     4     2    15
 -1.5676115353385776E-02 a      1176     1     4     2    16
 -2.8493069126127812E-01 a      1177     1     4     2    17
  2.0995317102915087E-01 a      1178     1     4     2    18
  4.9519059832431112E-01 a      1179     1     4     2    19
 -6.9163896860463803E-01 a      1180     1     4     2    20
 -6.5256070754860751E-01 a      1181     1     5     2     1
 -3.5439483927319282E-01 a      1182     1     5     2     2
 -4.8836671890021882E-01 a      1183     1     5     2     3
 -3.0183658457916207E-01 a      1184     1     5     2     4
 -6.4312419431162537E-01 a      1185     1     5     2     5
 -5.1417020808598324E-01 a      1186     1     5     2     6
 -1.1212657020587950E-01 a      1187     1     5     2     7
 -2.4430612870300167E-01 a      1188     1     5     2     8
  4.2154528171362521E-01 a      1189     1     5     2     9
 -1.1551794271741489E-01 a      1190     1     5     2    10
 -3.8435044461448559E-01 a      1191     1     5     2    11
 -1.6334231072456570E-02 a      1192     1     5     2    12
  4.5372662317105933E-01 a      1193     1     5     2    13
 -1.2948288672896988E-01 a      1194     1     5     2    14
  3.3952228235991416E-01 a      1195     1     5     2    15
 -1.1221903765445468E-01 a      1196     1     5     2    16
  5.7955774240327695E-01 a      1197     1     5     2    17
 -1.1406236221485896E-01 a      1198     1     5     2    18
 -2.6507807751249957E-01 a      1199     1     5     2    19
  5.3967478176551509E-01 a      1200     1     5     2    20
  3.6392225058616340E-01 a      1201     1     6     2     1
  1.5996707072977878E-01 a      1202     1     6     2     2
 -5.7141526753096950E-01 a      1203     1     6     2     3
 -1.1374508525072356E-01 a      1204     1     6     2     4
  2.7954676908247672E-01 a      1205     1     6     2     5
 -1.7136356808674806E-02 a      1206     1     6     2     6
 -8.3652925072314838E-02 a      1207     1     6     2     7
  6.6223827032327931E-02 a      1208     1     6     2     8
  9.2021544518216675E-02 a      1209     1     6     2     9
  1.4654605812038438E-01 a      1210     1     6     2    10
  2.4236136786654905E-01 a      1211     1     6     2    11
 -3.7003465063723132E-03 a      1212     1     6     2    12
  1.9800883474853587E-01 a      1213     1     6     2    13
  3.5745816298595023E-01 a      1214     1     6     2    14
 -6.8804590744931948E-02 a      1215     1     6     2    15
 -6.8863885873627717E-01 a      1216     1     6     2    16
 -7.5580281256924253E-01 a      1217     1     6     2    17
  1.6123956532455150E-01 a      1218     1     6     2    18
 -1.9266022415265605E-01 a      1219     1     6     2    19
 -7.5844182280285180E-02 a      1220     1     6     2    20
  1.3219087299745713E-01 a      1221     1     7     2     1
  4.6021058746153459E-01 a      1222     1     7     2     2
 -1.6098932162855248E-01 a      1223     1     7     2     3
 -2.5167164245333808E-02 a      1224     1     7     2     4
  2.8848296515967597E-01 a      1225     1     7     2     5
  2.9423687845263569E-01 a      1226     1     7     2     6
  5.3592721687108424E-01 a      1227     1     7     2     7
  2.0955901979335609E-01 a      1228     1     7     2     8
 -9.0793259472467802E-02 a      1229     1     7     2     9
 -3.5893500322163091E-01 a      1230     1     7     2    10
  1.0590424108046823E-01 a      1231     1     7     2    11
  4.7216479248716575E-01 a      1232     1     7     2    12
 -7.8508865510330816E-02 a      1233     1     7     2    13
  2.6512951838632370E-01 a      1234     1     7     2    14
 -1.3250309527476631E-01 a      1235     1     7     2    15
 -4.9158963873108102E-01 a      1236     1     7     2    16
  1.8984438436454493E-01 a      1237     1     7     2    17
 -5.3346575273460750E-01 a      1238     1     7     2    18
 -1.0241036394343739E-01 a      1239     1     7     2    19
 -1.4209324741491100E-01 a      1240     1     7     2    20
  9.7600975638753884E-01 a      1241     1     8     2     1
 -6.8390696866415934E-01 a      1242     1     8     2     2
  4.6335073162123619E-01 a      1243     1     8     2     3
 -3.5208218591904700E-01 a      1244     1     8     2     4
 -4.5032996425846311E-01 a      1245     1     8     2     5
  7.3290393314924862E-01 a      1246     1     8     2     6
 -7.0845157388874269E-01 a      1247     1     8     2     7
  4.7989876290727324E-01 a      1248     1     8     2     8
  1.8504929148831228E-02 a      1249     1     8     2     9
  1.3365625553429084E-01 a      1250     1     8     2    10
  1.1952170223816858E-01 a      1251     1     8     2    11
 -1.0472650767210505E+00 a      1252     1     8     2    12
  2.6448538300132191E-01 a      1253     1     8     2    13
  2.6782435183128828E-01 a      1254     1     8     2    14
 -1.8655493804112530E-01 a      1255     1     8     2    15
 -7.3964864942440189E-01 a      1256     1     8     2    16
  2.8016786482573980E-01 a      1257     1     8     2    17
 -2.4417198119769135E-01 a      1258     1     8     2    18
  2.8194429913396385E-01 a      1259     1     8     2    19
  5.6002034796272393E-01 a      1260     1     8     2    20
 -1.1091826647157607E-01 a      1261     1     9     2     1
  2.2791545804764055E-01 a      1262     1     9     2     2
  5.7888325789537143E-01 a      1263     1     9     2     3
  7.6797009366591606E-01 a      1264     1     9     2     4
  1.5791537889842050E-01 a      1265     1     9     2     5
 -1.8686704298164969E-01 a      1266     1     9     2     6
  6.0847162744960548E-01 a      1267     1     9     2     7
 -5.9725127270412814E-01 a      1268     1     9     2     8
  1.1407829348575520E-01 a      1269     1     9     2     9
  1.2560062668492661E-01 a      1270     1     9     2    10
 -3.7357127715544625E-01 a      1271     1     9     2    11
  4.2902749276707663E-01 a      1272     1     9     2    12
 -5.5710954969978554E-01 a      1273     1     9     2    13
  3.8459379550888151E-01 a      1274     1     9     2    14
 -1.2557094487734230E-01 a      1275     1     9     2    15
  4.6437418361608218E-01 a      1276     1     9     2    16
  1.5250972795885619E-03 a      1277     1     9     2    17
  2.5506001737448025E-01 a      1278     1     9     2    18
 -3.8424672315651415E-01 a      1279     1     9     2    19
  1.1598768122712617E-02 a      1280     1     9     2    20
  2.5002530795430211E-01 a      1281     1    10     2     1
 -7.6465223545365779E-01 a      1282     1    10     2     2
  2.8651841734017573E-02 a      1283     1    10     2     3
  3.4768052510976083E-01 a      1284     1    10     2     4
  5.1397375011807089E-01 a      1285     1    10     2     5
  7.3071498813574187E-01 a      1286     1    10     2     6
 -2.9820703291300404E-02 a      1287     1    10     2     7
  5.4190622208460371E-01 a      1288     1    10     2     8
  1.2385570192190226E-02 a      1289     1    10     2     9
 -7.3319558249424366E-01 a      1290     1    10     2    10
 -2.3925000782833350E-01 a      1291     1    10     2    11
 -4.9535897518650290E-01 a      1292     1    10     2    12
  3.0249399373850772E-01 a      1293     1    10     2    13
 -8.1783878858216097E-01 a      1294     1    10     2    14
  4.3140041785763422E-01 a      1295     1    10     2    15
 -4.2393312365614866E-01 a      1296     1    10     2    16
 -2.3223441268251147E-01 a      1297     1    10     2    17
  4.6964636219578421E-01 a      1298     1    10     2    18
  3.5614644043040200E-01 a      1299     1    10     2    19
  5.3662604425928323E-02 a      1300     1    10     2    20
 -1.1306454521437762E-02 a      1301     1    11     2     1
  5.3435043515345571E-01 a      1302     1    11     2     2
 -1.2572841350328795E-01 a      1303     1    11     2     3
  4.5363015440226123E-01 a      1304     1    11     2     4
 -1.7338769931797303E-02 a      1305     1    11     2     5
 -2.2965797672683672E-01 a      1306     1    11     2     6
  5.4474556094646465E-01 a      1307     1    11     2     7
  6.4539153307396535E-01 a      1308     1    11     2     8
  4.2895155705323963E-02 a      1309     1    11     2     9
 -3.7769224159770798E-01 a      1310     1    11     2    10
  2.3147502839097567E-01 a      1311     1    11     2    11
  6.3468329457041311E-02 a      1312     1    11     2    12
 -7.8963399946234691E-01 a      1313     1    11     2    13
 -3.0691396626281825E-01 a      1314     1    11     2    14
  6.1586377765023230E-02 a      1315     1    11     2    15
  2.1999928916282829E-01 a      1316     1    11     2    16
 -1.6031696680547348E-03 a      1317     1    11     2    17
  1.7854832842790216E-01 a      1318     1    11     2    18
  1.0773396844562833E+00 a      1319     1    11     2    19
 -1.6422319926359094E-01 a      1320     1    11     2    20
  3.2957508340250552E-01 a      1321     1    12     2     1
  6.4739683451370766E-01 a      1322     1    12     2     2
  8.0980739613894903E-02 a      1323     1    12     2     3
  1.4376836250630159E-01 a      1324     1    12     2     4
  1.2670464531542153E-01 a      1325     1    12     2     5
 -4.6352802085708017E-01 a      1326     1    12     2     6
  1.1639417455892316E+00 a      1327     1    12     2     7
  3.6708519531608302E-01 a      1328     1    12     2     8
  5.8076547329800832E-01 a      1329     1    12     2     9
  8.0562438161034394E-02 a      1330     1    12     2    10
 -5.5958216691057694E-01 a      1331     1    12     2    11
  3.6049340560952781E-01 a      1332     1    12     2    12
 -4.2887276553674986E-01 a      1333     1    12     2    13
 -1.4534699812670129E-01 a      1334     1    12     2    14
 -4.0898054200748785E-01 a      1335     1    12     2    15
  5.4317270320095412E-01 a      1336     1    12     2    16
 -1.0760197923383280E-01 a      1337     1    12     2    17
  6.0547113928278995E-01 a      1338     1    12     2    18
  6.2662095093703352E-02 a      1339     1    12     2    19
 -2.9282573390749239E-01 a      1340     1    12     2    20
 -5.6029660385491598E-01 a      1341     1    13     2     1
  6.2395429985480821E-01 a      1342     1    13     2     2
  3.2604517082029355E-02 a      1343     1    13     2     3
 -5.8330647049767093E-01 a      1344     1    13     2     4
  4.8302455449559450E-01 a      1345     1    13     2     5
 -4.7207373859261320E-01 a      1346     1    13     2     6
  5.5895446287265360E-01 a      1347     1    13     2     7
 -3.7341413858387745E-01 a      1348     1    13     2     8
  8.3743886659026490E-02 a      1349     1    13     2     9
 -5.4468846837104279E-01 a      1350     1    13     2    10
  7.7763684566373370E-01 a      1351     1    13     2    11
 -2.7312138761788179E-01 a      1352     1    13     2    12
 -2.9890221303781256E-01 a      1353     1    13     2    13
 -1.8434963973486962E-01 a      1354     1    13     2    14
  2.4644696612913844E-01 a      1355     1    13     2    15
  5.3960557509811946E-01 a      1356     1    13     2    16
  3.7123895448416003E-02 a      1357     1    13     2    17
 -1.6504076201034210E-01 a      1358     1    13     2    18
  5.6456532255529802E-02 a      1359     1    13     2    19
  5.5566090476104069E-01 a      1360     1    13     2    20
 -1.3191059940976688E-01 a      1361     1    14     2     1
  1.5655962557612663E-01 a      1362     1    14     2     2
  1.4523614973095009E-01 a      1363     1    14     2     3
 -4.5777228042761670E-01 a      1364     1    14     2     4
 -2.3402973104918234E-01 a      1365     1    14     2     5
 -2.2018093068104599E-01 a      1366     1    14     2     6
 -4.9449680133983204E-01 a      1367     1    14     2     7
 -1.0296398477099744E-01 a      1368     1    14     2     8
 -6.5981098000363281E-01 a      1369     1    14     2     9
 -2.7896237760445497E-01 a      1370     1    14     2    10
  6.0208413442359698E-01 a      1371     1    14     2    11
 -7.0178244516957655E-01 a      1372     1    14     2    12
  3.5964668346955186E-01 a      1373     1    14     2    13
 -3.2767673530278318E-01 a      1374     1    14     2    14
  6.3118966586574260E-02 a      1375     1    14     2    15
 -1.0763440128992854E+00 a      1376     1    14     2    16
 -2.3823181801769228E-01 a      1377     1    14     2    17
  3.5643584671748746E-01 a      1378     1    14     2    18
  9.1211051331305613E-03 a      1379     1    14     2    19
  5.0019846393401368E-01 a      1380     1    14     2    20
 -5.8124984113051703E-01 a      1381     1    15     2     1
  1.0528909046009189E+00 a      1382     1    15     2     2
  3.1712162698049035E-01 a      1383     1    15     2     3
 -8.8615271683205554E-01 a      1384     1    15     2     4
  6.9875859897027784E-02 a      1385     1    15     2     5
  5.6434851163149480E-01 a      1386     1    15     2     6
  8.1072199454731497E-01 a      1387     1    15     2     7
 -1.3855486403894837E-01 a      1388     1    15     2     8
 -4.9531523138736000E-01 a      1389     1    15     2     9
 -3.6363263526959116E-01 a      1390     1    15     2    10
 -4.8301454054422965E-01 a      1391     1    15     2    11
  3.6489622495646590E-01 a      1392     1    15     2    12
  1.1943976153576260E-03 a      1393     1    15     2    13
 -2.7514476243274238E-01 a      1394     1    15     2    14
  4.8122003486336989E-01 a      1395     1    15     2    15
  4.2384419191171158E-01 a      1396     1    15     2    16
  1.3940409134749096E-01 a      1397     1    15     2    17
  6.6085962937594556E-02 a      1398     1    15     2    18
  3.1578239475953346E-01 a      1399     1    15     2    19
  3.0811967435209453E-01 a      1400     1    15     2    20
  4.0101394053665174E-01 a      1401     1    16     2     1
 -6.4707093852621145E-01 a      1402     1    16     2     2
  1.7904138418984636E-01 a      1403     1    16     2     3
  8.2694879030476509E-02 a      1404     1    16     2     4
 -6.8121648461495724E-02 a      1405     1    16     2     5
 -4.9145040325433054E-01 a      1406     1    16     2     6
 -2.8895686262532727E-01 a      1407     1    16     2     7
  6.9638549312383580E-01 a      1408     1    16     2     8
  1.9544803761376256E-01 a      1409     1    16     2     9
 -4.6251005370665604E-01 a      1410     1    16     2    10
  2.9555555357216923E-01 a      1411     1    16     2    11
  7.7222359840531177E-02 a      1412     1    16     2    12
  5.8593781785761734E-01 a      1413     1    16     2    13
 -6.5426023314618920E-01 a      1414     1    16     2    14
  8.2262789486204385E-02 a      1415     1    16     2    15
 -5.6800349901296121E-01 a      1416     1    16     2    16
 -2.8963322055657864E-01 a      1417     1    16     2    17
  3.4168579223371937E-01 a      1418     1    16     2    18
  3.7502950611034286E-02 a      1419     1    16     2    19
 -4.2411743825160081E-02 a      1420     1    16     2    20
  1.8441014814784007E-01 a      1421     1    17     2     1
  4.0366097573459531E-01 a      1422     1    17     2     2
  6.1534947998290612E-01 a      1423     1    17     2     3
  2.3795418090997825E-01 a      1424     1    17     2     4
 -4.8329512512940082E-01 a      1425     1    17     2     5
  3.8250612827278713E-01 a      1426     1    17     2     6
  2.9579014772681539E-01 a      1427     1    17     2     7
 -2.9156992932188153E-01 a      1428     1    17     2     8
 -1.7194330932870602E-01 a      1429     1    17     2     9
  2.7156151304331566E-01 a      1430     1    17     2    10
  7.3680894628476795E-02 a      1431     1    17     2    11
  3.0001626881348753E-01 a      1432     1    17     2    12
  4.1051080032609655E-02 a      1433     1    17     2    13
 -1.5861256690218886E-01 a      1434     1    17     2    14
 -1.1315876034511932E-01 a      1435     1    17     2    15
  1.3951739478368000E-01 a      1436     1    17     2    16
 -3.8896583855354300E-01 a      1437     1    17     2    17
  3.0321334106855996E-01 a      1438     1    17     2    18
 -4.9369203372080922E-01 a      1439     1    17     2    19
 -2.6664813088532302E-01 a      1440     1    17     2    20
 -2.1536108905510129E-01 a      1441     1    18     2     1
 -4.4380111347466328E-01 a      1442     1    18     2     2
  1.7922164389999745E-01 a      1443     1    18     2     3
  3.5555994015516001E-01 a      1444     1    18     2     4
 -1.2656703081943779E-01 a      1445     1    18     2     5
  9.1232490407725020E-02 a      1446     1    18     2     6
 -5.1276104114399657E-01 a      1447     1    18     2     7
 -8.3023802450238304E-01 a      1448     1    18     2     8
 -2.7394683657146427E-02 a      1449     1    18     2     9
  6.4402428426542924E-01 a      1450     1    18     2    10
  5.8324718799442932E-01 a      1451     1    18     2    11
  3.8248250675764922E-01 a      1452     1    18     2    12
  4.4146900521107801E-01 a      1453     1    18     2    13
 -1.0057816566990577E-01 a      1454     1    18     2    14
  8.2705251497596932E-01 a      1455     1    18     2    15
  3.5915000496511057E-01 a      1456     1    18     2    16
  2.3881308116450439E-01 a      1457     1    18     2    17
  6.9292307319496538E-01 a      1458     1    18     2    18
 -1.3383530002788646E-01 a      1459     1    18     2    19
  5.1222366734761238E-01 a      1460     1    18     2    20
 -1.7473850150096240E-01 a      1461     1    19     2     1
 -5.1701242412143533E-01 a      1462     1    19     2     2
 -4.3791417126900223E-01 a      1463     1    19     2     3
  2.5114930285350912E-01 a      1464     1    19     2     4
  2.6513906460179426E-01 a      1465     1    19     2     5
 -1.4591813518202601E-01 a      1466     1    19     2     6
 -1.0362856127786102E+00 a      1467     1    19     2     7
 -5.1501402859642231E-01 a      1468     1    19     2     8
 -9.3610991589916948E-01 a      1469     1    19     2     9
  2.5018647129590849E-01 a      1470     1    19     2    10
  4.3003235794236372E-01 a      1471     1    19     2    11
 -3.9778608614804395E-01 a      1472     1    19     2    12
  2.4511483277912374E-01 a      1473     1    19     2    13
  4.7740502247786137E-01 a      1474     1    19     2    14
 -5.6817289279203176E-01 a      1475     1    19     2    15
 -8.6420933229320346E-02 a      1476     1    19     2    16
 -5.3004449607679793E-01 a      1477     1    19     2    17
 -3.7759065278066989E-01 a      1478     1    19     2    18
 -9.0608560915429215E-01 a      1479     1    19     2    19
 -2.6883699440934894E-01 a      1480     1    19     2    20
  6.4208409380704368E-01 a      1481     1    20     2     1
  2.4049608438437312E-01 a      1482     1    20     2     2
  2.5406020910284605E-01 a      1483     1    20     2     3
 -1.6795292318887069E-02 a      1484     1    20     2     4
 -5.9911033764538901E-01 a      1485     1    20     2     5
 -2.2506096928133099E-01 a      1486     1    20     2     6
 -2.0015638645533178E-02 a      1487     1    20     2     7
 -4.5864276226178124E-01 a      1488     1    20     2     8
  6.3384868208891457E-02 a      1489     1    20     2     9
  3.1435824504889609E-01 a      1490     1    20     2    10
 -5.6813751506162073E-02 a      1491     1    20     2    11
 -4.0406074343837872E-01 a      1492     1    20     2    12
 -3.9820354375630812E-01 a      1493     1    20     2    13
  1.3373873109638035E-01 a      1494     1    20     2    14
  6.3546419987149849E-01 a      1495     1    20     2    15
  8.4514501989201563E-01 a      1496     1    20     2    16
 -8.3121988646360878E-01 a      1497     1    20     2    17
  2.3758221108947675E-01 a      1498     1    20     2    18
  9.1781217905295975E-02 a      1499     1    20     2    19
  4.9535175219286492E-01 a      1500     1    20     2    20
  2.0016922616801644E-01 b      1501     2     1
  2.0308581853384142E-01 b      1502     2     2
 -1.4167333437850123E+00 b      1503     2     3
  6.0265656139431145E-01 b      1504     2     4
  6.2274689816750062E-01 b      1505     2     5
 -9.4403572410218806E-01 b      1506     2     6
 -7.5669649252501070E-01 b      1507     2     7
 -1.1525739781762785E+00 b      1508     2     8
  2.2773730459696848E-01 b      1509     2     9
 -6.9817015932049989E-02 b      1510     2    10
  1.1522969571838959E+00 b      1511     2    11
 -8.3544584714776393E-01 b      1512     2    12
  1.1469774266684832E-01 b      1513     2    13
  3.7685282581670304E-01 b      1514     2    14
 -1.0822088201966666E+00 b      1515     2    15
  5.6494935791475354E-01 b      1516     2    16
 -6.8866121241254374E-01 b      1517     2    17
  8.5190559125803561E-02 b      1518     2    18
 -1.2107966277442381E-01 b      1519     2    19
 -1.3163444173817047E+00 b      1520     2    20
  4.8809847877582724E-01 a      1521     2     1     3     1
  5.1141128659892388E-01 a      1522     2     2     3     1
 -2.0268573927384473E-01 a      1523     2     3     3     1
  1.7636262275771500E-01 a      1524     2     4     3     1
  5.7991584488849876E-02 a      1525     2     5     3     1
 -1.2013576645702471E-01 a      1526     2     6     3     1
 -1.1623023336308955E+00 a      1527     2     7     3     1
  1.0345566527021863E+00 a      1528     2     8     3     1
 -5.6030351273703516E-01 a      1529     2     9     3     1
 -2.2780161586150660E-01 a      1530     2    10     3     1
 -3.2622883638595512E-01 a      1531     2    11     3     1
 -2.9324706368778702E-01 a      1532     2    12     3     1
 -8.0775446503192883E-01 a      1533     2    13     3     1
  5.0962120295017010E-01 a      1534     2    14     3     1
  8.8249681184200390E-01 a      1535     2    15     3     1
  2.2575977140354991E-01 a      1536     2    16     3     1
  4.4098497904259998E-01 a      1537     2    17     3     1
  3.4723672845876069E-01 a      1538     2    18     3     1
 -5.8376869314032220E-01 a      1539     2    19     3     1
  7.2343888246062316E-01 a      1540     2    20     3     1
 -1.0504534492305539E-01 b      1541     3     1
