################################################################################
# Neural network connection values (weights and biases).
################################################################################
# Col  Name       Description
################################################################################
# 1    connection Neural network connection value.
# 2    t          Connection type (a = weight, b = bias).
# 3    index      Index enumerating weights.
# 4    l_s        Starting point layer (end point layer for biases).
# 5    n_s        Starting point neuron in starting layer (end point neuron for biases).
# 6    l_e        End point layer.
# 7    n_e        End point neuron in end layer.
################################################################################
#                      1 2         3     4     5     6     7
#             connection t     index   l_s   n_s   l_e   n_e
############################################################
  1.3283009170615168E-01 a         1     0     1     1     1
 -1.7731323667154056E-01 a         2     0     1     1     2
 -6.3474772273698313E-02 a         3     0     1     1     3
  4.5724496355470608E-02 a         4     0     1     1     4
 -3.3525368433067547E-02 a         5     0     1     1     5
  1.2615396537427151E-01 a         6     0     1     1     6
  5.8392147475005943E-02 a         7     0     1     1     7
 -6.3878083630616745E-03 a         8     0     1     1     8
  1.4111685608132824E-02 a         9     0     1     1     9
  2.2436623179630141E-01 a        10     0     1     1    10
 -4.3236418349250481E-02 a        11     0     1     1    11
 -1.3403795380250186E-01 a        12     0     1     1    12
 -1.0704866446608645E-02 a        13     0     1     1    13
  1.0557176535040179E-01 a        14     0     1     1    14
  1.8711398833607864E-02 a        15     0     1     1    15
 -2.4614769905080870E-02 a        16     0     1     1    16
 -9.3389389036263690E-02 a        17     0     1     1    17
  2.6757650764771823E-01 a        18     0     1     1    18
 -2.4305955124863370E-02 a        19     0     1     1    19
 -1.2154805070170881E-01 a        20     0     1     1    20
  5.5195631533419265E-01 a        21     0     2     1     1
  3.5258433935025385E-01 a        22     0     2     1     2
 -6.9020256183727624E-01 a        23     0     2     1     3
 -9.8616873321299189E-02 a        24     0     2     1     4
  9.9659880523190622E-02 a        25     0     2     1     5
  4.3105725586250249E-01 a        26     0     2     1     6
  3.7130751774162307E-02 a        27     0     2     1     7
 -3.5544853742946969E-01 a        28     0     2     1     8
 -3.3146183975882337E-01 a        29     0     2     1     9
  3.4910415455333868E-02 a        30     0     2     1    10
  8.4351494267341609E-01 a        31     0     2     1    11
 -5.0943919065623222E-01 a        32     0     2     1    12
 -1.6437236593077706E-02 a        33     0     2     1    13
 -4.0528065809761171E-01 a        34     0     2     1    14
 -2.4568928464052070E-01 a        35     0     2     1    15
  6.7077504344923544E-02 a        36     0     2     1    16
 -6.8733053990040027E-01 a        37     0     2     1    17
 -1.8316173674310865E-01 a        38     0     2     1    18
 -2.7672383425837827E-01 a        39     0     2     1    19
 -6.2383664635482894E-01 a        40     0     2     1    20
 -3.4393988315054004E-02 a        41     0     3     1     1
 -6.5023921996582398E-02 a        42     0     3     1     2
  9.9372452218424341E-03 a        43     0     3     1     3
  8.5619227236934208E-03 a        44     0     3     1     4
 -3.8345640352664363E-02 a        45     0     3     1     5
 -2.2281941335507420E-02 a        46     0     3     1     6
 -1.7492405181636927E-02 a        47     0     3     1     7
  4.1388393732365726E-02 a        48     0     3     1     8
  4.3945120863863076E-02 a        49     0     3     1     9
  2.7286506155281109E-02 a        50     0     3     1    10
 -1.2134842072136174E-02 a        51     0     3     1    11
  2.9119068647560479E-02 a        52     0     3     1    12
 -2.8415073562366295E-02 a        53     0     3     1    13
 -1.9125690338314921E-01 a        54     0     3     1    14
  8.5768915482169999E-02 a        55     0     3     1    15
  5.3122368431127207E-02 a        56     0     3     1    16
 -2.7311659735923655E-01 a        57     0     3     1    17
 -1.1587312652159190E-01 a        58     0     3     1    18
 -1.4196401094285380E-01 a        59     0     3     1    19
  1.7812029514346774E-02 a        60     0     3     1    20
 -8.9848856202780061E-02 a        61     0     4     1     1
  2.5384862959753196E-01 a        62     0     4     1     2
 -2.2313835410830087E-03 a        63     0     4     1     3
 -9.6843101329049622E-02 a        64     0     4     1     4
 -4.3306681054175816E-02 a        65     0     4     1     5
 -1.7245793871614337E-01 a        66     0     4     1     6
 -1.6692654412336305E-01 a        67     0     4     1     7
  1.3581225971575829E-02 a        68     0     4     1     8
  2.9328641835927736E-02 a        69     0     4     1     9
 -2.2516594601361123E-01 a        70     0     4     1    10
 -2.6306333462095169E-02 a        71     0     4     1    11
  7.0655339649726423E-02 a        72     0     4     1    12
  2.6521953338804527E-02 a        73     0     4     1    13
 -1.3760099650019714E-01 a        74     0     4     1    14
 -2.0180706671440854E-01 a        75     0     4     1    15
 -1.3357193972473841E-01 a        76     0     4     1    16
 -1.4060140538217400E-01 a        77     0     4     1    17
 -6.5824859337771616E-02 a        78     0     4     1    18
  1.3631302308506013E-01 a        79     0     4     1    19
  1.9533634003569081E-01 a        80     0     4     1    20
 -1.4719452400240762E+00 a        81     0     5     1     1
  9.8802188347361292E-02 a        82     0     5     1     2
  6.7117989179655557E-01 a        83     0     5     1     3
  5.0237379865181320E-01 a        84     0     5     1     4
  3.1371842748071105E-01 a        85     0     5     1     5
  2.6495481102090718E-01 a        86     0     5     1     6
  8.1828591497157888E-01 a        87     0     5     1     7
 -4.0461382547340635E-02 a        88     0     5     1     8
  8.2749320120079461E-01 a        89     0     5     1     9
 -2.2885566157068518E-01 a        90     0     5     1    10
 -1.1220004670855905E+00 a        91     0     5     1    11
  2.3163454529893612E-01 a        92     0     5     1    12
 -3.9961825233631998E-01 a        93     0     5     1    13
 -1.3815667605753237E-01 a        94     0     5     1    14
 -5.7248777655326144E-01 a        95     0     5     1    15
  6.3527918084190849E-01 a        96     0     5     1    16
 -2.3066099100380674E-01 a        97     0     5     1    17
 -1.9020305390902681E-01 a        98     0     5     1    18
  8.0613177046413076E-01 a        99     0     5     1    19
 -5.7997692927668798E-01 a       100     0     5     1    20
 -2.7573836804999075E-02 a       101     0     6     1     1
 -4.0499095609369123E-02 a       102     0     6     1     2
 -3.9230791757192546E-02 a       103     0     6     1     3
 -1.2600911717768210E-01 a       104     0     6     1     4
  8.0947828207170516E-02 a       105     0     6     1     5
  9.1110879746450088E-02 a       106     0     6     1     6
 -2.3156856904376202E-01 a       107     0     6     1     7
  7.6046272229357462E-02 a       108     0     6     1     8
  7.1072117693894862E-02 a       109     0     6     1     9
 -8.8217704775468392E-02 a       110     0     6     1    10
 -5.7529672982808110E-02 a       111     0     6     1    11
  2.1826121485290470E-01 a       112     0     6     1    12
  1.5706759468769516E-01 a       113     0     6     1    13
  1.9421833699512986E-01 a       114     0     6     1    14
 -2.0974663573500604E-01 a       115     0     6     1    15
  8.3197107797055067E-02 a       116     0     6     1    16
 -5.2636989330480596E-03 a       117     0     6     1    17
  1.9887328801595910E-02 a       118     0     6     1    18
 -2.0161180484917834E-01 a       119     0     6     1    19
  3.3977364768220310E-02 a       120     0     6     1    20
 -1.3158906040217852E-01 a       121     0     7     1     1
 -1.9925237346218685E-01 a       122     0     7     1     2
  2.1634446647850376E-02 a       123     0     7     1     3
  5.1562364112680585E-03 a       124     0     7     1     4
  7.5677157595485683E-02 a       125     0     7     1     5
  6.7094978405841416E-02 a       126     0     7     1     6
 -1.9204103969487740E-01 a       127     0     7     1     7
  8.4955040912478033E-02 a       128     0     7     1     8
  6.7205299591506937E-02 a       129     0     7     1     9
  1.4102983231600028E-01 a       130     0     7     1    10
  9.2328783333077077E-03 a       131     0     7     1    11
 -1.0241185721649855E-01 a       132     0     7     1    12
  2.9494987925537086E-01 a       133     0     7     1    13
 -3.8182035674500708E-01 a       134     0     7     1    14
 -1.4406078855331383E-01 a       135     0     7     1    15
  1.0350992732505252E-02 a       136     0     7     1    16
 -6.0651040541246731E-02 a       137     0     7     1    17
  2.7664040315895383E-01 a       138     0     7     1    18
 -5.6832336497034550E-02 a       139     0     7     1    19
 -1.8495757938297702E-01 a       140     0     7     1    20
  8.7960099571793726E-01 a       141     0     8     1     1
  5.0975877824427884E-01 a       142     0     8     1     2
 -1.1755172933663671E+00 a       143     0     8     1     3
  2.5351300670827520E-01 a       144     0     8     1     4
  4.2262038737136692E-01 a       145     0     8     1     5
  2.5536395563144754E-01 a       146     0     8     1     6
 -3.8802337155532396E-01 a       147     0     8     1     7
 -5.2886292959251902E-01 a       148     0     8     1     8
 -2.8949516931884378E-01 a       149     0     8     1     9
 -1.1279452975139992E-01 a       150     0     8     1    10
  4.0991217202088814E-01 a       151     0     8     1    11
 -6.7096207828048471E-01 a       152     0     8     1    12
  3.3239196514403058E-01 a       153     0     8     1    13
 -2.6381218594117373E-01 a       154     0     8     1    14
 -3.4184257902627974E-01 a       155     0     8     1    15
 -4.8785261480302988E-02 a       156     0     8     1    16
 -5.1156519112488441E-01 a       157     0     8     1    17
 -2.8194368093056321E-01 a       158     0     8     1    18
 -9.9905635895030687E-01 a       159     0     8     1    19
 -5.5478104403910128E-02 a       160     0     8     1    20
  1.7035790883335070E-01 a       161     0     9     1     1
 -7.3194298878901040E-03 a       162     0     9     1     2
  1.8145207199815133E-01 a       163     0     9     1     3
  8.4380181595644699E-02 a       164     0     9     1     4
 -6.0033018170848426E-02 a       165     0     9     1     5
  2.9835429960412704E-02 a       166     0     9     1     6
  2.5911053394430650E-01 a       167     0     9     1     7
  9.7568941829978481E-02 a       168     0     9     1     8
 -7.3626655547990291E-02 a       169     0     9     1     9
  1.7024384445239391E-02 a       170     0     9     1    10
  1.4086813456954900E-01 a       171     0     9     1    11
 -2.4808365421849773E-01 a       172     0     9     1    12
  1.0736498991233652E-01 a       173     0     9     1    13
 -4.4155582759065781E-01 a       174     0     9     1    14
 -2.1600432567585007E-01 a       175     0     9     1    15
  3.7092472599391212E-02 a       176     0     9     1    16
  1.3547821073792701E-02 a       177     0     9     1    17
  5.0227754565883165E-01 a       178     0     9     1    18
  3.9229474133635794E-01 a       179     0     9     1    19
 -2.8466299709479108E-02 a       180     0     9     1    20
  1.1024547048808978E-01 a       181     0    10     1     1
  9.5835174619032945E-02 a       182     0    10     1     2
 -5.9701096213725519E-02 a       183     0    10     1     3
  1.1035783130343743E-02 a       184     0    10     1     4
  1.6960130983419447E-02 a       185     0    10     1     5
 -4.7537134940110137E-02 a       186     0    10     1     6
  6.4760018383479848E-02 a       187     0    10     1     7
 -6.9966217834054822E-02 a       188     0    10     1     8
  2.2090135201596479E-02 a       189     0    10     1     9
  5.9828363920917026E-02 a       190     0    10     1    10
 -7.9688151904121721E-02 a       191     0    10     1    11
 -1.5191511302030558E-01 a       192     0    10     1    12
  7.4092054276636482E-02 a       193     0    10     1    13
 -3.1329258850137272E-03 a       194     0    10     1    14
 -7.3156104470261801E-02 a       195     0    10     1    15
 -4.3615063508307223E-03 a       196     0    10     1    16
 -2.0912239477824271E-01 a       197     0    10     1    17
 -7.4963532887944134E-02 a       198     0    10     1    18
  1.1451907447097343E-01 a       199     0    10     1    19
  1.2876148324996373E-01 a       200     0    10     1    20
 -9.3412567151269843E-01 a       201     0    11     1     1
 -4.9776696454965061E-02 a       202     0    11     1     2
  6.2224252494500121E-01 a       203     0    11     1     3
  9.8064566010506504E-02 a       204     0    11     1     4
 -1.5602545094717854E-01 a       205     0    11     1     5
 -1.0504900419422597E-02 a       206     0    11     1     6
  1.4970237168990286E-01 a       207     0    11     1     7
 -1.0105548846108175E-01 a       208     0    11     1     8
 -7.6036119434405261E-02 a       209     0    11     1     9
  7.8926635113510779E-02 a       210     0    11     1    10
 -1.3547069195459571E-01 a       211     0    11     1    11
  1.8507579334907803E-01 a       212     0    11     1    12
 -3.0985564736601151E-01 a       213     0    11     1    13
  7.2809881240156832E-02 a       214     0    11     1    14
 -3.5234304866533595E-01 a       215     0    11     1    15
  4.1149582203884169E-03 a       216     0    11     1    16
 -6.9534627856272990E-01 a       217     0    11     1    17
 -6.0621770391774199E-01 a       218     0    11     1    18
  5.7661660292696626E-01 a       219     0    11     1    19
 -9.6087670925154200E-01 a       220     0    11     1    20
 -1.0553874468540593E-02 a       221     0    12     1     1
 -2.5859030363517299E-01 a       222     0    12     1     2
 -6.5141861793800521E-02 a       223     0    12     1     3
 -4.7219317441642948E-02 a       224     0    12     1     4
  9.5217280367001028E-02 a       225     0    12     1     5
 -1.3522020668088966E-01 a       226     0    12     1     6
 -4.0704074363451165E-02 a       227     0    12     1     7
  5.6571989344039286E-02 a       228     0    12     1     8
  1.2261393253950527E-01 a       229     0    12     1     9
  4.3250080390890608E-02 a       230     0    12     1    10
 -8.8462195386083256E-02 a       231     0    12     1    11
  4.9210414099179235E-02 a       232     0    12     1    12
  2.0968820496771079E-01 a       233     0    12     1    13
 -2.8116207778527452E-01 a       234     0    12     1    14
 -3.5963260621469545E-01 a       235     0    12     1    15
 -1.3305702406610609E-01 a       236     0    12     1    16
 -8.4632403923192975E-02 a       237     0    12     1    17
  1.7319307858157162E-01 a       238     0    12     1    18
  3.3695927864727568E-02 a       239     0    12     1    19
 -2.4385744225649877E-01 a       240     0    12     1    20
 -1.6259171991434454E-01 a       241     0    13     1     1
 -8.7647979156268291E-02 a       242     0    13     1     2
 -1.5130966714231663E-02 a       243     0    13     1     3
  2.2850718082419817E-02 a       244     0    13     1     4
  1.0980422503665736E-02 a       245     0    13     1     5
  4.3245637260109937E-02 a       246     0    13     1     6
 -1.8941612417131357E-01 a       247     0    13     1     7
  6.6682891531324923E-02 a       248     0    13     1     8
  2.2141582635079499E-02 a       249     0    13     1     9
  2.1721187019902357E-02 a       250     0    13     1    10
 -1.8074541503155492E-02 a       251     0    13     1    11
  2.2002084623956177E-02 a       252     0    13     1    12
  1.2981129960526394E-01 a       253     0    13     1    13
 -2.1648422873686690E-01 a       254     0    13     1    14
  1.2031523759340862E-02 a       255     0    13     1    15
 -1.0102170725885062E-01 a       256     0    13     1    16
  3.5616123002108757E-02 a       257     0    13     1    17
  1.6688808709769129E-01 a       258     0    13     1    18
 -4.1376462527115132E-02 a       259     0    13     1    19
 -9.1711382534671232E-02 a       260     0    13     1    20
  4.5292803238364882E-01 a       261     0    14     1     1
  2.3086668773478949E-01 a       262     0    14     1     2
 -1.5160604038946543E-01 a       263     0    14     1     3
 -1.4803322430253507E-01 a       264     0    14     1     4
  9.6999892960378808E-02 a       265     0    14     1     5
  1.2265145202020668E-01 a       266     0    14     1     6
 -1.9366194236070502E-01 a       267     0    14     1     7
 -1.3046717161903801E-01 a       268     0    14     1     8
  2.3919798059991537E-01 a       269     0    14     1     9
 -7.2604050375638052E-02 a       270     0    14     1    10
  1.6934966660460807E-01 a       271     0    14     1    11
 -1.7950321134921612E-01 a       272     0    14     1    12
  1.4123090019984941E-01 a       273     0    14     1    13
  1.4744511946017838E-01 a       274     0    14     1    14
 -4.0844632576651740E-01 a       275     0    14     1    15
 -1.3512338540757726E-01 a       276     0    14     1    16
 -3.3013876693140320E-01 a       277     0    14     1    17
  3.0180305995041300E-02 a       278     0    14     1    18
 -3.8795818145607724E-01 a       279     0    14     1    19
  6.3768610494129241E-01 a       280     0    14     1    20
  1.0630480074642394E-01 a       281     0    15     1     1
  9.4868385278245964E-04 a       282     0    15     1     2
  1.9575352477418210E-02 a       283     0    15     1     3
  5.5673670385739039E-02 a       284     0    15     1     4
 -7.0657044659781051E-02 a       285     0    15     1     5
  1.5012989899442944E-01 a       286     0    15     1     6
  1.7123303602191106E-01 a       287     0    15     1     7
  1.2554565632005665E-01 a       288     0    15     1     8
 -2.1480125072580080E-02 a       289     0    15     1     9
  6.2994059614472631E-02 a       290     0    15     1    10
  1.5727260752777034E-01 a       291     0    15     1    11
  5.8378580800649491E-03 a       292     0    15     1    12
  1.1974615492327753E-01 a       293     0    15     1    13
 -1.9300973027791138E-01 a       294     0    15     1    14
 -1.5758754849424800E-01 a       295     0    15     1    15
  1.2800690955997942E-02 a       296     0    15     1    16
 -1.8267703548493702E-02 a       297     0    15     1    17
  7.5696684787441654E-02 a       298     0    15     1    18
  1.5316010563311072E-01 a       299     0    15     1    19
 -4.4824088394866304E-02 a       300     0    15     1    20
  1.3213284300475092E-01 a       301     0    16     1     1
  4.1249873691193817E-02 a       302     0    16     1     2
  6.1966101600752742E-02 a       303     0    16     1     3
 -3.5380965566131913E-02 a       304     0    16     1     4
  1.0190547148535063E-01 a       305     0    16     1     5
 -1.0188823624781554E-01 a       306     0    16     1     6
  1.4585854716979851E-01 a       307     0    16     1     7
 -7.0147321963145409E-02 a       308     0    16     1     8
  1.0807658153990814E-02 a       309     0    16     1     9
  3.1344322869158205E-02 a       310     0    16     1    10
 -3.1390926798283460E-02 a       311     0    16     1    11
 -1.4749412017150762E-01 a       312     0    16     1    12
 -1.0727460574849844E-02 a       313     0    16     1    13
  1.9471874353793439E-02 a       314     0    16     1    14
 -6.7085418251100218E-02 a       315     0    16     1    15
  1.0991047597676021E-01 a       316     0    16     1    16
 -2.5976411796757123E-02 a       317     0    16     1    17
 -4.8564619421241892E-02 a       318     0    16     1    18
  1.4362534550661041E-01 a       319     0    16     1    19
  5.5241113761985039E-02 a       320     0    16     1    20
 -1.4464918344277092E-01 a       321     0    17     1     1
 -6.1549022446089008E-02 a       322     0    17     1     2
 -1.8773056007080374E-01 a       323     0    17     1     3
  1.3720420231122893E-01 a       324     0    17     1     4
 -9.6905572446463376E-02 a       325     0    17     1     5
 -1.5100444080237574E-01 a       326     0    17     1     6
  1.5651433824764921E-01 a       327     0    17     1     7
 -1.3429343370380856E-01 a       328     0    17     1     8
 -3.8478560378913629E-01 a       329     0    17     1     9
  3.1133101646031330E-01 a       330     0    17     1    10
  3.6103479283829849E-02 a       331     0    17     1    11
  2.1364393607272703E-01 a       332     0    17     1    12
 -2.2533924479844014E-01 a       333     0    17     1    13
  3.4419421297227853E-01 a       334     0    17     1    14
  3.6507987195150762E-02 a       335     0    17     1    15
  4.7963205400563691E-01 a       336     0    17     1    16
 -8.2305862189532036E-02 a       337     0    17     1    17
 -4.0034813880940157E-01 a       338     0    17     1    18
  1.0151752908663195E-01 a       339     0    17     1    19
 -7.1878942563432824E-01 a       340     0    17     1    20
 -4.9319695398209178E-04 a       341     0    18     1     1
 -1.0558478778320282E-01 a       342     0    18     1     2
  5.2592731209097070E-02 a       343     0    18     1     3
 -7.3803293689131827E-02 a       344     0    18     1     4
  6.8737564004740306E-02 a       345     0    18     1     5
 -1.5022270428897924E-01 a       346     0    18     1     6
 -6.6599400371972178E-02 a       347     0    18     1     7
 -2.8780992676728602E-02 a       348     0    18     1     8
  5.0440391112121966E-02 a       349     0    18     1     9
 -4.2021813320978450E-02 a       350     0    18     1    10
 -3.6737783201351765E-02 a       351     0    18     1    11
 -8.5095351277508363E-03 a       352     0    18     1    12
  6.7062097985093300E-02 a       353     0    18     1    13
 -1.1733566985603910E-01 a       354     0    18     1    14
 -1.5479106874989723E-01 a       355     0    18     1    15
 -1.8433178306379600E-02 a       356     0    18     1    16
 -6.0920468661303039E-02 a       357     0    18     1    17
  3.2788725513721903E-02 a       358     0    18     1    18
  3.0892661138018193E-03 a       359     0    18     1    19
 -4.1970363098712868E-02 a       360     0    18     1    20
 -9.9638761280185020E-02 a       361     0    19     1     1
 -6.5853066434582094E-02 a       362     0    19     1     2
 -6.4518255018321979E-02 a       363     0    19     1     3
  4.6850956524509525E-02 a       364     0    19     1     4
 -6.5054757240101291E-02 a       365     0    19     1     5
  7.7069657652428861E-02 a       366     0    19     1     6
 -1.1509973299952625E-01 a       367     0    19     1     7
  6.9876305830468763E-02 a       368     0    19     1     8
 -2.3295374364819293E-04 a       369     0    19     1     9
  1.7479321953871436E-02 a       370     0    19     1    10
 -2.0916184650722983E-02 a       371     0    19     1    11
  9.6629845118749891E-02 a       372     0    19     1    12
  1.9368550537014580E-02 a       373     0    19     1    13
 -7.5287209718835901E-02 a       374     0    19     1    14
  1.2189220856802746E-01 a       375     0    19     1    15
 -1.8508766963631151E-01 a       376     0    19     1    16
  9.8732772445147055E-02 a       377     0    19     1    17
  1.0396631691345802E-01 a       378     0    19     1    18
 -6.5177706061256779E-02 a       379     0    19     1    19
 -7.2763650513892456E-02 a       380     0    19     1    20
 -1.1550253168435523E-01 a       381     0    20     1     1
  3.3546018100054198E-02 a       382     0    20     1     2
  2.5446480916870950E-01 a       383     0    20     1     3
 -1.5022003497363468E-01 a       384     0    20     1     4
  7.8775424001887695E-02 a       385     0    20     1     5
  9.9337221525661212E-02 a       386     0    20     1     6
 -2.7935417178502636E-01 a       387     0    20     1     7
  5.6065082938287297E-02 a       388     0    20     1     8
  2.8362394834137333E-01 a       389     0    20     1     9
 -2.6958284373299507E-01 a       390     0    20     1    10
  2.0307439650571013E-01 a       391     0    20     1    11
 -4.5598629442565354E-03 a       392     0    20     1    12
  6.0670634924525915E-02 a       393     0    20     1    13
 -3.4375744079524645E-01 a       394     0    20     1    14
 -3.1292881289435776E-01 a       395     0    20     1    15
 -6.1855990409827943E-01 a       396     0    20     1    16
  1.4234088588216079E-02 a       397     0    20     1    17
  2.5147077510089144E-01 a       398     0    20     1    18
 -1.2177099026768687E-01 a       399     0    20     1    19
  1.7353514574705878E-01 a       400     0    20     1    20
 -2.1999384632969091E-02 a       401     0    21     1     1
  9.7033373547493335E-02 a       402     0    21     1     2
 -8.2014035486034129E-02 a       403     0    21     1     3
  7.3284064283591605E-02 a       404     0    21     1     4
 -8.5646429416482511E-02 a       405     0    21     1     5
  1.4082325854266808E-01 a       406     0    21     1     6
  3.4964344414480424E-02 a       407     0    21     1     7
  4.2450294570429307E-02 a       408     0    21     1     8
 -2.8324721089796560E-02 a       409     0    21     1     9
  2.5730175266071874E-02 a       410     0    21     1    10
  2.5698796819352342E-02 a       411     0    21     1    11
 -2.8340445868491339E-03 a       412     0    21     1    12
  1.1269494774553963E-03 a       413     0    21     1    13
  7.9100007759948271E-02 a       414     0    21     1    14
 -3.1495449934939695E-04 a       415     0    21     1    15
  7.9002071808516261E-02 a       416     0    21     1    16
 -4.7290764525055429E-02 a       417     0    21     1    17
  3.3448925958183731E-02 a       418     0    21     1    18
 -7.3724641150372666E-03 a       419     0    21     1    19
  2.8978862485209825E-02 a       420     0    21     1    20
  1.0632237118546793E-01 a       421     0    22     1     1
  6.2502118522086330E-03 a       422     0    22     1     2
  1.1326874899172806E-01 a       423     0    22     1     3
 -5.2071362612846957E-02 a       424     0    22     1     4
  1.0496020672179952E-01 a       425     0    22     1     5
 -1.1192618890580189E-01 a       426     0    22     1     6
  5.6159190344577267E-02 a       427     0    22     1     7
 -5.8289338406287104E-02 a       428     0    22     1     8
  1.6015438798151618E-02 a       429     0    22     1     9
 -8.5011445129555933E-03 a       430     0    22     1    10
  3.2348241215596901E-02 a       431     0    22     1    11
 -8.4967173459328388E-02 a       432     0    22     1    12
 -6.4908529943216754E-03 a       433     0    22     1    13
 -2.7970430118170818E-02 a       434     0    22     1    14
 -1.1312872214081798E-01 a       435     0    22     1    15
  1.6100006472613881E-01 a       436     0    22     1    16
 -2.1597428371457197E-02 a       437     0    22     1    17
 -7.4099116420654879E-02 a       438     0    22     1    18
  9.4236078163402820E-02 a       439     0    22     1    19
 -3.0910769413706168E-02 a       440     0    22     1    20
 -2.0888335864597538E-01 a       441     0    23     1     1
  6.9599254322378276E-02 a       442     0    23     1     2
 -4.0948177820586434E-01 a       443     0    23     1     3
  1.3365993263868370E-01 a       444     0    23     1     4
 -2.1403189451951580E-02 a       445     0    23     1     5
 -8.1462987998477357E-02 a       446     0    23     1     6
 -1.9098912067919011E-01 a       447     0    23     1     7
 -1.7004504120985680E-02 a       448     0    23     1     8
 -1.7916804413054532E-01 a       449     0    23     1     9
 -1.0522637896115868E-01 a       450     0    23     1    10
 -3.0974810590735313E-01 a       451     0    23     1    11
 -1.8181973163521706E-01 a       452     0    23     1    12
  4.5464731721889501E-02 a       453     0    23     1    13
  3.4082300536037846E-01 a       454     0    23     1    14
  1.2044130352902545E-01 a       455     0    23     1    15
  5.1259535316643545E-01 a       456     0    23     1    16
 -2.3202838143533777E-01 a       457     0    23     1    17
  4.8882569261600742E-02 a       458     0    23     1    18
  4.4581285029206240E-02 a       459     0    23     1    19
  1.3659743719771938E-01 a       460     0    23     1    20
 -4.9559981060424724E-02 a       461     0    24     1     1
 -5.5972332091894395E-02 a       462     0    24     1     2
  6.6830038638920078E-02 a       463     0    24     1     3
 -7.8005069103924018E-02 a       464     0    24     1     4
  1.4824031936185617E-02 a       465     0    24     1     5
 -1.0466082450320441E-01 a       466     0    24     1     6
 -9.0712457352472034E-02 a       467     0    24     1     7
 -4.8301120172687298E-02 a       468     0    24     1     8
  4.4995482780631507E-02 a       469     0    24     1     9
 -3.9934817682304620E-02 a       470     0    24     1    10
  4.2634809122080501E-02 a       471     0    24     1    11
  1.0215798115074244E-01 a       472     0    24     1    12
  4.7380289724357330E-02 a       473     0    24     1    13
 -5.5398171677292787E-02 a       474     0    24     1    14
  3.6067061392489837E-02 a       475     0    24     1    15
 -4.8822392813194913E-02 a       476     0    24     1    16
 -9.0732439502109255E-02 a       477     0    24     1    17
 -1.5678484339917625E-01 a       478     0    24     1    18
 -1.1271321320561360E-01 a       479     0    24     1    19
  4.0298100267828631E-02 a       480     0    24     1    20
 -6.2593591412565486E-02 a       481     0    25     1     1
 -2.5301109812793229E-03 a       482     0    25     1     2
 -8.6477286226502872E-02 a       483     0    25     1     3
  4.1630669831113257E-02 a       484     0    25     1     4
 -5.5559153437791907E-02 a       485     0    25     1     5
  7.2033609090052311E-02 a       486     0    25     1     6
 -1.5287434693737745E-02 a       487     0    25     1     7
  4.3267727076037613E-02 a       488     0    25     1     8
 -9.6010385899316427E-03 a       489     0    25     1     9
  1.3292154650315940E-02 a       490     0    25     1    10
 -5.6486796291098394E-02 a       491     0    25     1    11
  2.2327104776628266E-02 a       492     0    25     1    12
  5.9842322188844227E-03 a       493     0    25     1    13
  2.4988385448792734E-02 a       494     0    25     1    14
  8.2916674651337660E-02 a       495     0    25     1    15
 -1.1491240073103069E-01 a       496     0    25     1    16
  2.6403544521063579E-02 a       497     0    25     1    17
  9.9420704244663677E-02 a       498     0    25     1    18
 -3.6842914454967728E-02 a       499     0    25     1    19
  4.1703631979056639E-02 a       500     0    25     1    20
  1.8731022759409122E-01 a       501     0    26     1     1
 -1.9595445967890666E-02 a       502     0    26     1     2
  2.4956042737040304E-01 a       503     0    26     1     3
  3.8342260559119754E-02 a       504     0    26     1     4
  3.3065547623276743E-02 a       505     0    26     1     5
  3.3537566412337953E-02 a       506     0    26     1     6
  1.1536683342301564E-01 a       507     0    26     1     7
 -1.3246807335651892E-01 a       508     0    26     1     8
  1.0769617331164424E-02 a       509     0    26     1     9
  1.4906404292808201E-01 a       510     0    26     1    10
 -2.2009341810143929E-02 a       511     0    26     1    11
 -1.1330678295648447E-01 a       512     0    26     1    12
 -2.8127163960644071E-02 a       513     0    26     1    13
  1.6386446615158992E-03 a       514     0    26     1    14
 -1.2086370922248779E-01 a       515     0    26     1    15
 -2.0374868424231138E-01 a       516     0    26     1    16
  1.4744617306151109E-01 a       517     0    26     1    17
  8.9222646981931913E-02 a       518     0    26     1    18
  5.7618117818458756E-02 a       519     0    26     1    19
 -6.6658090603736828E-02 a       520     0    26     1    20
  3.0727107804654572E-02 a       521     0    27     1     1
  4.2636831781390896E-02 a       522     0    27     1     2
 -3.5596804197664672E-02 a       523     0    27     1     3
  4.7914994462450282E-02 a       524     0    27     1     4
  6.1120508438535547E-03 a       525     0    27     1     5
  4.9296109022962629E-02 a       526     0    27     1     6
  7.1100445124620465E-02 a       527     0    27     1     7
  1.6248536635983565E-02 a       528     0    27     1     8
 -3.5845750784404544E-02 a       529     0    27     1     9
  2.0746284342785127E-02 a       530     0    27     1    10
 -4.2994312195119705E-02 a       531     0    27     1    11
 -1.1683970738821220E-01 a       532     0    27     1    12
 -2.2779711849561745E-02 a       533     0    27     1    13
  4.5025260744272516E-02 a       534     0    27     1    14
 -7.8049482683203039E-02 a       535     0    27     1    15
  2.9388383801405005E-02 a       536     0    27     1    16
  6.9384171398444425E-02 a       537     0    27     1    17
  1.2828882700870226E-01 a       538     0    27     1    18
  1.1231152861888175E-01 a       539     0    27     1    19
 -2.3605127361244604E-02 a       540     0    27     1    20
  3.7301164874886272E-02 a       541     0    28     1     1
 -2.2405511047135607E-02 a       542     0    28     1     2
  5.8543114591218352E-02 a       543     0    28     1     3
 -2.3546947891514923E-02 a       544     0    28     1     4
  4.3046536206777147E-02 a       545     0    28     1     5
 -4.9782432966870370E-02 a       546     0    28     1     6
 -3.1744250285906168E-02 a       547     0    28     1     7
 -1.3940843170969424E-02 a       548     0    28     1     8
  5.9006099073036248E-03 a       549     0    28     1     9
 -1.0784580994766911E-02 a       550     0    28     1    10
  2.4330092245273948E-02 a       551     0    28     1    11
 -9.0380726709284147E-03 a       552     0    28     1    12
 -2.0576573524290266E-03 a       553     0    28     1    13
 -4.0605759710533450E-02 a       554     0    28     1    14
 -4.6526169664279263E-02 a       555     0    28     1    15
  4.4021026489297510E-02 a       556     0    28     1    16
  1.2465036027099001E-02 a       557     0    28     1    17
 -1.5323623469618512E-02 a       558     0    28     1    18
  3.8545142837381544E-02 a       559     0    28     1    19
 -5.4206156359889221E-02 a       560     0    28     1    20
 -3.6115053431380294E-02 a       561     0    29     1     1
 -2.1369318128770836E-02 a       562     0    29     1     2
 -1.0095547305686058E-01 a       563     0    29     1     3
 -3.3422193253915093E-03 a       564     0    29     1     4
  7.2703614987724525E-03 a       565     0    29     1     5
 -1.0119391600556939E-02 a       566     0    29     1     6
 -1.8925440973037866E-01 a       567     0    29     1     7
  4.3438428744250718E-02 a       568     0    29     1     8
  1.2083582246378524E-02 a       569     0    29     1     9
 -1.0588421432294969E-01 a       570     0    29     1    10
 -1.5224425181311486E-02 a       571     0    29     1    11
  1.1021806919982072E-01 a       572     0    29     1    12
  1.4797303608655712E-01 a       573     0    29     1    13
  1.4549630846253490E-02 a       574     0    29     1    14
  1.8709039045497367E-01 a       575     0    29     1    15
  1.5760043273202654E-01 a       576     0    29     1    16
 -2.1217120891847008E-01 a       577     0    29     1    17
 -1.6227237972468600E-01 a       578     0    29     1    18
 -1.3337625562255018E-01 a       579     0    29     1    19
  7.4157628421793312E-02 a       580     0    29     1    20
 -2.2208039826981267E-02 a       581     0    30     1     1
 -6.2795127401519208E-03 a       582     0    30     1     2
  8.8746923612677778E-03 a       583     0    30     1     3
 -2.0463230294234306E-02 a       584     0    30     1     4
 -1.5518529410627329E-02 a       585     0    30     1     5
 -1.1005093151212326E-02 a       586     0    30     1     6
 -1.9101277844805808E-02 a       587     0    30     1     7
 -1.1038968524728547E-02 a       588     0    30     1     8
  1.4521686639994402E-02 a       589     0    30     1     9
 -5.3793265423775823E-03 a       590     0    30     1    10
  2.2706338683812978E-02 a       591     0    30     1    11
  6.0631955324953767E-02 a       592     0    30     1    12
  8.6048662307551226E-03 a       593     0    30     1    13
 -3.3640140285451071E-03 a       594     0    30     1    14
  4.6180872062495756E-02 a       595     0    30     1    15
 -8.6875299082109642E-03 a       596     0    30     1    16
 -3.9657207130929649E-02 a       597     0    30     1    17
 -6.7766658751103589E-02 a       598     0    30     1    18
 -6.2095555649379026E-02 a       599     0    30     1    19
  2.5280031410496971E-02 a       600     0    30     1    20
 -1.2234677152470416E-02 a       601     0    31     1     1
  3.1183852878563886E-02 a       602     0    31     1     2
 -2.0684348091654071E-02 a       603     0    31     1     3
 -1.4758621458702693E-02 a       604     0    31     1     4
 -1.8256765560967732E-02 a       605     0    31     1     5
  4.5478464543705840E-02 a       606     0    31     1     6
 -1.0611732376191357E-01 a       607     0    31     1     7
  4.7337700234318478E-02 a       608     0    31     1     8
  5.8279461710544394E-03 a       609     0    31     1     9
  4.1840643087169269E-02 a       610     0    31     1    10
 -7.3086913606928233E-02 a       611     0    31     1    11
 -8.9533442209177999E-02 a       612     0    31     1    12
  1.7712759957375927E-02 a       613     0    31     1    13
  4.9583583907236155E-02 a       614     0    31     1    14
 -6.8033531642022971E-02 a       615     0    31     1    15
  1.6255875493746125E-01 a       616     0    31     1    16
 -1.1004455177593803E-01 a       617     0    31     1    17
  1.7299760267147007E-01 a       618     0    31     1    18
  2.9089077387013995E-02 a       619     0    31     1    19
  1.3426427189101611E-01 a       620     0    31     1    20
 -5.5136074903775596E-02 a       621     0    32     1     1
  6.7224712119937141E-03 a       622     0    32     1     2
  1.5160491475058396E-01 a       623     0    32     1     3
 -9.9990181019621691E-02 a       624     0    32     1     4
 -7.1779155817145390E-02 a       625     0    32     1     5
 -3.4913308570992681E-02 a       626     0    32     1     6
  1.6593576164421524E-02 a       627     0    32     1     7
  3.5924857299071224E-02 a       628     0    32     1     8
  3.4448197260829115E-02 a       629     0    32     1     9
 -2.6021463727558983E-02 a       630     0    32     1    10
  2.6581403912934575E-02 a       631     0    32     1    11
  2.7182957598503171E-01 a       632     0    32     1    12
 -1.3932683690171513E-01 a       633     0    32     1    13
  3.3586181087726669E-01 a       634     0    32     1    14
  3.2093845943274030E-01 a       635     0    32     1    15
  9.4229393410508969E-02 a       636     0    32     1    16
  6.3908594059232840E-02 a       637     0    32     1    17
  1.9196448766579724E-01 a       638     0    32     1    18
 -1.4911352440496414E-01 a       639     0    32     1    19
  1.6611343037532839E-01 a       640     0    32     1    20
 -3.8166814076827909E-03 a       641     0    33     1     1
  1.1637452800435976E-02 a       642     0    33     1     2
  4.9294373522647934E-02 a       643     0    33     1     3
  1.9886254442178362E-02 a       644     0    33     1     4
 -1.1157866416135269E-02 a       645     0    33     1     5
  3.4921964962938846E-02 a       646     0    33     1     6
  3.5524243920881699E-03 a       647     0    33     1     7
 -1.5579706461706175E-02 a       648     0    33     1     8
 -6.9200078360502739E-03 a       649     0    33     1     9
 -4.3024935750016688E-02 a       650     0    33     1    10
  3.7736340121512425E-02 a       651     0    33     1    11
  4.4524786726452485E-02 a       652     0    33     1    12
 -5.2131641240048689E-02 a       653     0    33     1    13
 -6.0348860446293028E-02 a       654     0    33     1    14
  9.3110401497512024E-03 a       655     0    33     1    15
  4.5326303324214464E-03 a       656     0    33     1    16
  8.0183382646534643E-02 a       657     0    33     1    17
 -1.1519880760417069E-01 a       658     0    33     1    18
 -5.0725370034114987E-02 a       659     0    33     1    19
 -9.5342791148813263E-02 a       660     0    33     1    20
  3.1776121663605900E-01 a       661     0    34     1     1
 -5.2425266646505923E-02 a       662     0    34     1     2
  7.6196435002850471E-01 a       663     0    34     1     3
 -4.0785071644626358E-01 a       664     0    34     1     4
 -5.6527037225007815E-01 a       665     0    34     1     5
 -3.1117490564405687E-01 a       666     0    34     1     6
  1.8537228535059816E-01 a       667     0    34     1     7
  7.2074399803268907E-01 a       668     0    34     1     8
  3.0320242999222754E-02 a       669     0    34     1     9
  2.3486026831634918E-01 a       670     0    34     1    10
  1.1353435654285788E+00 a       671     0    34     1    11
 -3.8753056630646315E-01 a       672     0    34     1    12
  3.3081636876513781E-01 a       673     0    34     1    13
  1.0234300612430443E+00 a       674     0    34     1    14
  1.4783659789982109E-01 a       675     0    34     1    15
 -3.8124106395360841E-01 a       676     0    34     1    16
  1.7698288401611764E-01 a       677     0    34     1    17
  1.5828003932420748E-01 a       678     0    34     1    18
 -8.5542894443268103E-01 a       679     0    34     1    19
  1.2073151858232316E+00 a       680     0    34     1    20
  3.8078642737211577E-01 a       681     0    35     1     1
  4.6445653908343390E-02 a       682     0    35     1     2
 -8.5797497889817022E-03 a       683     0    35     1     3
  5.6808669256885130E-02 a       684     0    35     1     4
 -1.5956655208012940E-01 a       685     0    35     1     5
  1.5255153326906540E-01 a       686     0    35     1     6
 -3.3829654876746364E-02 a       687     0    35     1     7
 -2.5845612549521380E-02 a       688     0    35     1     8
 -1.8734062349582060E-02 a       689     0    35     1     9
 -2.8225363755455118E-02 a       690     0    35     1    10
 -2.8349553338683199E-02 a       691     0    35     1    11
  1.5272804461217587E-01 a       692     0    35     1    12
  1.6155874794575698E-01 a       693     0    35     1    13
  3.4065305991761841E-01 a       694     0    35     1    14
  3.9809850887185266E-01 a       695     0    35     1    15
  1.9127343280819414E-01 a       696     0    35     1    16
 -1.8809940363571348E-01 a       697     0    35     1    17
  5.4979861474562908E-01 a       698     0    35     1    18
 -2.1907536976767927E-01 a       699     0    35     1    19
  1.8496585464951118E-01 a       700     0    35     1    20
 -4.0919382834625172E-02 a       701     0    36     1     1
 -1.3946217026025146E-01 a       702     0    36     1     2
  9.3124332707986875E-03 a       703     0    36     1     3
 -3.3959133458345836E-02 a       704     0    36     1     4
 -1.2502514412408487E-02 a       705     0    36     1     5
  2.6032926524337467E-02 a       706     0    36     1     6
  7.2571735668526954E-02 a       707     0    36     1     7
  1.3163044934825785E-01 a       708     0    36     1     8
  1.0722121342170749E-02 a       709     0    36     1     9
  6.2130781115156263E-02 a       710     0    36     1    10
  5.3780267222599272E-02 a       711     0    36     1    11
  1.5376581041640131E-01 a       712     0    36     1    12
  2.1610991875859134E-01 a       713     0    36     1    13
 -4.5874668615726186E-02 a       714     0    36     1    14
  1.9459086461190520E-01 a       715     0    36     1    15
  8.3018669792583363E-02 a       716     0    36     1    16
 -2.2361447917838728E-01 a       717     0    36     1    17
 -4.4138267260499166E-02 a       718     0    36     1    18
 -1.1065448306366189E-01 a       719     0    36     1    19
 -4.3305277466588812E-03 a       720     0    36     1    20
  1.3747301943181967E-01 a       721     0    37     1     1
 -1.6375040489376569E-01 a       722     0    37     1     2
  3.3458469624522216E-02 a       723     0    37     1     3
 -1.6097487426100412E-02 a       724     0    37     1     4
  2.3551627953844179E-01 a       725     0    37     1     5
 -1.3955076547096032E-01 a       726     0    37     1     6
  4.4349851472272321E-02 a       727     0    37     1     7
 -4.7661401571556523E-02 a       728     0    37     1     8
  6.3386203284062623E-02 a       729     0    37     1     9
 -1.6472025156456471E-01 a       730     0    37     1    10
  5.1899765745601470E-02 a       731     0    37     1    11
  4.5598477320068602E-02 a       732     0    37     1    12
  1.9315716277194805E-01 a       733     0    37     1    13
 -4.7906288573830037E-02 a       734     0    37     1    14
  4.6689983794059543E-03 a       735     0    37     1    15
 -1.9505733689638488E-01 a       736     0    37     1    16
 -9.3038533043714539E-02 a       737     0    37     1    17
 -5.1527080291017227E-02 a       738     0    37     1    18
 -1.1623500699783682E-01 a       739     0    37     1    19
 -9.6810701510332095E-02 a       740     0    37     1    20
  4.0136600572213327E-02 a       741     0    38     1     1
 -1.2594056170206183E-01 a       742     0    38     1     2
 -4.9043748787509618E-02 a       743     0    38     1     3
 -2.4358300199861734E-02 a       744     0    38     1     4
  1.1063186105688365E-01 a       745     0    38     1     5
  7.1319122670849264E-02 a       746     0    38     1     6
 -1.0931573793864472E-02 a       747     0    38     1     7
  2.2423407754632005E-01 a       748     0    38     1     8
  6.2749450259262998E-02 a       749     0    38     1     9
 -2.9940742599442099E-01 a       750     0    38     1    10
 -8.5748955500535295E-02 a       751     0    38     1    11
 -6.1027210955561873E-03 a       752     0    38     1    12
 -9.3255360239752824E-02 a       753     0    38     1    13
 -1.6633620996715981E-01 a       754     0    38     1    14
  9.5151166510222429E-02 a       755     0    38     1    15
  1.9993813596926735E-01 a       756     0    38     1    16
  1.2856476201115005E-01 a       757     0    38     1    17
  1.4241452581896358E-01 a       758     0    38     1    18
 -4.6239429060323772E-02 a       759     0    38     1    19
 -7.8038732321075124E-02 a       760     0    38     1    20
 -9.7932014440398535E-02 a       761     0    39     1     1
  5.3822764409538808E-02 a       762     0    39     1     2
 -2.4139734343581361E-02 a       763     0    39     1     3
 -9.2652544730784478E-02 a       764     0    39     1     4
 -1.4025301730179440E-01 a       765     0    39     1     5
 -2.8090113110602621E-01 a       766     0    39     1     6
  7.4815203730544386E-02 a       767     0    39     1     7
 -1.1732072129527185E-01 a       768     0    39     1     8
 -1.1637080261055158E-01 a       769     0    39     1     9
 -9.9848606446108865E-02 a       770     0    39     1    10
  1.8685162991159996E-02 a       771     0    39     1    11
  1.0500672465862650E-01 a       772     0    39     1    12
 -8.8613704947856919E-02 a       773     0    39     1    13
  1.4886541964776251E-01 a       774     0    39     1    14
  2.1093523968155106E-01 a       775     0    39     1    15
 -7.6598138478089481E-02 a       776     0    39     1    16
 -6.5066852510280243E-02 a       777     0    39     1    17
 -5.0225447045332272E-02 a       778     0    39     1    18
  2.5236861111349523E-01 a       779     0    39     1    19
  7.2147905706112264E-02 a       780     0    39     1    20
 -6.4474398531087629E-01 a       781     0    40     1     1
 -1.4126377626074996E-01 a       782     0    40     1     2
 -2.2692418705625980E-01 a       783     0    40     1     3
 -4.8059823207472085E-01 a       784     0    40     1     4
 -9.4870293567079500E-01 a       785     0    40     1     5
 -2.5044306577577408E-01 a       786     0    40     1     6
  2.5781901293329051E-01 a       787     0    40     1     7
  8.2714516550929415E-02 a       788     0    40     1     8
  5.2581393805502097E-01 a       789     0    40     1     9
  2.0035793139963423E-01 a       790     0    40     1    10
 -5.6377879692317467E-01 a       791     0    40     1    11
  1.1754852317190523E+00 a       792     0    40     1    12
  1.0691742875558590E+00 a       793     0    40     1    13
 -1.0020881619405511E+00 a       794     0    40     1    14
  4.0566947895554839E-01 a       795     0    40     1    15
  3.4090356154288348E-01 a       796     0    40     1    16
  1.9373827030936713E-01 a       797     0    40     1    17
 -1.2261134114861577E-01 a       798     0    40     1    18
  7.3292329913336152E-01 a       799     0    40     1    19
  2.6684692846268154E-01 a       800     0    40     1    20
 -3.5160115241652340E-01 a       801     0    41     1     1
  3.4970153413800741E-02 a       802     0    41     1     2
 -8.4062960187953478E-02 a       803     0    41     1     3
  3.6436581728130024E-02 a       804     0    41     1     4
  2.6579907359423521E-01 a       805     0    41     1     5
 -1.2332766826596657E-01 a       806     0    41     1     6
 -1.6189680514358970E-01 a       807     0    41     1     7
  1.6009573201304157E-02 a       808     0    41     1     8
 -7.7352455639674925E-02 a       809     0    41     1     9
 -4.1559014027921677E-02 a       810     0    41     1    10
 -1.8212928889868860E-01 a       811     0    41     1    11
 -3.4323497268897862E-01 a       812     0    41     1    12
 -3.1233924006983488E-01 a       813     0    41     1    13
  1.0481084872926717E-01 a       814     0    41     1    14
  2.9013583278307015E-01 a       815     0    41     1    15
 -2.4786029967175210E-01 a       816     0    41     1    16
  3.4350069967879798E-01 a       817     0    41     1    17
 -3.7681536947825284E-01 a       818     0    41     1    18
  2.2714142553761021E-01 a       819     0    41     1    19
  8.4581257219445871E-02 a       820     0    41     1    20
  7.0242088961028237E-02 a       821     0    42     1     1
  1.7354034780608485E-01 a       822     0    42     1     2
 -2.4218093043085531E-01 a       823     0    42     1     3
  1.5243806844681601E-01 a       824     0    42     1     4
 -9.7966632618833168E-04 a       825     0    42     1     5
  8.0109604407522350E-02 a       826     0    42     1     6
 -2.2187062087769849E-01 a       827     0    42     1     7
 -1.2428800945900409E-01 a       828     0    42     1     8
  1.0733275585619140E-01 a       829     0    42     1     9
 -6.6462606580713735E-02 a       830     0    42     1    10
 -1.7288060007743258E-01 a       831     0    42     1    11
 -1.3854651601577864E-01 a       832     0    42     1    12
 -1.3957170598284502E-01 a       833     0    42     1    13
 -1.0404936716942823E-01 a       834     0    42     1    14
 -5.6445896347733617E-03 a       835     0    42     1    15
 -2.3616609334281727E-01 a       836     0    42     1    16
  1.1713523404445890E-01 a       837     0    42     1    17
 -1.4669024836319644E-01 a       838     0    42     1    18
 -1.6777468161090373E-01 a       839     0    42     1    19
  3.6092960233251858E-01 a       840     0    42     1    20
  3.2808190584697992E-02 a       841     0    43     1     1
  1.5412795447193540E-04 a       842     0    43     1     2
  3.2131194456665645E-02 a       843     0    43     1     3
 -1.1562409625645143E-02 a       844     0    43     1     4
 -3.2995574181173271E-02 a       845     0    43     1     5
 -2.3810517607714386E-02 a       846     0    43     1     6
  4.3865592099654474E-02 a       847     0    43     1     7
 -3.4898583373813651E-02 a       848     0    43     1     8
  4.6059461408915498E-03 a       849     0    43     1     9
  1.2775681831511333E-02 a       850     0    43     1    10
  7.4429919273682504E-02 a       851     0    43     1    11
  3.3309068776939198E-02 a       852     0    43     1    12
 -1.7454942711271064E-02 a       853     0    43     1    13
  1.4601315645719514E-03 a       854     0    43     1    14
 -4.5961408610402391E-02 a       855     0    43     1    15
 -8.3415907959193611E-02 a       856     0    43     1    16
  2.1023958287142579E-02 a       857     0    43     1    17
 -6.7131660344689384E-02 a       858     0    43     1    18
  1.7855169280689138E-03 a       859     0    43     1    19
 -4.9860560129236293E-02 a       860     0    43     1    20
  1.3970876620105613E-01 a       861     0    44     1     1
  3.9536048539111926E-02 a       862     0    44     1     2
  8.0898105455780661E-02 a       863     0    44     1     3
  4.3454056483989728E-02 a       864     0    44     1     4
  4.2391328894286998E-02 a       865     0    44     1     5
 -6.7594002046995783E-02 a       866     0    44     1     6
  1.6295717662397000E-01 a       867     0    44     1     7
 -1.6036879034625906E-01 a       868     0    44     1     8
 -9.9883523619176504E-02 a       869     0    44     1     9
  5.2586190969678669E-02 a       870     0    44     1    10
  9.8302794204032720E-02 a       871     0    44     1    11
 -8.0991516303746541E-02 a       872     0    44     1    12
 -2.2552514406427787E-01 a       873     0    44     1    13
  1.6215021741485691E-01 a       874     0    44     1    14
  1.3152292432126289E-02 a       875     0    44     1    15
 -1.6493883362145531E-01 a       876     0    44     1    16
  3.5844159323880387E-01 a       877     0    44     1    17
 -4.2406753909884298E-01 a       878     0    44     1    18
  2.1000213149918612E-01 a       879     0    44     1    19
 -1.4548919506951508E-01 a       880     0    44     1    20
 -6.0631942233225607E-02 a       881     0    45     1     1
  3.7144571800895435E-02 a       882     0    45     1     2
 -3.1500128909415386E-02 a       883     0    45     1     3
  5.9807003983432172E-03 a       884     0    45     1     4
  8.5064953215987279E-03 a       885     0    45     1     5
  1.3966025833789765E-02 a       886     0    45     1     6
  7.6023202819604396E-02 a       887     0    45     1     7
 -1.8549637885394495E-02 a       888     0    45     1     8
 -1.0360113201933986E-02 a       889     0    45     1     9
  1.4373243711667871E-02 a       890     0    45     1    10
 -5.4436244408630451E-02 a       891     0    45     1    11
 -1.1068779344698266E-02 a       892     0    45     1    12
 -1.2654203397856894E-02 a       893     0    45     1    13
  5.0604830894857421E-02 a       894     0    45     1    14
  7.9022309032028504E-02 a       895     0    45     1    15
  6.3328143197926914E-02 a       896     0    45     1    16
 -4.7613995333098567E-03 a       897     0    45     1    17
 -4.7777737309298317E-02 a       898     0    45     1    18
 -4.3543948327640719E-02 a       899     0    45     1    19
  6.9196343191341408E-02 a       900     0    45     1    20
  3.1923365994351705E-01 a       901     0    46     1     1
 -2.9112270538724422E-01 a       902     0    46     1     2
 -8.3254260347519995E-02 a       903     0    46     1     3
  1.7841881973586471E-01 a       904     0    46     1     4
 -4.2948155993916398E-01 a       905     0    46     1     5
 -1.9127791331033600E-01 a       906     0    46     1     6
 -8.6400908712039581E-01 a       907     0    46     1     7
 -1.0774787155920754E-01 a       908     0    46     1     8
  7.1385452340912287E-02 a       909     0    46     1     9
  1.1322026220527814E-01 a       910     0    46     1    10
 -3.6623422705028097E-01 a       911     0    46     1    11
  2.9939588182945398E-01 a       912     0    46     1    12
  2.1547840938142560E-01 a       913     0    46     1    13
  2.5679460289741371E-02 a       914     0    46     1    14
  8.8898879853394985E-01 a       915     0    46     1    15
 -2.8688820518412361E-01 a       916     0    46     1    16
 -1.8817217367467903E-01 a       917     0    46     1    17
 -6.5065657806773569E-01 a       918     0    46     1    18
  7.9892499122151767E-02 a       919     0    46     1    19
  1.4194870079720587E-01 a       920     0    46     1    20
 -2.8594774980710502E-01 a       921     0    47     1     1
  2.7393029551970893E-01 a       922     0    47     1     2
  3.9286556859842073E-02 a       923     0    47     1     3
 -1.0302876815284474E-01 a       924     0    47     1     4
 -6.8761997236607780E-02 a       925     0    47     1     5
 -1.2984535560721017E-01 a       926     0    47     1     6
 -1.5635592074046864E-01 a       927     0    47     1     7
 -2.8146499030061189E-01 a       928     0    47     1     8
 -3.0933959355523743E-02 a       929     0    47     1     9
 -2.6392599614260014E-02 a       930     0    47     1    10
  4.9887826921663672E-02 a       931     0    47     1    11
  8.8812227984854525E-02 a       932     0    47     1    12
 -4.4823997436149354E-01 a       933     0    47     1    13
  4.3371300452179246E-01 a       934     0    47     1    14
  2.0647269325096670E-01 a       935     0    47     1    15
 -2.2233940492917038E-04 a       936     0    47     1    16
  1.5923073836146007E-01 a       937     0    47     1    17
 -7.8848310648092634E-01 a       938     0    47     1    18
 -2.1796885761919194E-01 a       939     0    47     1    19
  9.1265527600977531E-02 a       940     0    47     1    20
 -2.4645646665928306E-02 a       941     0    48     1     1
 -7.7042935861529709E-03 a       942     0    48     1     2
 -4.8803560019891360E-03 a       943     0    48     1     3
 -1.4924284421064343E-02 a       944     0    48     1     4
 -1.0536675488571820E-03 a       945     0    48     1     5
 -6.0002885903015772E-02 a       946     0    48     1     6
 -8.7899785410144454E-02 a       947     0    48     1     7
 -9.1890320148495415E-03 a       948     0    48     1     8
  1.4967200663861376E-02 a       949     0    48     1     9
 -3.1489441115091039E-03 a       950     0    48     1    10
  2.4255969353164469E-02 a       951     0    48     1    11
 -8.2774106072778020E-02 a       952     0    48     1    12
 -3.6648549503145174E-02 a       953     0    48     1    13
 -3.1901383139467450E-02 a       954     0    48     1    14
 -1.7946697908760587E-01 a       955     0    48     1    15
 -1.1314792279586211E-01 a       956     0    48     1    16
  7.0749229197405894E-02 a       957     0    48     1    17
  6.3932148800377814E-02 a       958     0    48     1    18
  9.9990202738082137E-02 a       959     0    48     1    19
 -1.2978394103959842E-01 a       960     0    48     1    20
 -2.8482848736517546E-02 a       961     0    49     1     1
  1.1438608783192211E-01 a       962     0    49     1     2
 -4.7616945405566579E-03 a       963     0    49     1     3
  2.4589390318352153E-02 a       964     0    49     1     4
 -1.5504805429846408E-01 a       965     0    49     1     5
  8.5360922254647559E-02 a       966     0    49     1     6
 -6.0443488665784084E-02 a       967     0    49     1     7
  4.8794563980477164E-02 a       968     0    49     1     8
 -6.7682101763209018E-02 a       969     0    49     1     9
  1.4202038454363597E-01 a       970     0    49     1    10
 -1.7700356892160953E-02 a       971     0    49     1    11
 -6.7597537403098651E-02 a       972     0    49     1    12
 -1.2206635467219631E-01 a       973     0    49     1    13
  1.2772477933567408E-02 a       974     0    49     1    14
 -5.4098709658360583E-02 a       975     0    49     1    15
  3.4370469223498602E-02 a       976     0    49     1    16
  1.0968924643056387E-01 a       977     0    49     1    17
  7.0131125200647543E-02 a       978     0    49     1    18
  1.9647526028720003E-01 a       979     0    49     1    19
  3.2441126918570130E-02 a       980     0    49     1    20
  3.8205119534907968E-02 a       981     0    50     1     1
  5.3054727475925455E-02 a       982     0    50     1     2
 -1.4995637262768953E-02 a       983     0    50     1     3
  4.0570656030231945E-02 a       984     0    50     1     4
 -1.0470735231926306E-01 a       985     0    50     1     5
  9.5616476547177275E-03 a       986     0    50     1     6
 -5.0309826001007155E-02 a       987     0    50     1     7
 -8.5606435599028946E-02 a       988     0    50     1     8
 -5.2658682247305910E-02 a       989     0    50     1     9
  1.3416398065446777E-01 a       990     0    50     1    10
  6.3039457787231745E-02 a       991     0    50     1    11
  2.4750815172540488E-02 a       992     0    50     1    12
  4.7791642895248315E-02 a       993     0    50     1    13
  1.0073263608918383E-01 a       994     0    50     1    14
 -1.2352574611285683E-01 a       995     0    50     1    15
 -1.1902428136707534E-01 a       996     0    50     1    16
 -1.2575066660286896E-01 a       997     0    50     1    17
 -4.8658881979982631E-02 a       998     0    50     1    18
  1.7005348672898980E-02 a       999     0    50     1    19
  3.3899706832884201E-02 a      1000     0    50     1    20
  3.6177786090252621E-02 a      1001     0    51     1     1
  1.3028321713720772E-02 a      1002     0    51     1     2
 -3.3960319665405886E-02 a      1003     0    51     1     3
  1.4219233007234908E-01 a      1004     0    51     1     4
  3.5976439382940463E-02 a      1005     0    51     1     5
  2.7093179432905790E-01 a      1006     0    51     1     6
  1.5762201351482680E-01 a      1007     0    51     1     7
 -5.1972324174603757E-03 a      1008     0    51     1     8
  2.2369367227641292E-02 a      1009     0    51     1     9
  1.2902950334169735E-01 a      1010     0    51     1    10
  3.8717786936492624E-02 a      1011     0    51     1    11
  1.4302363095145982E-02 a      1012     0    51     1    12
 -3.0100428546023919E-02 a      1013     0    51     1    13
 -7.8924249164842065E-03 a      1014     0    51     1    14
 -9.8197003970484392E-02 a      1015     0    51     1    15
  5.1456221262632849E-02 a      1016     0    51     1    16
  1.6341019708203630E-01 a      1017     0    51     1    17
 -8.0131126205237324E-02 a      1018     0    51     1    18
 -3.3536753842086386E-01 a      1019     0    51     1    19
 -1.0985456641573894E-01 a      1020     0    51     1    20
  4.7547949029726777E-01 a      1021     0    52     1     1
 -6.4235878535829982E-01 a      1022     0    52     1     2
 -4.1539251665425707E-02 a      1023     0    52     1     3
  3.7711663743308638E-01 a      1024     0    52     1     4
  6.8878779373645060E-01 a      1025     0    52     1     5
  1.4596235249017378E-01 a      1026     0    52     1     6
  6.2106791489901277E-03 a      1027     0    52     1     7
  5.9897264268162764E-01 a      1028     0    52     1     8
 -3.0540228990998020E-01 a      1029     0    52     1     9
 -2.2853383887873183E-01 a      1030     0    52     1    10
 -2.8497265237044928E-01 a      1031     0    52     1    11
 -7.7835745216276631E-01 a      1032     0    52     1    12
 -1.0189906880483393E+00 a      1033     0    52     1    13
  4.9607349044333705E-02 a      1034     0    52     1    14
  4.7413275217618656E-01 a      1035     0    52     1    15
  1.2313522408043681E-01 a      1036     0    52     1    16
  6.3869946693923063E-01 a      1037     0    52     1    17
  6.5076145753485359E-01 a      1038     0    52     1    18
 -2.1182337721220557E-01 a      1039     0    52     1    19
 -2.1356331708094362E-01 a      1040     0    52     1    20
  1.8861179848536908E-01 a      1041     0    53     1     1
 -1.5807389917129183E-02 a      1042     0    53     1     2
  6.4744426056707272E-02 a      1043     0    53     1     3
 -2.2869623066030444E-02 a      1044     0    53     1     4
 -6.3805624090497823E-02 a      1045     0    53     1     5
  7.1441196840884916E-02 a      1046     0    53     1     6
  3.3275073673460213E-02 a      1047     0    53     1     7
  1.0532709698041952E-02 a      1048     0    53     1     8
  3.6973637649566383E-02 a      1049     0    53     1     9
 -1.0451636175906834E-02 a      1050     0    53     1    10
  5.9513663155835443E-02 a      1051     0    53     1    11
  1.3994695776039684E-01 a      1052     0    53     1    12
  1.5712960596870157E-01 a      1053     0    53     1    13
 -6.4298824065721835E-02 a      1054     0    53     1    14
 -8.1379031694272991E-02 a      1055     0    53     1    15
  9.1352076460508691E-02 a      1056     0    53     1    16
 -1.3699992299652405E-01 a      1057     0    53     1    17
  2.4526308776113193E-01 a      1058     0    53     1    18
 -5.1016822881181624E-02 a      1059     0    53     1    19
 -1.8760468237475621E-02 a      1060     0    53     1    20
 -2.1698438761733357E-02 a      1061     0    54     1     1
 -7.4474108063511540E-02 a      1062     0    54     1     2
  1.8010027145147411E-01 a      1063     0    54     1     3
 -1.2054806602961736E-01 a      1064     0    54     1     4
 -2.8392083902525842E-05 a      1065     0    54     1     5
 -4.6497315882561147E-02 a      1066     0    54     1     6
  1.3195711980162389E-01 a      1067     0    54     1     7
  6.4562770197752681E-02 a      1068     0    54     1     8
 -7.6586306203417012E-02 a      1069     0    54     1     9
  3.1623064019096307E-02 a      1070     0    54     1    10
  9.2644451669901678E-02 a      1071     0    54     1    11
 -5.8880588293436656E-03 a      1072     0    54     1    12
  1.0155833624912441E-03 a      1073     0    54     1    13
  1.2961385426930289E-01 a      1074     0    54     1    14
 -1.5537132768151246E-01 a      1075     0    54     1    15
  1.9645886198342027E-01 a      1076     0    54     1    16
 -1.7929774981025499E-02 a      1077     0    54     1    17
  2.3205917248721117E-01 a      1078     0    54     1    18
  2.1837838060329748E-01 a      1079     0    54     1    19
 -2.7189806419382390E-01 a      1080     0    54     1    20
 -8.2252300129372780E-01 b      1081     1     1
 -4.4729543298891250E-01 b      1082     1     2
  4.6334327419566379E-01 b      1083     1     3
 -3.1083940200855131E-01 b      1084     1     4
 -9.8908159072599611E-01 b      1085     1     5
 -1.4087024325525719E+00 b      1086     1     6
  9.9902692379220659E-01 b      1087     1     7
 -5.5249312014302376E-01 b      1088     1     8
  2.3019450569770381E-01 b      1089     1     9
  1.1468662086496939E+00 b      1090     1    10
 -2.1288477460247404E-01 b      1091     1    11
 -4.5585055381465689E-01 b      1092     1    12
 -1.4470432659519653E-01 b      1093     1    13
  3.9421017640601497E-01 b      1094     1    14
  7.8665108567970754E-01 b      1095     1    15
 -1.0504457102607498E+00 b      1096     1    16
  3.3891317824505933E-02 b      1097     1    17
  1.4691013198420326E+00 b      1098     1    18
  7.5448045716756607E-01 b      1099     1    19
  8.9447575954667380E-01 b      1100     1    20
 -1.9132712145286701E-01 a      1101     1     1     2     1
 -4.1581821399105630E-03 a      1102     1     1     2     2
  5.0533593197171078E-01 a      1103     1     1     2     3
 -1.0262754694969205E-01 a      1104     1     1     2     4
  7.3916599320650711E-01 a      1105     1     1     2     5
 -2.6273353810080249E-02 a      1106     1     1     2     6
  8.8130723496325253E-02 a      1107     1     1     2     7
  2.5361702381769026E-03 a      1108     1     1     2     8
  7.2682704030545919E-01 a      1109     1     1     2     9
 -5.3722093345523003E-01 a      1110     1     1     2    10
 -5.3875410471361451E-01 a      1111     1     1     2    11
  9.6488759788099357E-02 a      1112     1     1     2    12
 -1.1598945769756074E-01 a      1113     1     1     2    13
  1.6801620965277772E-01 a      1114     1     1     2    14
  3.0027132530290596E-01 a      1115     1     1     2    15
  5.7996258895267917E-02 a      1116     1     1     2    16
 -7.0751648098470821E-01 a      1117     1     1     2    17
 -6.0538046523232114E-01 a      1118     1     1     2    18
 -2.5525181971917010E-02 a      1119     1     1     2    19
  6.8477822832505131E-01 a      1120     1     1     2    20
 -3.9161645266340600E-01 a      1121     1     2     2     1
 -6.8623957062126451E-01 a      1122     1     2     2     2
  4.8828347144610829E-01 a      1123     1     2     2     3
  3.3964609237582977E-01 a      1124     1     2     2     4
  2.2903762524037238E-02 a      1125     1     2     2     5
  3.0890027207962012E-01 a      1126     1     2     2     6
 -5.4213780371744735E-01 a      1127     1     2     2     7
 -3.4086964914612322E-01 a      1128     1     2     2     8
 -5.2484559614741533E-01 a      1129     1     2     2     9
 -1.9180999958541761E-01 a      1130     1     2     2    10
  8.0814766108409861E-02 a      1131     1     2     2    11
  8.0188438898319603E-01 a      1132     1     2     2    12
 -1.2391502508744690E-01 a      1133     1     2     2    13
 -6.3419328314808687E-01 a      1134     1     2     2    14
 -5.2810773981043158E-01 a      1135     1     2     2    15
  1.6259247341718108E-01 a      1136     1     2     2    16
  1.9393128002790055E-01 a      1137     1     2     2    17
 -5.6519818245508657E-01 a      1138     1     2     2    18
 -3.6574237584390223E-01 a      1139     1     2     2    19
  2.7497307329265597E-01 a      1140     1     2     2    20
 -2.3994156609616915E-01 a      1141     1     3     2     1
 -5.5847807549816497E-01 a      1142     1     3     2     2
 -1.7778323857013029E-01 a      1143     1     3     2     3
 -3.9632629837162586E-01 a      1144     1     3     2     4
 -3.7708201766950067E-01 a      1145     1     3     2     5
 -3.0364130543914128E-03 a      1146     1     3     2     6
 -2.0830511115883099E-01 a      1147     1     3     2     7
 -3.2093579263656052E-01 a      1148     1     3     2     8
  5.6589811532131704E-02 a      1149     1     3     2     9
 -6.5882219614146476E-01 a      1150     1     3     2    10
  3.9256197124552095E-01 a      1151     1     3     2    11
  1.3853874484476258E-01 a      1152     1     3     2    12
 -1.0559282654685666E-01 a      1153     1     3     2    13
  2.8989813165415140E-01 a      1154     1     3     2    14
 -4.3046610626370446E-01 a      1155     1     3     2    15
  4.1906630621727052E-02 a      1156     1     3     2    16
  1.0066061973774396E+00 a      1157     1     3     2    17
 -3.7144690774928091E-01 a      1158     1     3     2    18
 -6.7217359547278666E-01 a      1159     1     3     2    19
 -1.7997867302300369E-01 a      1160     1     3     2    20
  3.7194185193638374E-01 a      1161     1     4     2     1
  6.1537389192989844E-01 a      1162     1     4     2     2
 -3.4800134770314045E-02 a      1163     1     4     2     3
 -2.3312235412666979E-01 a      1164     1     4     2     4
  1.3716561062973301E-01 a      1165     1     4     2     5
  5.4672832971118301E-01 a      1166     1     4     2     6
  5.8897326677176589E-03 a      1167     1     4     2     7
  2.5623398565361372E-01 a      1168     1     4     2     8
 -5.4960919429205835E-01 a      1169     1     4     2     9
 -5.7482166220151354E-01 a      1170     1     4     2    10
  6.4538102180569323E-01 a      1171     1     4     2    11
 -6.3012565912054383E-02 a      1172     1     4     2    12
 -2.2350307105080061E-01 a      1173     1     4     2    13
 -7.4022309014609333E-01 a      1174     1     4     2    14
 -4.8775501081314609E-01 a      1175     1     4     2    15
 -4.7118791485769307E-01 a      1176     1     4     2    16
  5.0903379002117374E-02 a      1177     1     4     2    17
 -7.1285497525458807E-01 a      1178     1     4     2    18
 -1.0190186574262709E-01 a      1179     1     4     2    19
 -3.5764295817291042E-01 a      1180     1     4     2    20
  1.9120345913053849E-01 a      1181     1     5     2     1
 -4.0920294956550703E-02 a      1182     1     5     2     2
 -1.1739811260035699E-01 a      1183     1     5     2     3
 -9.9499367709229819E-02 a      1184     1     5     2     4
 -2.7880690507272676E-01 a      1185     1     5     2     5
  4.4674387886547268E-01 a      1186     1     5     2     6
 -8.4985156370071402E-01 a      1187     1     5     2     7
  5.2106027335928840E-01 a      1188     1     5     2     8
  5.4026311303426122E-01 a      1189     1     5     2     9
  2.6215819703425014E-01 a      1190     1     5     2    10
  8.9970972311782402E-02 a      1191     1     5     2    11
 -8.1144299365193018E-01 a      1192     1     5     2    12
 -7.8809317412834823E-01 a      1193     1     5     2    13
 -6.1050376979815990E-01 a      1194     1     5     2    14
  4.6754890707760577E-01 a      1195     1     5     2    15
 -7.4611035887448129E-01 a      1196     1     5     2    16
 -1.5110645105329054E-01 a      1197     1     5     2    17
 -1.6790110039005654E-01 a      1198     1     5     2    18
 -3.9989495253787649E-01 a      1199     1     5     2    19
  3.1617191028421598E-01 a      1200     1     5     2    20
 -2.6718638689114071E-01 a      1201     1     6     2     1
  9.0494386921470740E-03 a      1202     1     6     2     2
 -4.3874935882244476E-01 a      1203     1     6     2     3
 -1.1862792256954456E-01 a      1204     1     6     2     4
 -1.9862652877296347E-01 a      1205     1     6     2     5
 -2.1776442986482897E-01 a      1206     1     6     2     6
 -4.0733559959148574E-01 a      1207     1     6     2     7
 -4.7151563664222362E-01 a      1208     1     6     2     8
  6.0100263565649326E-01 a      1209     1     6     2     9
  1.8770394122987848E-02 a      1210     1     6     2    10
 -5.2244243484036945E-02 a      1211     1     6     2    11
  7.2675670268267079E-01 a      1212     1     6     2    12
 -6.4003399348385070E-01 a      1213     1     6     2    13
  2.4680719090710981E-01 a      1214     1     6     2    14
  1.0162772283680915E-01 a      1215     1     6     2    15
  8.2619939157224787E-01 a      1216     1     6     2    16
 -4.6335373655103385E-01 a      1217     1     6     2    17
  1.4181650994428582E-01 a      1218     1     6     2    18
  3.5398381039690729E-01 a      1219     1     6     2    19
 -4.4997514608530997E-01 a      1220     1     6     2    20
  5.8933476887100888E-01 a      1221     1     7     2     1
 -1.4610890768002918E-01 a      1222     1     7     2     2
  2.0054454687051765E-01 a      1223     1     7     2     3
 -6.6167172786337797E-02 a      1224     1     7     2     4
 -1.4537845449031150E-01 a      1225     1     7     2     5
 -3.1465289337565816E-01 a      1226     1     7     2     6
 -1.4716039117156134E+00 a      1227     1     7     2     7
 -2.9941235008581091E-01 a      1228     1     7     2     8
 -1.3057034809098020E-01 a      1229     1     7     2     9
  5.5794668144939841E-01 a      1230     1     7     2    10
  5.4183224882396963E-01 a      1231     1     7     2    11
 -1.0098379572464103E-01 a      1232     1     7     2    12
 -5.7193762274890550E-02 a      1233     1     7     2    13
  4.7361840523586690E-01 a      1234     1     7     2    14
  3.0346994516613307E-01 a      1235     1     7     2    15
 -4.2345754232669388E-03 a      1236     1     7     2    16
  7.0705883192637642E-01 a      1237     1     7     2    17
 -2.4724791698811012E-02 a      1238     1     7     2    18
 -2.2897252921488881E-01 a      1239     1     7     2    19
  6.1771511604614332E-02 a      1240     1     7     2    20
  1.3105508336135607E-01 a      1241     1     8     2     1
  1.8285048867111958E-01 a      1242     1     8     2     2
 -3.5855858028866427E-01 a      1243     1     8     2     3
 -4.1861949845867774E-01 a      1244     1     8     2     4
  3.1343973279801124E-01 a      1245     1     8     2     5
 -4.2936283667189057E-01 a      1246     1     8     2     6
 -2.7084733938347128E-01 a      1247     1     8     2     7
  9.4205220365997364E-02 a      1248     1     8     2     8
 -4.0996743045565204E-01 a      1249     1     8     2     9
 -6.4916733119436076E-01 a      1250     1     8     2    10
  4.6196078774307564E-01 a      1251     1     8     2    11
  2.5574467964742831E-01 a      1252     1     8     2    12
  2.4209956850134651E-01 a      1253     1     8     2    13
  8.9691600209969180E-01 a      1254     1     8     2    14
 -3.2388027129688080E-01 a      1255     1     8     2    15
 -2.1559497163233302E-01 a      1256     1     8     2    16
 -2.0501386969025487E-01 a      1257     1     8     2    17
 -2.6779335393714868E-02 a      1258     1     8     2    18
 -1.7573918344726808E-01 a      1259     1     8     2    19
  2.3183909917572923E-01 a      1260     1     8     2    20
  7.8183494010614918E-01 a      1261     1     9     2     1
  4.3027986782593675E-01 a      1262     1     9     2     2
  3.6051010114942011E-01 a      1263     1     9     2     3
  3.4821990967395861E-01 a      1264     1     9     2     4
  5.0398131125226031E-01 a      1265     1     9     2     5
  5.7398694976709394E-02 a      1266     1     9     2     6
  1.1039856858250794E+00 a      1267     1     9     2     7
  2.9590656349240302E-01 a      1268     1     9     2     8
 -2.8235695441416059E-01 a      1269     1     9     2     9
  6.9173736081336257E-01 a      1270     1     9     2    10
 -2.0774412573513798E-02 a      1271     1     9     2    11
  2.0583224997631658E-01 a      1272     1     9     2    12
 -6.4010640209439834E-02 a      1273     1     9     2    13
 -4.1303629702013199E-02 a      1274     1     9     2    14
  6.7564648113230086E-01 a      1275     1     9     2    15
 -2.5296850850786142E-02 a      1276     1     9     2    16
 -5.3445600952707906E-01 a      1277     1     9     2    17
  7.6725170577656696E-02 a      1278     1     9     2    18
 -1.2049291135315554E+00 a      1279     1     9     2    19
  6.4342828197875523E-01 a      1280     1     9     2    20
 -1.5569159657262882E-01 a      1281     1    10     2     1
  1.8663009055222821E-01 a      1282     1    10     2     2
 -3.6389156060707561E-01 a      1283     1    10     2     3
 -4.4431783127033248E-01 a      1284     1    10     2     4
 -1.3441246783741087E-01 a      1285     1    10     2     5
  3.4981444790545052E-01 a      1286     1    10     2     6
  6.7174528357750141E-01 a      1287     1    10     2     7
  1.9109238847028273E-01 a      1288     1    10     2     8
 -2.1303304996346276E-01 a      1289     1    10     2     9
  7.0883510062726029E-01 a      1290     1    10     2    10
  1.4531674101273087E-02 a      1291     1    10     2    11
  4.1065494144189996E-01 a      1292     1    10     2    12
 -1.8312354990197482E-01 a      1293     1    10     2    13
 -2.8749476381413831E-03 a      1294     1    10     2    14
 -3.1786707986756896E-01 a      1295     1    10     2    15
  2.8366708286388251E-02 a      1296     1    10     2    16
  1.5266885996687582E-01 a      1297     1    10     2    17
  7.2563979572628334E-02 a      1298     1    10     2    18
  6.1136897828893388E-01 a      1299     1    10     2    19
 -4.5558527824786738E-01 a      1300     1    10     2    20
 -2.0000573312158623E-04 a      1301     1    11     2     1
  4.9911333314797329E-01 a      1302     1    11     2     2
 -4.8570017124415116E-01 a      1303     1    11     2     3
  9.1667445687497337E-02 a      1304     1    11     2     4
 -4.0966471011641314E-01 a      1305     1    11     2     5
  4.2594331062605695E-01 a      1306     1    11     2     6
  2.6015864144384238E-01 a      1307     1    11     2     7
  6.5263618850905347E-01 a      1308     1    11     2     8
 -3.2715375419259718E-01 a      1309     1    11     2     9
 -1.4061956927977573E-01 a      1310     1    11     2    10
 -3.1447156106223323E-01 a      1311     1    11     2    11
 -2.7464105579014719E-01 a      1312     1    11     2    12
  5.8090759189177610E-01 a      1313     1    11     2    13
  1.0009461736219273E-01 a      1314     1    11     2    14
 -4.4381111789690669E-01 a      1315     1    11     2    15
 -4.3758623082131043E-01 a      1316     1    11     2    16
 -3.9031305871623867E-01 a      1317     1    11     2    17
  4.1698059812913119E-01 a      1318     1    11     2    18
 -3.7306270295510308E-01 a      1319     1    11     2    19
 -5.6469783842195531E-01 a      1320     1    11     2    20
  3.1393376065446699E-01 a      1321     1    12     2     1
  6.6780117715741483E-01 a      1322     1    12     2     2
 -4.0005223939197304E-01 a      1323     1    12     2     3
 -3.4068912594213063E-01 a      1324     1    12     2     4
  3.2177591475866651E-01 a      1325     1    12     2     5
 -2.3515592467078911E-01 a      1326     1    12     2     6
  5.6367330911289792E-01 a      1327     1    12     2     7
  1.5994791209534617E-01 a      1328     1    12     2     8
 -1.1335184640615253E-01 a      1329     1    12     2     9
  5.9638202548966368E-01 a      1330     1    12     2    10
  4.4877871872667835E-01 a      1331     1    12     2    11
  4.6107360885413234E-01 a      1332     1    12     2    12
 -5.4930596466979575E-01 a      1333     1    12     2    13
 -3.8263577846408298E-01 a      1334     1    12     2    14
  1.9466797162385449E-01 a      1335     1    12     2    15
  3.3944525313857143E-01 a      1336     1    12     2    16
  8.0937051158189166E-03 a      1337     1    12     2    17
 -9.3336306225210741E-01 a      1338     1    12     2    18
  4.7869113685057263E-01 a      1339     1    12     2    19
  2.2891683342185065E-01 a      1340     1    12     2    20
  5.4174634141914513E-01 a      1341     1    13     2     1
  4.2347951459258593E-01 a      1342     1    13     2     2
 -5.3131366810783287E-01 a      1343     1    13     2     3
  3.5416492831972257E-01 a      1344     1    13     2     4
  2.0608894676328299E-01 a      1345     1    13     2     5
 -7.1045609260145998E-02 a      1346     1    13     2     6
 -6.4916776122997688E-01 a      1347     1    13     2     7
 -2.2717478744868005E-01 a      1348     1    13     2     8
 -3.6308513573506845E-01 a      1349     1    13     2     9
  1.2444329310501309E-01 a      1350     1    13     2    10
 -1.0138210682104558E-01 a      1351     1    13     2    11
  2.1517035617945945E-01 a      1352     1    13     2    12
  1.8241052512599212E-01 a      1353     1    13     2    13
  9.9375340582459404E-01 a      1354     1    13     2    14
  2.3161362002117444E-01 a      1355     1    13     2    15
  5.7226823766074320E-01 a      1356     1    13     2    16
 -7.6406781812726277E-01 a      1357     1    13     2    17
  1.0640051371003176E+00 a      1358     1    13     2    18
 -3.5228584733731493E-02 a      1359     1    13     2    19
 -1.6031064846588765E-02 a      1360     1    13     2    20
  1.9561088828117001E-01 a      1361     1    14     2     1
  1.0311904860757000E+00 a      1362     1    14     2     2
 -4.7661579395491949E-01 a      1363     1    14     2     3
  3.4932958456311575E-01 a      1364     1    14     2     4
  3.7528630547130626E-01 a      1365     1    14     2     5
 -1.7487557619934280E-01 a      1366     1    14     2     6
  3.5601101707123084E-01 a      1367     1    14     2     7
  1.9814206805782131E-01 a      1368     1    14     2     8
 -4.6054104306354465E-01 a      1369     1    14     2     9
  7.8983481922978799E-02 a      1370     1    14     2    10
  2.7530658642427575E-01 a      1371     1    14     2    11
 -3.3078217456454319E-02 a      1372     1    14     2    12
  6.8485214680012785E-02 a      1373     1    14     2    13
  5.8729026705889775E-01 a      1374     1    14     2    14
  8.3590767223304818E-01 a      1375     1    14     2    15
  4.3415212653184915E-01 a      1376     1    14     2    16
 -1.5724504757968477E-01 a      1377     1    14     2    17
  7.7833981967460275E-01 a      1378     1    14     2    18
 -6.8993004047345441E-01 a      1379     1    14     2    19
  3.0854480066641327E-01 a      1380     1    14     2    20
 -8.8640830896414100E-02 a      1381     1    15     2     1
 -9.5175781513647847E-02 a      1382     1    15     2     2
 -3.5178173433687604E-01 a      1383     1    15     2     3
 -2.9564170996093353E-01 a      1384     1    15     2     4
  5.5807577021066854E-02 a      1385     1    15     2     5
 -2.0734330428478737E-02 a      1386     1    15     2     6
  6.6161038419282758E-01 a      1387     1    15     2     7
 -3.3009767255786568E-02 a      1388     1    15     2     8
  5.6744287594378140E-01 a      1389     1    15     2     9
 -4.3170754964304192E-01 a      1390     1    15     2    10
 -2.4107210959997377E-01 a      1391     1    15     2    11
 -3.7977694739632167E-01 a      1392     1    15     2    12
  3.7362102668638886E-01 a      1393     1    15     2    13
  7.9194211601460796E-01 a      1394     1    15     2    14
  3.0567731155487782E-01 a      1395     1    15     2    15
  6.4530675606229848E-01 a      1396     1    15     2    16
 -8.2030140000082430E-01 a      1397     1    15     2    17
 -3.5020290138561017E-01 a      1398     1    15     2    18
 -1.6828137618430100E-01 a      1399     1    15     2    19
 -1.3179958998940008E-01 a      1400     1    15     2    20
  2.0290355824213180E-01 a      1401     1    16     2     1
 -1.5332819823289251E-01 a      1402     1    16     2     2
  5.7492137056031822E-01 a      1403     1    16     2     3
 -1.4553305886294410E-01 a      1404     1    16     2     4
 -6.2856647822987044E-01 a      1405     1    16     2     5
  2.8220975482120647E-01 a      1406     1    16     2     6
 -1.6181207405202475E-02 a      1407     1    16     2     7
 -1.2684691864568939E-01 a      1408     1    16     2     8
 -1.0228447908786964E+00 a      1409     1    16     2     9
  5.2307761338161218E-01 a      1410     1    16     2    10
 -6.2982934817509295E-01 a      1411     1    16     2    11
  7.0832649880506948E-01 a      1412     1    16     2    12
  1.3038679987118632E-01 a      1413     1    16     2    13
  2.5588711061384989E-01 a      1414     1    16     2    14
 -5.7753313009267271E-01 a      1415     1    16     2    15
 -3.0054161256209977E-01 a      1416     1    16     2    16
  2.3369936693354965E-01 a      1417     1    16     2    17
 -1.4673594392037326E-01 a      1418     1    16     2    18
  4.4242021614508914E-01 a      1419     1    16     2    19
 -2.6959877236448687E-01 a      1420     1    16     2    20
  2.9116909171560895E-01 a      1421     1    17     2     1
  1.7901133119632898E-01 a      1422     1    17     2     2
 -6.2758090926277821E-02 a      1423     1    17     2     3
  3.9251663310132284E-01 a      1424     1    17     2     4
  2.0995595878520959E-01 a      1425     1    17     2     5
  3.0926859795808104E-01 a      1426     1    17     2     6
  4.7675145865937369E-04 a      1427     1    17     2     7
  4.3782317787340480E-01 a      1428     1    17     2     8
 -6.3816514513128830E-01 a      1429     1    17     2     9
 -5.6785549090030085E-02 a      1430     1    17     2    10
 -2.8898295710254690E-01 a      1431     1    17     2    11
  2.0064956255612995E-01 a      1432     1    17     2    12
 -4.0347313708687160E-02 a      1433     1    17     2    13
  5.9668788493486002E-01 a      1434     1    17     2    14
 -1.0940468706619134E-01 a      1435     1    17     2    15
 -4.1530252806130249E-02 a      1436     1    17     2    16
  3.4344338811444008E-01 a      1437     1    17     2    17
  7.5167265665020100E-01 a      1438     1    17     2    18
 -1.9854232827668022E-01 a      1439     1    17     2    19
 -3.5881241791162651E-02 a      1440     1    17     2    20
  8.8294521079738697E-01 a      1441     1    18     2     1
 -9.4476417365030291E-02 a      1442     1    18     2     2
  3.7718445531600925E-01 a      1443     1    18     2     3
 -3.7668410318710620E-02 a      1444     1    18     2     4
  1.4021552951094907E-01 a      1445     1    18     2     5
  5.7152048955341550E-01 a      1446     1    18     2     6
  9.0935781225471662E-02 a      1447     1    18     2     7
 -2.8243492178133139E-01 a      1448     1    18     2     8
 -1.8534477059064294E-01 a      1449     1    18     2     9
 -1.9529529785898941E-01 a      1450     1    18     2    10
 -4.2997126977439110E-01 a      1451     1    18     2    11
  2.0331603179925217E-01 a      1452     1    18     2    12
  3.4596251936375383E-01 a      1453     1    18     2    13
 -3.1855970470691097E-01 a      1454     1    18     2    14
  9.3107996287260922E-02 a      1455     1    18     2    15
 -4.6331648710865991E-01 a      1456     1    18     2    16
 -4.8132052219721844E-01 a      1457     1    18     2    17
  2.4245697994912147E-01 a      1458     1    18     2    18
  4.7599475604282332E-01 a      1459     1    18     2    19
 -3.9628555793754033E-01 a      1460     1    18     2    20
  4.0004348848310378E-01 a      1461     1    19     2     1
  4.9090178457875083E-02 a      1462     1    19     2     2
 -1.7447174128540840E-01 a      1463     1    19     2     3
 -3.1179659391490749E-01 a      1464     1    19     2     4
 -6.7508253226335613E-01 a      1465     1    19     2     5
 -7.1110342376661062E-01 a      1466     1    19     2     6
  6.8261288534413245E-01 a      1467     1    19     2     7
 -6.6515446971947922E-01 a      1468     1    19     2     8
  1.4509468947302512E-01 a      1469     1    19     2     9
  4.7997080092704941E-01 a      1470     1    19     2    10
  4.2892056118540078E-01 a      1471     1    19     2    11
  2.6644743210603833E-01 a      1472     1    19     2    12
 -3.3604000858205821E-02 a      1473     1    19     2    13
 -6.6454893230547196E-01 a      1474     1    19     2    14
 -3.1794505974703591E-01 a      1475     1    19     2    15
  2.9053000988143712E-01 a      1476     1    19     2    16
 -1.5070074447842188E-01 a      1477     1    19     2    17
 -7.1353194531461628E-01 a      1478     1    19     2    18
  6.2273396638039602E-01 a      1479     1    19     2    19
 -8.6432184769365955E-02 a      1480     1    19     2    20
  3.3362529637464899E-01 a      1481     1    20     2     1
 -4.6062698503258670E-01 a      1482     1    20     2     2
  3.4782363065453165E-01 a      1483     1    20     2     3
 -5.9669326883743150E-02 a      1484     1    20     2     4
 -4.4311628747692333E-01 a      1485     1    20     2     5
 -3.1051475472621812E-02 a      1486     1    20     2     6
 -2.2958312291552666E-01 a      1487     1    20     2     7
  9.6782356107910639E-01 a      1488     1    20     2     8
  5.0050895574995757E-01 a      1489     1    20     2     9
 -2.4150673033872766E-01 a      1490     1    20     2    10
 -3.9759638743230052E-01 a      1491     1    20     2    11
 -8.0049109247054595E-01 a      1492     1    20     2    12
 -3.5944892753792068E-01 a      1493     1    20     2    13
  3.4736563032358933E-02 a      1494     1    20     2    14
 -6.4927135104551847E-01 a      1495     1    20     2    15
 -4.6276147835135417E-01 a      1496     1    20     2    16
  1.7789236884354087E-01 a      1497     1    20     2    17
  1.1612002373793976E-02 a      1498     1    20     2    18
 -1.0333284092140134E+00 a      1499     1    20     2    19
  8.9157787284329937E-02 a      1500     1    20     2    20
 -1.7362048268881491E-01 b      1501     2     1
 -5.6122728100355268E-01 b      1502     2     2
 -4.6830206387331164E-01 b      1503     2     3
 -1.7108719943804121E-01 b      1504     2     4
 -6.1098062267741138E-01 b      1505     2     5
  5.9264852720564842E-01 b      1506     2     6
  6.8630199896102861E-01 b      1507     2     7
 -1.4124100199002574E+00 b      1508     2     8
  6.8142090082798246E-01 b      1509     2     9
  1.5863237019439680E+00 b      1510     2    10
  4.3473188085037867E-01 b      1511     2    11
  4.0386894712165167E-01 b      1512     2    12
 -1.3100499444490037E+00 b      1513     2    13
  6.1735658002886407E-01 b      1514     2    14
  1.2899671561090664E-01 b      1515     2    15
  3.4178902325817240E-01 b      1516     2    16
  1.3145271744018142E-01 b      1517     2    17
 -1.3612063165128854E+00 b      1518     2    18
  9.6360261952993653E-01 b      1519     2    19
  8.6542312713678371E-01 b      1520     2    20
 -4.3257092035738659E-01 a      1521     2     1     3     1
 -1.3335848753172871E-01 a      1522     2     2     3     1
 -5.6225201345113690E-02 a      1523     2     3     3     1
  8.0130151742171352E-01 a      1524     2     4     3     1
  6.4251434138087293E-01 a      1525     2     5     3     1
 -1.0519102358706509E+00 a      1526     2     6     3     1
 -1.0027801906401606E+00 a      1527     2     7     3     1
  4.4505053275149575E-01 a      1528     2     8     3     1
  2.5338744846514100E-01 a      1529     2     9     3     1
 -1.2945418888447733E+00 a      1530     2    10     3     1
 -9.9705570046378444E-01 a      1531     2    11     3     1
  4.7574954258096042E-01 a      1532     2    12     3     1
 -4.7293794202278810E-01 a      1533     2    13     3     1
  1.9553294543170119E-01 a      1534     2    14     3     1
  4.4952851689015660E-01 a      1535     2    15     3     1
 -3.9644732580630559E-01 a      1536     2    16     3     1
  4.7915299264344166E-02 a      1537     2    17     3     1
 -3.1366778371845133E-01 a      1538     2    18     3     1
 -4.7566732993259989E-02 a      1539     2    19     3     1
 -1.1600209170240550E+00 a      1540     2    20     3     1
 -1.0541860759091928E+00 b      1541     3     1
